0 0.7625 0.325 0.17899999999999994 0
0 1.1045 0.51 0.16500000000000004 0
0 0.47150000000000003 0.715 0.10300000000000004 0
0 0.34099999999999997 0.945 0.18 0
0 0.7185 1.03 0.16100000000000003 0
0 0.643 1.18 0.28600000000000003 0
0 1.02 0.9275 0 0.19899999999999995
0 1.185 0.8035 0 0.18700000000000006
0 0.29600000000000004 0.285 0.07600000000000001 0
0 0.7989999999999999 0.285 0.17800000000000005 0
0 0.2955 0.309 0.07700000000000001 0
0 0.7995 0.309 0.17900000000000005 0
0 0.9624999999999999 0.501 0.11699999999999988 0
0 0.9455 0.525 0.16900000000000004 0
0 0.485 0.533 0.068 0
0 0.2905 0.717 0.069 0
0 0.752 0.813 0.06800000000000006 0
0 0.8215 0.813 0.05499999999999994 0
0 0.891 0.813 0.062000000000000055 0
0 0.5545 0.821 0.07099999999999995 0
0 1.0474999999999999 0.917 0.05499999999999994 0
0 0.48550000000000004 0.925 0.061 0
0 1.048 0.941 0.05400000000000005 0
0 1.048 0.965 0.05400000000000005 0
0 0.485 0.973 0.062 0
0 0.562 1.013 0.378 0
0 1.0554999999999999 1.013 0.18499999999999994 0
0 0.696 1.021 0.06799999999999995 0
0 0.253 0.31899999999999995 0 0.055999999999999994
0 0.253 0.437 0 0.16000000000000003
0 0.253 0.7815000000000001 0 0.525
0 0.277 0.4505 0 0.327
0 0.277 0.6705 0 0.11099999999999999
0 0.277 0.77 0 0.08599999999999997
0 0.373 1.0405 0 0.09500000000000008
0 0.477 0.968 0 0.08399999999999996
0 0.501 0.968 0 0.08399999999999996
0 0.661 1.0225 0 0.06300000000000006
0 0.669 1.0835 0 0.05700000000000016
0 0.709 1.0215 0 0.061000000000000054
0 0.733 1.0215 0 0.061000000000000054
0 0.861 0.6825 0 0.050999999999999934
0 0.861 0.7565 0 0.09500000000000008
0 0.973 1.038 0 0.1200000000000001
0 0.997 1.028 0 0.10000000000000009
0 1.037 0.9665 0 0.09899999999999998
0 1.061 0.9665 0 0.09899999999999998
0 1.133 1.0625 0 0.14900000000000002
1 0.443 0.935 0.031240998703626614 0.05
1 0.689 1.0515 0.04011234224026316 0.05
3 0.485 0.50875 0.46799999999999997 0.44750000000000006
3 0.9530000000000001 0.50875 0.4680000000000001 0.44750000000000006
3 0.485 0.95625 0.46799999999999997 0.4474999999999999
3 0.9530000000000001 0.95625 0.4680000000000001 0.4474999999999999