0 0.47375 0.6545000000000001 0 0.29500000000000004
0 0.2714375 0.7815 0 0.06899999999999995
0 0.4306875 0.782 0 0.06999999999999995
0 0.51178125 0.772 0 0.09999999999999998
0 0.55121875 0.7645 0 0.10099999999999998
0 0.63175 0.7745 0 0.10699999999999998
0 0.6706875 0.7809999999999999 0 0.06799999999999995
0 0.71284375 0.7695 0 0.09699999999999998
0 0.752625 0.782 0 0.06999999999999995
0 0.233 0.8545 0 0.135
0 0.3545 0.8009999999999999 0 0.039999999999999925
0 0.3918125 0.8125 0 0.06299999999999994
0 0.211 0.827 0.064 0
0 0.4375 0.827 0.14500000000000002 0
0 0.7765 0.827 0.42899999999999994 0
0 0.694 0.907 0.6699999999999999 0
0 0.231875 0.998 0 0.10199999999999998
0 0.471875 1.0355 0 0.09700000000000009
0 0.8314375 1.009 0 0.05599999999999994
0 0.79875 1.0625 0 0.07100000000000017
0 0.86825 1.0815 0 0.10899999999999999
0 0.39225 1.0885 0 0.04300000000000015
0 0.671125 1.0615 0 0.04100000000000015
0 0.993125 1.1 0 0.06600000000000006
0 0.351375 1.162 0 0.1100000000000001
0 0.670625 1.1465 0 0.07899999999999996
0 0.9135625 1.111 0 0.06000000000000005
0 0.313 1.217 0 0.1519999999999999
0 0.513125 1.1715 0 0.04899999999999993
0 0.592 1.188 0 0.15799999999999992
0 0.7464999999999999 1.147 0.049000000000000044 0
0 0.9555 1.147 0.09299999999999997 0
0 0.195125 1.1775 0 0.040999999999999925
0 0.555375 1.2615 0 0.06899999999999995
0 0.7895 1.227 0.05499999999999994 0
0 0.9085000000000001 1.227 0.049000000000000044 0
0 0.1945 1.267 0.05299999999999999 0
0 0.471890625 1.4505 0 0.20700000000000007
0 0.993125 1.3485 0 0.16700000000000004
0 0.313 1.389 0 0.07200000000000006
0 0.5536875 1.4300000000000002 0 0.08600000000000008
0 0.709125 1.3965 0 0.04100000000000015
0 0.194 1.427 0.04999999999999999 0
0 0.30100000000000005 1.427 0.055999999999999994 0
0 0.4485 1.427 0.05099999999999999 0
0 0.63975 1.3895 0 0.07499999999999996
0 0.91375 1.4495 0 0.07100000000000017
0 0.912875 1.569 0 0.04400000000000004
0 0.192 1.0835 0 0.061000000000000165
0 0.192 1.3875000000000002 0 0.139
0 0.232 1.284 0 0.040000000000000036
0 0.632 1.274 0 0.04400000000000004
0 0.952 1.079 0 0.19600000000000006
1 0.2324375 0.9345 0.025025299698505112 0.05
1 0.2119375 1.051 0.04007512476586941 0.05
1 0.81509375 1.032 0.03418292931054915 0.05
1 0.3718125 1.1085 0.040984943881869594 0.05
1 0.670875 1.0945 0.025004999500099975 0.05
1 0.612 1.2595 0.04272001872658766 0.05
1 0.1935625 1.1255 0.04311340423812529 0.05
1 0.212 1.3605 0.04237924020083418 0.05
3 0.38325000000000004 0.778 0.4305 0.5419999999999999
3 0.81375 0.778 0.4304999999999999 0.5419999999999999
3 0.38325000000000004 1.3199999999999998 0.4305 0.542
3 0.81375 1.3199999999999998 0.4304999999999999 0.542