0 1.3425 0.44 0.2549999999999999 0
0 1.8315 0.44 0.387 0
0 1.33875 0.4555 0 0.04899999999999999
0 1.3795 0.4555 0 0.04899999999999999
0 1.414 0.45499999999999996 0 0.04999999999999999
0 1.456625 0.4665 0 0.07300000000000001
0 1.65775 0.45499999999999996 0 0.04999999999999999
0 1.8515 0.48 0.04899999999999993 0
0 1.9315 0.4565 0 0.046999999999999986
0 1.2765 0.52 0.04300000000000015 0
0 1.8504999999999998 0.52 0.07899999999999996 0
0 1.7665000000000002 0.56 0.21500000000000008 0
0 1.8395 0.6 0.08499999999999996 0
0 1.854 0.64 0.07400000000000007 0
0 1.277 0.68 0.04400000000000004 0
0 1.458 0.7135 0 0.06699999999999995
0 1.786 0.68 0.16599999999999993 0
0 1.89475 0.649 0 0.16800000000000004
0 1.276 0.72 0.040000000000000036 0
0 1.8505 0.72 0.04300000000000015 0
0 1.2774999999999999 0.76 0.04299999999999993 0
0 0.4365 0.8 0.09699999999999998 0
0 1.2765 0.8 0.040999999999999925 0
0 1.454 0.8665 0 0.133
0 1.9155 0.8 0.17099999999999982 0
0 1.2770000000000001 0.84 0.04200000000000004 0
0 1.832 0.84 0.040000000000000036 0
0 1.33525 0.9005000000000001 0 0.05500000000000005
0 1.8225 0.88 0.09699999999999998 0
0 0.6705 0.92 0.921 0
0 1.373 0.92 0.31000000000000005 0
0 1.8424999999999998 0.92 0.365 0
0 0.4154375 0.9810000000000001 0 0.13
0 0.77825 0.9359999999999999 0 0.04799999999999993
0 0.81925 0.9359999999999999 0 0.04799999999999993
0 1.01575 0.9995 0 0.17899999999999994
0 1.41425 1.011 0 0.2739999999999999
0 1.70275 0.9319999999999999 0 0.05599999999999994
0 1.7749375 0.9850000000000001 0 0.2260000000000001
0 0.334375 1.0465 0 0.040999999999999925
0 0.3725 1.0455 0 0.04299999999999993
0 0.5175000000000001 1.04 0.243 0
0 1.7530000000000001 1.04 0.08799999999999986 0
0 1.976125 1.027 0 0.04400000000000004
0 0.6275 1.08 0.7829999999999999 0
0 0.934375 1.1605 0 0.16500000000000004
0 1.932 1.12 0.18599999999999994 0
0 0.6149999389648437 1.3835000000000002 0 0.5229999999999999
0 1.915 1.16 0.15200000000000014 0
0 0.5775 1.192 0 0.04800000000000004
0 1.9195 1.2 0.15700000000000003 0
0 1.017125 1.2345 0 0.04499999999999993
0 1.9329999999999998 1.24 0.18399999999999994 0
0 0.214125 1.2845 0 0.06499999999999995
0 0.744 1.28 0.1060000000000001 0
0 1.9104999999999999 1.28 0.139 0
0 0.6025 1.32 0.061000000000000054 0
0 0.7444999999999999 1.32 0.1050000000000001 0
0 1.018125 1.3655 0 0.09099999999999997
0 1.9144999999999999 1.32 0.14700000000000002 0
0 0.9975 1.36 0.17899999999999994 0
0 0.2695 1.4 0.11100000000000002 0
0 0.5635 1.4 0.25499999999999995 0
0 0.7855 1.4 0.05499999999999994 0
0 0.8549453125 1.4695 0 0.19099999999999984
0 1.0055 1.4 0.251 0
0 1.69375 1.4365 0 0.07300000000000018
0 0.416625 1.4575 0 0.08699999999999997
0 0.734375 1.4485000000000001 0 0.0930000000000002
0 0.814875 1.4575 0 0.16699999999999982
0 0.5065 1.48 0.40099999999999997 0
0 0.332875 1.5025 0 0.04499999999999993
0 0.534625 1.5495 0 0.08699999999999997
0 0.5585 1.56 0.393 0
0 1.614375 1.617 0 0.16800000000000015
0 0.47950000000000004 1.64 0.37900000000000006 0
0 0.892375 1.6564999999999999 0 0.04500000000000015
0 0.976875 1.6564999999999999 0 0.04500000000000015
0 1.015 1.6564999999999999 0 0.04500000000000015
0 0.40099999999999997 1.68 0.382 0
0 1.09625 1.2875 0 0.8150000000000001
0 1.29975 1.717 0 0.07400000000000007
0 1.3705 1.72 0.30299999999999994 0
0 1.782 1.726 0 0.040000000000000036
0 1.3358125 1.746 0 0.10999999999999988
0 1.5615 1.76 0.3710000000000002 0
0 1.805 1.76 0.05600000000000005 0
0 1.8955625 1.81 0 0.1459999999999999
0 1.9585 1.76 0.04699999999999993 0
0 1.6355 1.84 0.07299999999999995 0
0 1.857875 1.8385 0 0.04300000000000015
0 1.93509375 1.8435000000000001 0 0.2729999999999999
0 1.29453125 1.968 0 0.09600000000000009
0 1.6545 1.92 0.11099999999999999 0
0 0.255 1.0645 0 0.3490000000000001
0 0.255 1.3945 0 0.15300000000000002
0 0.295 0.9585 0 0.08099999999999996
0 0.295 1.1495 0 0.04700000000000015
0 0.295 1.6615 0 0.04300000000000015
0 0.335 0.9585 0 0.08099999999999996
0 0.335 1.1724999999999999 0 0.04500000000000015
0 0.335 1.4135 0 0.06700000000000017
0 0.335 1.6615 0 0.04300000000000015
0 0.375 0.9565 0 0.08099999999999996
0 0.375 1.1715 0 0.04300000000000015
0 0.375 1.4115 0 0.06300000000000017
0 0.375 1.5005 0 0.040999999999999925
0 0.375 1.6615 0 0.04300000000000015
0 0.415 1.1655000000000002 0 0.08299999999999996
0 0.455 0.9924999999999999 0 0.15699999999999992
0 0.455 1.5105 0 0.11699999999999999
0 0.455 1.6425 0 0.06099999999999994
0 0.495 0.9895 0 0.1509999999999999
0 0.495 1.5234999999999999 0 0.14300000000000002
0 0.495 1.6595 0 0.04300000000000015
0 0.535 0.9535 0 0.07899999999999996
0 0.535 1.0445 0 0.040999999999999925
0 0.535 1.6595 0 0.04300000000000015
0 0.575 0.9895 0 0.1509999999999999
0 0.575 1.3014999999999999 0 0.09099999999999997
0 0.575 1.5225 0 0.14100000000000001
0 0.575 1.6595 0 0.04300000000000015
0 0.615 0.9775 0 0.1349999999999999
0 0.655 1.5505 0 0.2570000000000001
0 0.695 1.5335 0 0.11499999999999999
0 0.735 0.9325 0 0.040999999999999925
0 0.775 1.5885 0 0.06499999999999995
0 0.855 1.6435 0 0.07099999999999995
0 0.895 1.5335 0 0.11499999999999999
0 0.935 0.9455 0 0.07099999999999995
0 0.935 1.3665 0 0.04899999999999993
0 0.935 1.533 0 0.11599999999999988
0 0.975 0.9335 0 0.04699999999999993
0 0.975 1.2334999999999998 0 0.04299999999999993
0 0.975 1.3865 0 0.08899999999999997
0 0.975 1.5314999999999999 0 0.11499999999999999
0 1.055 1.392 0 0.07800000000000007
0 1.055 1.5314999999999999 0 0.11499999999999999
0 1.215 0.4495 0 0.044999999999999984
0 1.255 0.533 0 0.29200000000000004
0 1.255 1.206 0 0.05400000000000005
0 1.295 0.48750000000000004 0 0.11300000000000004
0 1.295 0.799 0 0.272
0 1.335 1.93 0 0.17399999999999993
0 1.375 0.898 0 0.052000000000000046
0 1.375 1.943 0 0.1459999999999999
0 1.415 1.9035 0 0.22699999999999987
0 1.455 1.8345 0 0.08899999999999997
0 1.455 1.9685000000000001 0 0.0930000000000002
0 1.495 0.4265 0 0.08100000000000002
0 1.495 1.9115000000000002 0 0.139
0 1.535 1.9025 0 0.2250000000000001
0 1.575 1.833 0 0.08999999999999986
0 1.615 1.9645 0 0.08899999999999997
0 1.655 1.843 0 0.274
0 1.695 0.4545 0 0.04899999999999999
0 1.695 1.684 0 0.040000000000000036
0 1.695 1.884 0 0.19199999999999995
0 1.735 0.45399999999999996 0 0.04799999999999999
0 1.735 0.9065 0 0.06899999999999995
0 1.735 1.968 0 0.09199999999999986
0 1.775 0.45399999999999996 0 0.045999999999999985
0 1.775 1.835 0 0.08999999999999986
0 1.775 1.9525000000000001 0 0.05899999999999994
0 1.815 0.4685 0 0.07500000000000001
0 1.815 0.6174999999999999 0 0.08500000000000008
0 1.815 0.854 0 0.04200000000000004
0 1.815 1.7429999999999999 0 0.07199999999999984
0 1.815 1.9525000000000001 0 0.05899999999999994
0 1.855 0.788 0 0.782
0 1.855 1.2825000000000002 0 0.139
0 1.855 1.7485 0 0.08299999999999996
0 1.855 1.9385 0 0.08699999999999997
0 1.895 0.45999999999999996 0 0.05399999999999999
0 1.895 1.181 0 0.18199999999999994
0 1.895 1.9695 0 0.09299999999999997
0 1.935 1.2255 0 0.21700000000000008
0 1.975 0.4525 0 0.04299999999999998
0 1.975 1.2365 0 0.2390000000000001
0 1.975 1.8245 0 0.07100000000000017
0 1.975 1.9545 0 0.12100000000000022
0 2.015 0.45599999999999996 0 0.04999999999999999
0 2.015 1.2335 0 0.2330000000000001
0 2.015 1.742 0 0.06999999999999984
0 2.015 1.836 0 0.040000000000000036
0 2.015 1.939 0 0.08800000000000008
1 1.79496875 0.9655 0.040174667469065624 0.05
1 0.3346875 0.9925 0.027007232827522334 0.05
1 0.5949999694824218 1.6415 0.0406078208870068 0.05
1 0.57625 1.236 0.040078048854703494 0.05
1 0.2345625 1.1035 0.04289248914437118 0.05
1 0.2345625 1.3175 0.040887230586088855 0.05
1 0.85497265625 1.5865 0.043000034775830774 0.05
1 0.7146875 1.4855 0.04371945362192899 0.05
1 0.7949375 1.5485 0.0426030001877802 0.05
1 0.3339375 1.4525 0.033068347781526675 0.05
1 1.6346875 1.7035 0.04093153582508235 0.05
1 1.7785 1.768 0.044553338819890924 0.05
1 1.33540625 1.822 0.042007858267828886 0.05
1 1.87528125 1.889 0.042300312129463065 0.05
1 1.8564375 1.7835 0.027152635691586186 0.05
1 0.455 1.5905 0.043 0.05
1 0.535 1.0085 0.031 0.05
1 0.975 1.4525 0.043 0.05
1 1.055 1.4525 0.043 0.05
1 1.275 0.671 0.04308131845707603 0.05
1 1.455 1.9005 0.043 0.05
1 1.675 1.822 0.04004996878900158 0.05
1 1.775 1.9015 0.043 0.05
1 1.855 1.196 0.034 0.05
1 1.975 1.877 0.034 0.05
1 1.995 1.7835 0.0417612260356422 0.05
3 0.66375 0.79375 0.9075 0.8155
3 1.57125 0.79375 0.9075 0.8155
3 0.66375 1.6092499999999998 0.9075 0.8154999999999999
3 1.57125 1.6092499999999998 0.9075 0.8154999999999999