0 0.469 0.293 0.07 0
0 0.6765 0.293 0.09899999999999998 0
0 0.469 0.317 0.07 0
0 0.6765 0.317 0.09899999999999998 0
0 0.103 0.613 0.07999999999999999 0
0 0.103 0.637 0.07999999999999999 0
0 0.34450000000000003 0.637 0.065 0
0 0.6335 0.637 0.18499999999999994 0
0 0.103 0.661 0.07999999999999999 0
0 0.34450000000000003 0.661 0.065 0
0 0.229 0.6779999999999999 0 0.10999999999999999
0 0.429 0.109 0 0.13999999999999999
0 0.429 0.37050000000000005 0 0.181
0 0.453 0.109 0 0.13999999999999999
0 0.477 0.109 0 0.13999999999999999
0 0.541 0.6765 0 0.10699999999999998
0 0.693 0.732 0 0.21799999999999997
3 0.22875 0.2395 0.3315 0.401
3 0.56025 0.2395 0.33149999999999996 0.401
3 0.22875 0.6405 0.3315 0.40099999999999997
3 0.56025 0.6405 0.33149999999999996 0.40099999999999997