0 0.3905 0.85 0.10499999999999998 0
0 0.075 0.7665 0 1.0430000000000001
0 0.2875 0.285 0.299 0
0 0.278 0.309 0.10200000000000001 0
0 0.7785 0.573 0.06500000000000006 0
0 0.1895 0.605 0.18300000000000002 0
0 0.7805 0.653 0.061000000000000054 0
0 0.7805 0.709 0.061000000000000054 0
0 0.7805 0.765 0.061000000000000054 0
0 0.1315 0.893 0.067 0
0 0.139 0.909 0.052000000000000005 0
0 0.139 0.933 0.052000000000000005 0
0 0.554 0.949 0.05799999999999994 0
0 0.32099999999999995 0.957 0.057999999999999996 0
0 0.49650000000000005 0.965 0.07500000000000001 0
0 0.569 1.005 0.06399999999999995 0
0 0.569 1.053 0.06399999999999995 0
0 0.3125 1.109 0.051000000000000045 0
0 0.312 1.133 0.05400000000000005 0
0 0.39449999999999996 1.133 0.08500000000000002 0
0 0.5680000000000001 1.133 0.06599999999999995 0
0 0.6635 1.133 0.09899999999999998 0
0 0.32599999999999996 1.157 0.08200000000000002 0
0 0.6315 1.157 0.36699999999999994 0
0 0.6845 1.165 0.2609999999999999 0
0 0.322 1.181 0.136 0
0 0.3105 1.189 0.11299999999999999 0
0 0.069 0.7885 0 1.025
0 0.117 1.0545 0 0.06499999999999995
0 0.125 0.19299999999999998 0 0.18
0 0.149 0.746 0 0.1379999999999999
0 0.189 0.755 0 0.15599999999999992
0 0.205 0.7085 0 0.06299999999999994
0 0.213 0.6425000000000001 0 0.06500000000000006
0 0.221 0.794 0 0.07799999999999996
0 0.221 1.073 0 0.09800000000000009
0 0.245 0.755 0 0.15599999999999992
0 0.269 0.637 0 0.07600000000000007
0 0.341 0.9239999999999999 0 0.19200000000000006
0 0.357 1.226 0 0.052000000000000046
0 0.365 1.1644999999999999 0 0.05300000000000016
0 0.597 1.0145 0 0.11699999999999999
1 0.5355 0.985 0.04011234224026316 0.05
1 0.345 1.121 0.02778488797889961 0.05
1 0.4425 1.145 0.02640075756488817 0.05
1 0.229 0.676 0.0320624390837628 0.05
2 0.075 0.394 0.035 0.05
2 0.075 0.543 0.035 0.05
2 0.075 0.692 0.035 0.05
2 0.075 0.841 0.035 0.05
2 0.075 0.99 0.035 0.05
2 0.075 1.139 0.035 0.05
3 0.2555 0.40249999999999997 0.373 0.599
3 0.6285 0.40249999999999997 0.37299999999999994 0.599
3 0.2555 1.0015 0.373 0.599
3 0.6285 1.0015 0.37299999999999994 0.599