0 0.03925 0.26049999999999995 0 0.044999999999999984
0 0.395625 0.32099999999999995 0 0.066
0 0.39525 0.437 0 0.06799999999999995
0 0.5235000000000001 0.403 0.05900000000000005 0
0 0.038 0.42100000000000004 0 0.043999999999999984
0 0.071 0.523 0.066 0
0 0.16599999999999998 0.563 0.256 0
0 0.076 0.603 0.07600000000000001 0
0 0.15775 0.597 0 0.07199999999999995
0 0.3705 0.603 0.08299999999999996 0
0 0.525 0.603 0.05600000000000005 0
0 0.5235000000000001 0.683 0.05900000000000005 0
0 0.076 0.5555 0 0.06499999999999995
0 0.276 0.575 0 0.24399999999999994
0 0.356 0.567 0 0.06799999999999995
0 0.516 0.48450000000000004 0 0.04899999999999999
0 0.516 0.6265000000000001 0 0.08700000000000008
3 0.16674999999999998 0.35275 0.2575 0.22950000000000004
3 0.42425 0.35275 0.25750000000000006 0.22950000000000004
3 0.16674999999999998 0.5822499999999999 0.2575 0.22949999999999993
3 0.42425 0.5822499999999999 0.25750000000000006 0.22949999999999993