0 0.32625 0.383 0 0.057999999999999996
0 0.6055 0.382 0 0.055999999999999994
0 0.1645 0.434 0.109 0
0 0.2885 0.47950000000000004 0 0.044999999999999984
0 0.5245 0.474 0.08899999999999997 0
0 0.258 0.514 0.422 0
0 0.6355 0.514 0.1529999999999999 0
0 0.2645 0.674 0.12100000000000002 0
0 0.3015 0.714 0.067 0
0 0.2695 0.754 0.11300000000000002 0
0 0.6605000000000001 0.834 0.049000000000000044 0
0 0.649 0.874 0.126 0
0 0.34550000000000003 0.914 0.11100000000000004 0
0 0.62 0.914 0.08600000000000008 0
0 0.565 0.981 0 0.09999999999999987
0 0.166703125 1.0715 0 0.15500000000000003
0 0.48525 0.9824999999999999 0 0.04300000000000004
0 0.64975 0.99 0 0.040000000000000036
0 0.0815 1.034 0.063 0
0 0.1855 1.034 0.063 0
0 0.41800000000000004 1.034 0.05399999999999999 0
0 0.092 1.074 0.09000000000000001 0
0 0.35050000000000003 1.074 0.07300000000000001 0
0 0.081 1.154 0.068 0
0 0.381 1.154 0.17000000000000004 0
0 0.363625 1.241 0 0.07999999999999985
0 0.526 1.303 0 0.1479999999999999
0 0.22550000000000003 1.274 0.10900000000000001 0
0 0.49 1.354 0.20799999999999996 0
0 0.447 1.4020000000000001 0 0.10399999999999987
0 0.1305 1.434 0.045 0
0 0.478 1.434 0.066 0
0 0.3795 1.514 0.6649999999999999 0
0 0.617 1.554 0.10200000000000009 0
0 0.3795 1.594 0.6649999999999999 0
0 0.627 1.674 0.09200000000000008 0
0 0.5305 1.714 0.363 0
0 0.411 1.7375 0 0.06499999999999995
0 0.087 1.0795 0 0.061000000000000165
0 0.207 0.434 0 0.16000000000000003
0 0.207 0.6905 0 0.08699999999999997
0 0.207 0.9035 0 0.04300000000000004
0 0.207 0.9969999999999999 0 0.07999999999999996
0 0.207 1.1219999999999999 0 0.07599999999999985
0 0.247 1.1625 0 0.2270000000000001
0 0.287 0.696 0 0.09799999999999998
0 0.287 1.0725 0 0.04700000000000015
0 0.327 0.7015 0 0.10899999999999999
0 0.327 0.9115 0 0.052999999999999936
0 0.327 1.0825 0 0.06700000000000017
0 0.327 1.181 0 0.06600000000000006
0 0.367 1.065 0 0.05400000000000005
0 0.407 1.3504999999999998 0 0.06299999999999994
0 0.447 1.513 0 0.05400000000000005
0 0.487 0.47950000000000004 0 0.044999999999999984
0 0.487 1.532 0 0.09200000000000008
0 0.527 0.493 0 0.05199999999999999
0 0.567 0.7865 0 0.049000000000000044
0 0.567 1.3900000000000001 0 0.07999999999999985
0 0.567 1.5365000000000002 0 0.123
0 0.607 1.197 0 0.05400000000000005
0 0.607 1.5735000000000001 0 0.04699999999999993
0 0.607 1.6905000000000001 0 0.04500000000000015
0 0.647 0.871 0 0.118
0 0.647 1.6915 0 0.04700000000000015
0 0.687 0.8560000000000001 0 0.09199999999999997
0 0.687 1.061 0 0.08000000000000007
0 0.687 1.6760000000000002 0 0.07800000000000007
1 0.308 0.494 0.041484937025383084 0.05
1 0.564 0.494 0.04123105625617661 0.05
1 0.648375 0.911 0.04009441981124056 0.05
1 0.668375 1.0155 0.03884021755860798 0.05
1 0.1335 1.034 0.041 0.05
1 0.3795 1.054 0.04019950248448356 0.05
1 0.3453125 1.2145 0.03886374435125879 0.05
1 0.447 1.47 0.032 0.05
1 0.207 0.941 0.032 0.05
1 0.227 1.043 0.0417612260356422 0.05
1 0.327 1.132 0.032 0.05
3 0.21325 0.708 0.3325 0.7080000000000001
3 0.54575 0.708 0.33249999999999996 0.7080000000000001
3 0.21325 1.416 0.3325 0.708
3 0.54575 1.416 0.33249999999999996 0.708