0 0.40725 0.227 0 0.08200000000000002
0 0.602625 0.22 0 0.064
0 0.5715 0.346 0.06499999999999995 0
0 0.40675 0.41800000000000004 0 0.03999999999999998
0 0.405875 0.5115000000000001 0 0.09100000000000003
0 0.5740000000000001 0.506 0.06999999999999995 0
0 0.194 0.546 0.29800000000000004 0
0 0.4665 0.546 0.137 0
0 0.17149999999999999 0.586 0.23299999999999998 0
0 0.405875 0.696 0 0.22000000000000008
0 0.084 0.6140000000000001 0 0.118
0 0.4345 0.626 0.059 0
0 0.444 0.6275 0 0.16299999999999992
0 0.607 0.666 0.136 0
0 0.44 0.778 0 0.06400000000000006
0 0.62 0.746 0.1100000000000001 0
0 0.2425 0.786 0.365 0
0 0.5700000000000001 0.786 0.061999999999999944 0
0 0.44275 0.8594999999999999 0 0.06700000000000006
0 0.5920000000000001 0.826 0.06799999999999995 0
0 0.152 0.866 0.09000000000000001 0
0 0.125 0.774 0 0.04200000000000004
0 0.165 0.544 0 0.392
0 0.205 0.563 0 0.05799999999999994
0 0.245 0.5505 0 0.07499999999999996
0 0.285 0.5955 0 0.14700000000000002
0 0.405 0.959 0 0.19199999999999995
0 0.445 1.027 0 0.05599999999999994
0 0.565 0.48750000000000004 0 0.05499999999999999
0 0.565 0.6395 0 0.049000000000000044
0 0.565 0.768 0 0.11599999999999999
0 0.605 0.743 0 0.17999999999999994
0 0.605 0.959 0 0.19199999999999995
0 0.645 0.7505 0 0.19499999999999995
1 0.4063125 0.452 0.028013668538768712 0.05
1 0.405875 0.5715 0.029 0.05
1 0.5035 0.526 0.04019950248448356 0.05
1 0.4243125 0.816 0.04194956048637459 0.05
1 0.442 0.7275 0.03721558813185679 0.05
1 0.145 0.5715 0.042059481689626185 0.05
1 0.585 0.6585 0.041484937025383084 0.05
1 0.605 0.848 0.03 0.05
3 0.20249999999999999 0.40325 0.315 0.43450000000000005
3 0.5175000000000001 0.40325 0.31500000000000006 0.43450000000000005
3 0.20249999999999999 0.83775 0.315 0.4344999999999999
3 0.5175000000000001 0.83775 0.31500000000000006 0.4344999999999999