0 0.546875 0.235 0 0.04600000000000001
0 0.70240625 0.23299999999999998 0 0.09999999999999998
0 0.08549999999999999 0.252 0.045 0
0 0.268 0.252 0.12600000000000003 0
0 0.34075 0.3025 0 0.04299999999999998
0 0.4249375 0.31 0 0.07999999999999996
0 0.8648125 0.34750000000000003 0 0.11100000000000004
0 0.1040625 0.39349999999999996 0 0.07900000000000001
0 0.146375 0.3785 0 0.051000000000000045
0 0.7819375 0.4065 0 0.10100000000000003
0 0.2636875 0.4295 0 0.069
0 0.381 0.433 0 0.04200000000000004
0 0.7595000000000001 0.412 0.249 0
0 0.1905 0.452 0.16700000000000004 0
0 0.70325 0.42900000000000005 0 0.04999999999999999
0 0.909 0.475 0 0.07400000000000001
0 0.463375 0.601 0 0.05800000000000005
0 0.345125 0.623 0 0.04200000000000004
0 0.4515 0.612 0.04899999999999999 0
0 0.166 0.652 0.136 0
0 0.422125 0.6695 0 0.04499999999999993
0 0.5165 0.652 0.04700000000000004 0
0 0.70325 0.6855 0 0.131
0 0.8899999999999999 0.652 0.10999999999999999 0
0 0.866375 0.6835 0 0.06299999999999994
0 0.1635 0.732 0.05099999999999999 0
0 0.223 0.4265 0 0.063
0 0.623 0.6725 0 0.09899999999999998
0 0.663 0.278 0 0.055999999999999994
0 0.943 0.33799999999999997 0 0.04999999999999999
0 0.943 0.49450000000000005 0 0.11500000000000005
0 0.943 0.6575 0 0.04500000000000004
1 0.44275 0.6385 0.04461572032367067 0.05
3 0.2835 0.325 0.441 0.28400000000000003
3 0.7244999999999999 0.325 0.44099999999999995 0.28400000000000003
3 0.2835 0.609 0.441 0.284
3 0.7244999999999999 0.609 0.44099999999999995 0.284