0 2.0795000000000003 0.45 0.16100000000000003 0
0 1.015 0.485 0.2819999999999999 0
0 0.487 0.715 0.19999999999999996 0
0 1.279 0.9 0.19999999999999996 0
0 0.8574999999999999 0.945 0.22499999999999998 0
0 2.2755 0.965 0.26900000000000013 0
0 0.8069999999999999 1.175 0.136 0
0 0.29 0.40900000000000003 0 0.16799999999999998
0 0.4 0.7615 0 0.10899999999999999
0 1.415 0.337 0 0.256
0 1.53 0.6375000000000001 0 0.34900000000000003
0 1.845 0.6485 0 0.34099999999999997
0 2.275 0.9135 0 0.10899999999999999
0 2.61 0.7185 0 0.11699999999999999
0 1.1855 0.469 0.05699999999999994 0
0 1.791 0.477 0.13400000000000012 0
0 2.2675 0.477 0.1589999999999998 0
0 0.393 0.493 0.202 0
0 0.787 0.493 0.20599999999999996 0
0 1.1855 0.501 0.05699999999999994 0
0 1.3639999999999999 0.653 0.1180000000000001 0
0 1.155 0.789 0.07200000000000006 0
0 1.5884999999999998 0.813 0.11499999999999999 0
0 1.8279999999999998 0.813 0.20399999999999996 0
0 0.4555 0.821 0.339 0
0 0.7765 0.837 0.133 0
0 2.5825 0.877 0.08499999999999996 0
0 1.0135 0.885 0.061000000000000054 0
0 1.2309999999999999 0.893 0.10200000000000009 0
0 2.574 0.893 0.06800000000000006 0
0 1.3155000000000001 0.909 0.21699999999999986 0
0 0.8434999999999999 0.941 0.19499999999999995 0
0 1.899 0.973 0.06199999999999983 0
0 1.5785 1.037 0.127 0
0 1.823 1.037 0.21399999999999997 0
0 1.5855 1.053 0.11299999999999999 0
0 2.6265 1.101 0.054999999999999716 0
0 0.212 1.173 0.07600000000000001 0
0 0.29100000000000004 1.173 0.07800000000000001 0
0 0.7765 1.173 0.061000000000000054 0
0 0.9884999999999999 1.173 0.052999999999999936 0
0 0.9325 1.181 0.05499999999999994 0
0 1.866 1.181 0.258 0
0 2.205 1.181 0.14800000000000013 0
0 0.573 1.189 0.05799999999999994 0
0 1.556 1.197 0.08600000000000008 0
0 0.7655000000000001 1.205 0.05700000000000005 0
0 1.0695000000000001 1.205 0.0970000000000002 0
0 1.188 1.205 0.06800000000000006 0
0 1.866 1.205 0.258 0
0 2.205 1.205 0.14800000000000013 0
0 2.2255 1.213 0.06099999999999994 0
0 0.269 0.447 0 0.128
0 0.285 0.1925 0 0.267
0 0.285 0.4385 0 0.11099999999999999
0 0.301 0.201 0 0.25
0 0.341 0.9224999999999999 0 0.19699999999999995
0 0.389 0.6105 0 0.19499999999999995
0 0.397 0.7364999999999999 0 0.05300000000000005
0 0.581 0.28200000000000003 0 0.458
0 0.741 0.9704999999999999 0 0.051000000000000045
0 0.741 1.1195 0 0.09099999999999997
0 0.877 0.2435 0 0.153
0 0.877 0.4435 0 0.133
0 0.893 0.427 0 0.09999999999999998
0 0.901 0.2415 0 0.157
0 0.941 0.9299999999999999 0 0.06799999999999995
0 0.949 1.1255 0 0.121
0 1.029 0.9239999999999999 0 0.07599999999999996
0 1.173 0.631 0 0.09800000000000009
0 1.181 1.0285 0 0.17100000000000015
0 1.197 0.6185 0 0.07300000000000006
0 1.213 1.18 0 0.06000000000000005
0 1.405 0.6805 0 0.05499999999999994
0 1.405 0.804 0 0.18800000000000006
0 1.509 1.1555 0 0.10899999999999999
0 1.517 0.6355 0 0.14500000000000002
0 1.517 0.78 0 0.14
0 1.533 1.1055 0 0.16500000000000004
0 1.541 0.6355 0 0.14500000000000002
0 1.541 0.78 0 0.14
0 1.765 0.356 0 0.272
0 1.789 1.1175000000000002 0 0.15500000000000003
0 1.845 0.6105 0 0.19499999999999995
0 1.861 0.5655 0 0.10499999999999998
0 1.917 1.1655 0 0.051000000000000156
0 2.309 0.2765 0 0.23500000000000001
0 2.333 0.2765 0 0.23500000000000001
0 2.597 0.749 0 0.07800000000000007
0 2.597 0.9955 0 0.2370000000000001
0 2.621 0.749 0 0.07800000000000007
0 2.621 0.984 0 0.21799999999999997
1 2.174 0.4635 0.03889730067755345 0.05
1 0.89 1.178 0.03059411708155671 0.05
1 1.018 1.189 0.032557641192199414 0.05
1 1.136 1.205 0.036 0.05
2 1.015 0.485 0.035 0.05
2 1.279 0.9 0.035 0.05
2 1.415 0.337 0.035 0.05
2 1.53 0.5793333333333334 0.035 0.05
2 1.53 0.6956666666666667 0.035 0.05
2 1.845 0.5916666666666667 0.035 0.05
2 1.845 0.7053333333333333 0.035 0.05
3 0.7939999999999999 0.343 1.24 0.58
3 2.034 0.343 1.24 0.58
3 0.7939999999999999 0.923 1.24 0.5800000000000001
3 2.034 0.923 1.24 0.5800000000000001