0 0.2045 0.742 0 0.42599999999999993
0 0.1515 0.643 0.071 0
0 0.1505 0.683 0.06899999999999999 0
0 0.1655 0.7475 0 0.1429999999999999
0 0.14250000000000002 0.763 0.05500000000000001 0
0 0.32675 0.843 0 0.05800000000000005
0 0.04975 1.0465 0 0.08700000000000019
0 0.6225 1.003 0.06900000000000006 0
0 0.097 1.123 0.062 0
0 0.0995 1.203 0.067 0
0 0.10300000000000001 1.243 0.046 0
0 0.08499999999999999 1.323 0.08 0
0 0.3995 1.3465 0 0.04700000000000015
0 0.607 1.35 0 0.05400000000000005
0 0.04825 1.339 0 0.04800000000000004
0 0.12025 0.823 0 1.08
0 0.243625 1.3780000000000001 0 0.08799999999999986
0 0.363875 1.3415 0 0.05300000000000016
0 0.52425 1.3575 0 0.04299999999999993
0 0.56625 1.369 0 0.06599999999999984
0 0.5225 1.403 0.051000000000000045 0
0 0.442625 1.4695 0 0.052999999999999936
0 0.606 1.4460000000000002 0 0.06600000000000006
0 0.56375 1.525 0 0.062000000000000055
0 0.085 1.088 0 0.15999999999999992
0 0.085 1.2755 0 0.08899999999999997
0 0.085 1.388 0 0.06799999999999984
0 0.165 0.6185 0 0.061000000000000054
0 0.325 1.3780000000000001 0 0.08799999999999986
0 0.525 0.7929999999999999 0 0.039999999999999925
0 0.645 0.993 0 0.07000000000000006
1 0.16525 0.7035 0.027004629232781553 0.05
1 0.6065 1.395 0.036013886210738214 0.05
1 0.066625 1.297 0.03708857640837675 0.05
1 0.066625 1.3585 0.037835994766888315 0.05
1 0.584875 1.4865 0.04483372056834008 0.05
3 0.19799999999999998 0.60125 0.306 0.6365000000000001
3 0.504 0.60125 0.30600000000000005 0.6365000000000001
3 0.19799999999999998 1.2377500000000001 0.306 0.6365000000000001
3 0.504 1.2377500000000001 0.30600000000000005 0.6365000000000001