0 0.50575 0.4255 0 0.34099999999999997
0 0.70675 0.45899999999999996 0 0.25799999999999995
0 0.4635 0.469 0 0.045999999999999985
0 0.663 0.5255 0 0.14099999999999996
0 0.1475 0.495 0.121 0
0 0.6285000000000001 0.495 0.16299999999999992 0
0 0.462 0.5589999999999999 0 0.04799999999999993
0 0.55175 0.5555 0 0.040999999999999925
0 0.6559999999999999 0.535 0.10799999999999998 0
0 0.5215 0.575 0.913 0
0 0.105 0.8500000000000001 0 1.19
0 0.4945 0.855 0.049000000000000044 0
0 0.33499999999999996 0.895 0.062 0
0 0.9025 0.895 0.15100000000000002 0
0 0.226 0.9455 0 0.07299999999999995
0 0.33699999999999997 0.935 0.04999999999999999 0
0 0.879 0.935 0.10400000000000009 0
0 0.9179999999999999 0.975 0.07599999999999996 0
0 0.1045 1.015 0.07899999999999999 0
0 0.5805 1.015 0.05699999999999994 0
0 0.108 1.055 0.086 0
0 0.3425 1.055 0.056999999999999995 0
0 0.9045000000000001 1.055 0.049000000000000044 0
0 0.0885 1.095 0.047 0
0 0.4395 1.095 0.25499999999999995 0
0 0.9435 1.095 0.06899999999999995 0
0 0.105 1.135 0.07999999999999999 0
0 0.506 1.1195 0 0.07899999999999996
0 0.7735000000000001 1.135 0.04700000000000004 0
0 0.121 1.175 0.11199999999999999 0
0 0.71225 1.241 0 0.051999999999999824
0 0.1035 1.255 0.07699999999999999 0
0 0.13 1.295 0.13 0
0 0.664125 1.3205 0 0.052999999999999936
0 0.709 1.339 0 0.08800000000000008
0 0.1125 1.335 0.095 0
0 0.7145 1.335 0.09699999999999998 0
0 0.089 1.375 0.048 0
0 0.22375 1.3464999999999998 0 0.08299999999999996
0 0.09 1.415 0.05 0
0 0.145 1.089 0 0.10199999999999987
0 0.145 1.2494999999999998 0 0.06299999999999994
0 0.225 0.5715 0 0.05499999999999994
0 0.265 1.299 0 0.14600000000000013
0 0.345 0.5595 0 0.040999999999999925
0 0.345 0.8025 0 0.06299999999999994
0 0.345 0.904 0 0.04400000000000004
0 0.345 1.085 0 0.062000000000000055
0 0.385 0.5645 0 0.040999999999999925
0 0.385 1.1179999999999999 0 0.07599999999999985
0 0.425 0.46799999999999997 0 0.043999999999999984
0 0.425 0.5660000000000001 0 0.04399999999999993
0 0.545 0.846 0 0.04400000000000004
0 0.585 0.4685 0 0.04899999999999999
0 0.625 0.52 0 0.15199999999999997
0 0.745 0.5660000000000001 0 0.04399999999999993
0 0.785 0.563 0 0.04399999999999993
0 0.865 0.9165 0 0.05899999999999994
0 0.905 0.9239999999999999 0 0.07399999999999995
0 0.945 0.5645 0 0.040999999999999925
0 0.945 0.927 0 0.07999999999999996
0 0.945 1.0215 0 0.04100000000000015
1 0.46275 0.5135 0.04302615483633182 0.05
1 0.919 1.075 0.044721359549995794 0.05
1 0.710625 1.281 0.028187985029086416 0.05
1 0.945 0.984 0.034 0.05
3 0.29325 0.5525 0.45649999999999996 0.595
3 0.7497499999999999 0.5525 0.4565 0.595
3 0.29325 1.1475 0.45649999999999996 0.5950000000000001
3 0.7497499999999999 1.1475 0.4565 0.5950000000000001