0 0.8455 0.208 1.481 0
0 0.8455 0.248 1.481 0
0 0.8455 0.288 1.481 0
0 0.8455 0.328 1.481 0
0 0.8455 0.368 1.481 0
0 0.8455 0.408 1.481 0
0 0.8455 0.448 1.481 0
0 0.8455 0.488 1.481 0
0 0.8455 0.528 1.481 0
0 0.8455 0.568 1.481 0
0 0.8455 0.608 1.481 0
0 0.8455 0.648 1.481 0
0 0.8455 0.688 1.481 0
0 0.8455 0.728 1.481 0
0 0.8455 0.768 1.481 0
0 0.8455 0.808 1.481 0
0 0.8455 0.848 1.481 0
0 0.8455 0.888 1.481 0
0 0.8455 0.928 1.481 0
0 0.105 0.5625 0 0.7889999999999999
0 0.145 0.5625 0 0.7889999999999999
0 0.185 0.5625 0 0.7889999999999999
0 0.225 0.5625 0 0.7889999999999999
0 0.265 0.5625 0 0.7889999999999999
0 0.305 0.5625 0 0.7889999999999999
0 0.345 0.5625 0 0.7889999999999999
0 0.385 0.5625 0 0.7889999999999999
0 0.425 0.5625 0 0.7889999999999999
0 0.465 0.5625 0 0.7889999999999999
0 0.505 0.5625 0 0.7889999999999999
0 0.545 0.5625 0 0.7889999999999999
0 0.585 0.5625 0 0.7889999999999999
0 0.625 0.5625 0 0.7889999999999999
0 0.665 0.5625 0 0.7889999999999999
0 0.705 0.5625 0 0.7889999999999999
0 0.745 0.5625 0 0.7889999999999999
0 0.785 0.5625 0 0.7889999999999999
0 0.825 0.5625 0 0.7889999999999999
0 0.865 0.5625 0 0.7889999999999999
0 0.905 0.5625 0 0.7889999999999999
0 0.945 0.5625 0 0.7889999999999999
0 0.985 0.5625 0 0.7889999999999999
0 1.025 0.5625 0 0.7889999999999999
0 1.065 0.5625 0 0.7889999999999999
0 1.105 0.5625 0 0.7889999999999999
0 1.145 0.5625 0 0.7889999999999999
0 1.185 0.5625 0 0.7889999999999999
0 1.225 0.5625 0 0.7889999999999999
0 1.265 0.5625 0 0.7889999999999999
0 1.305 0.5625 0 0.7889999999999999
0 1.345 0.5625 0 0.7889999999999999
0 1.385 0.5625 0 0.7889999999999999
0 1.425 0.5625 0 0.7889999999999999
0 1.465 0.5625 0 0.7889999999999999
0 1.505 0.5625 0 0.7889999999999999
0 1.545 0.5625 0 0.7889999999999999
0 1.585 0.5625 0 0.7889999999999999
3 0.47525 0.36525 0.7405 0.39449999999999996
3 1.21575 0.36525 0.7405 0.39449999999999996
3 0.47525 0.7597499999999999 0.7405 0.39449999999999996
3 1.21575 0.7597499999999999 0.7405 0.39449999999999996