0 0.2449375 0.2325 0 0.07500000000000001
0 0.176 0.256 0.057999999999999996 0
0 0.607625 0.2645 0 0.06699999999999998
0 0.1845 0.296 0.069 0
0 0.2436875 0.4105 0 0.16899999999999998
0 0.404 0.336 0.05199999999999999 0
0 0.3065 0.376 0.163 0
0 0.2705 0.416 0.24100000000000002 0
0 0.162 0.456 0.05199999999999999 0
0 0.33899999999999997 0.456 0.08800000000000002 0
0 0.575 0.456 0.05399999999999994 0
0 0.222 0.496 0.178 0
0 0.173 0.536 0.04600000000000001 0
0 0.44175 0.5695 0 0.06699999999999995
0 0.2005 0.5329999999999999 0 0.08599999999999997
0 0.36525 0.5549999999999999 0 0.041999999999999926
0 0.5015000000000001 0.616 0.051000000000000045 0
0 0.607625 0.6375 0 0.04300000000000004
0 0.40025 0.6255 0 0.061000000000000054
0 0.47950000000000004 0.696 0.41300000000000003 0
0 0.519 0.713 0 0.04600000000000004
0 0.5695 0.713 0 0.04600000000000004
0 0.605125 0.73 0 0.08000000000000007
0 0.165 0.27649999999999997 0 0.046999999999999986
0 0.165 0.44999999999999996 0 0.23799999999999993
0 0.205 0.27249999999999996 0 0.15499999999999997
0 0.205 0.42800000000000005 0 0.066
0 0.285 0.531 0 0.37799999999999995
0 0.325 0.444 0 0.10399999999999998
0 0.325 0.6895 0 0.08299999999999996
0 0.365 0.42500000000000004 0 0.08200000000000002
0 0.365 0.679 0 0.08999999999999997
0 0.445 0.6845 0 0.08299999999999996
0 0.485 0.6295 0 0.15699999999999992
0 0.605 0.4605 0 0.11499999999999999
0 0.645 0.708 0 0.06399999999999995
1 0.22209375 0.4925 0.04347597217141901 0.05
1 0.3275 0.356 0.04123105625617661 0.05
1 0.421 0.599 0.04226405091800832 0.05
1 0.606375 0.6745 0.031100643080167974 0.05
1 0.502 0.6435 0.038470768123342686 0.05
1 0.165 0.3155 0.031 0.05
1 0.185 0.382 0.04428317965096906 0.05
3 0.27125 0.33875 0.27649999999999997 0.2875
3 0.54775 0.33875 0.2765000000000001 0.2875
3 0.27125 0.62625 0.27649999999999997 0.28750000000000003
3 0.54775 0.62625 0.2765000000000001 0.28750000000000003