0 0.64025 0.233 0 0.066
0 0.960625 0.245 0 0.08999999999999997
0 0.38149999999999995 0.24 0.061 0
0 0.4395 0.26249999999999996 0 0.044999999999999984
0 0.6395 0.24 0.061000000000000054 0
0 0.837875 0.252 0 0.04600000000000001
0 0.935 0.24 0.09399999999999997 0
0 1.109 0.24 0.052000000000000046 0
0 0.5469999999999999 0.28 0.7959999999999999 0
0 1.0495 0.28 0.14300000000000002 0
0 0.161546875 0.48950000000000005 0 0.35100000000000003
0 0.587 0.32 0.08599999999999997 0
0 1.123375 0.3215 0 0.05099999999999999
0 0.639875 0.356 0 0.04799999999999999
0 0.203875 0.489 0 0.09800000000000003
0 0.359 0.46199999999999997 0 0.043999999999999984
0 0.677 0.4605 0 0.04099999999999998
0 1.1595 0.44 0.06899999999999995 0
0 0.158 0.48 0.057999999999999996 0
0 0.242 0.5125 0 0.06500000000000006
0 0.6639999999999999 0.48 0.051999999999999935 0
0 0.1755 0.52 0.10300000000000001 0
0 0.154 0.56 0.04999999999999999 0
0 0.36 0.5820000000000001 0 0.04399999999999993
0 0.5914999999999999 0.56 0.05500000000000005 0
0 0.2396875 0.642 0 0.08400000000000007
0 0.591 0.6 0.10999999999999999 0
0 1.16 0.6465000000000001 0 0.04500000000000004
0 0.08275 0.683 0 0.04799999999999993
0 0.34199999999999997 0.68 0.334 0
0 0.8455 0.68 0.373 0
0 0.7005 0.72 0.10499999999999998 0
0 0.8614999999999999 0.72 0.061000000000000054 0
0 0.921375 0.7025 0 0.052999999999999936
0 0.16108203125 0.922 0 0.3880000000000001
0 0.5205 0.8049999999999999 0 0.08999999999999997
0 0.60225 0.792 0 0.06399999999999995
0 0.678875 0.7330000000000001 0 0.11399999999999999
0 0.159 0.8 0.068 0
0 1.2005 0.8320000000000001 0 0.06399999999999995
0 0.634 0.84 0.09200000000000008 0
0 0.155 0.88 0.05199999999999999 0
0 0.15 0.92 0.06999999999999999 0
0 0.753 0.92 0.06000000000000005 0
0 0.154 0.96 0.04999999999999999 0
0 0.279875 0.9835 0 0.061000000000000054
0 0.4000625 1.0125 0 0.10499999999999998
0 0.524 1.0234999999999999 0 0.127
0 0.5955 0.96 0.08699999999999997 0
0 1.123125 1.001 0 0.08200000000000007
0 0.4525 1 0.395 0
0 0.6795 1.0070000000000001 0 0.05800000000000005
0 0.831 1 0.04599999999999993 0
0 0.88103125 1.0470000000000002 0 0.13800000000000012
0 0.9430000000000001 1 0.05999999999999994 0
0 0.2085 1.061 0 0.04200000000000004
0 0.599875 1.038 0 0.07600000000000007
0 0.212 1.08 0.16599999999999998 0
0 0.7605 1.08 0.06500000000000006 0
0 0.1515 1.12 0.044999999999999984 0
0 1.1625 1.12 0.07899999999999996 0
0 0.161 0.2215 0 0.04299999999999998
0 0.361 0.2445 0 0.08899999999999997
0 0.401 0.2455 0 0.08699999999999997
0 0.481 1.002 0 0.04800000000000004
0 0.561 0.27849999999999997 0 0.056999999999999995
0 0.641 0.987 0 0.05400000000000005
0 0.681 0.246 0 0.07799999999999999
0 0.721 0.27 0 0.03999999999999998
0 0.721 0.646 0 0.07000000000000006
0 0.761 0.274 0 0.04799999999999999
0 0.761 0.905 0 0.04600000000000004
0 0.801 0.2565 0 0.049000000000000016
0 0.841 0.8365 0 0.32099999999999995
0 0.881 0.6990000000000001 0 0.04599999999999993
0 0.921 0.2525 0 0.10099999999999998
0 0.921 1.0755 0 0.07499999999999996
0 1.001 0.2945 0 0.08900000000000002
0 1.001 0.8405 0 0.051000000000000045
0 1.081 0.28300000000000003 0 0.057999999999999996
0 1.081 0.9914999999999999 0 0.06299999999999994
0 1.121 0.724 0 0.09599999999999997
0 1.201 0.47050000000000003 0 0.07300000000000001
1 0.98 0.26 0.04019950248448356 0.05
1 1.1405 0.6725 0.0396232255123179 0.05
1 0.6999375 0.7005 0.04242069807299262 0.05
1 0.861015625 0.896 0.0443114091015226 0.05
1 0.6204375 1.018 0.04344267055557243 0.05
3 0.3625625 0.43000000000000005 0.559625 0.46
3 0.9221874999999999 0.43000000000000005 0.5596249999999999 0.46
3 0.3625625 0.8900000000000001 0.559625 0.4600000000000001
3 0.9221874999999999 0.8900000000000001 0.5596249999999999 0.4600000000000001