0 0.7171875 0.422 0 0.14600000000000002
0 0.91875 0.4915 0 0.04500000000000004
0 1.055 0.469 0.128 0
0 0.643 0.509 0.32800000000000007 0
0 1.0385 0.509 0.257 0
0 0.5115000000000001 0.629 0.051000000000000045 0
0 0.9914999999999999 0.629 0.08699999999999997 0
0 0.508 0.669 0.04400000000000004 0
0 0.8373125 0.6925 0 0.10299999999999998
0 1.11725 0.7084999999999999 0 0.277
0 0.508 0.709 0.04400000000000004 0
0 0.99575 0.7085 0 0.06499999999999995
0 1.142 0.709 0.050000000000000044 0
0 0.5175000000000001 0.749 0.06300000000000006 0
0 0.6910000000000001 0.749 0.05399999999999994 0
0 0.8381875 0.8340000000000001 0 0.17000000000000004
0 0.974 0.749 0.052000000000000046 0
0 1.1435 0.749 0.04699999999999993 0
0 0.5125 0.789 0.05300000000000005 0
0 1.1225 0.789 0.08899999999999997 0
0 0.5125 0.829 0.04700000000000004 0
0 0.94 0.829 0.041999999999999926 0
0 0.5125 0.869 0.04700000000000004 0
0 0.7975 0.869 0.07299999999999995 0
0 0.9724999999999999 0.869 0.09299999999999986 0
0 1.1435 0.869 0.04699999999999993 0
0 0.189 0.909 0.20999999999999996 0
0 0.5125 0.909 0.04700000000000004 0
0 0.8135 0.909 0.052999999999999936 0
0 0.399 0.9545 0 0.07099999999999995
0 0.7404999999999999 0.989 0.21299999999999997 0
0 0.48 1.029 0.07400000000000001 0
0 0.63225 1.0065 0 0.04499999999999993
0 0.5075000000000001 1.069 0.04300000000000004 0
0 0.633 1.092 0 0.04600000000000004
0 0.8035 1.0895000000000001 0 0.04100000000000015
0 1.0594999999999999 1.069 0.21500000000000008 0
0 1.033 1.0819999999999999 0 0.05400000000000005
0 0.5559375 1.252 0 0.20599999999999996
0 0.192 1.189 0.21 0
0 0.5465 1.189 0.10899999999999999 0
0 1.0015 1.189 0.09300000000000008 0
0 0.5465 1.229 0.10899999999999999 0
0 0.403 1.291 0 0.04400000000000004
0 0.5485 1.269 0.11299999999999999 0
0 0.679 1.269 0.04399999999999993 0
0 0.846 1.269 0.06000000000000005 0
0 1.061 1.269 0.21200000000000008 0
0 0.5515 1.309 0.119 0
0 0.677875 1.3224999999999998 0 0.11499999999999999
0 0.7829999999999999 1.309 0.09599999999999997 0
0 0.948 1.309 0.04399999999999993 0
0 0.3105 1.349 0.07699999999999996 0
0 0.5495 1.349 0.11499999999999999 0
0 0.5175000000000001 1.389 0.051000000000000045 0
0 1.1225 1.389 0.08899999999999997 0
0 0.307 1.429 0.17400000000000002 0
0 0.519 1.429 0.04800000000000004 0
0 1.0935000000000001 1.429 0.14700000000000002 0
0 0.5205 1.469 0.051000000000000045 0
0 0.9239999999999999 1.469 0.07999999999999996 0
0 0.521 1.509 0.052000000000000046 0
0 0.522 1.549 0.05400000000000005 0
0 0.7915 1.5255 0 0.04699999999999993
0 1.024 1.549 0.04200000000000004 0
0 0.5205 1.589 0.051000000000000045 0
0 0.27675 1.6360000000000001 0 0.05400000000000005
0 0.519 1.629 0.04800000000000004 0
0 0.519 1.669 0.04800000000000004 0
0 0.99775 1.7955 0 0.27100000000000013
0 0.556 1.709 0.122 0
0 0.7795 1.709 0.10899999999999999 0
0 0.982 1.709 0.04800000000000004 0
0 0.9855 1.749 0.041000000000000036 0
0 0.557625 1.666 0 0.32800000000000007
0 0.6615 1.789 0.04700000000000004 0
0 0.88425 1.8185 0 0.05900000000000016
0 0.9855 1.789 0.041000000000000036 0
0 0.7525 1.829 0.041000000000000036 0
0 0.891 1.829 0.05400000000000005 0
0 0.9855 1.829 0.041000000000000036 0
0 1.03575 1.8835 0 0.10899999999999999
0 0.9855 1.869 0.041000000000000036 0
0 1.066 1.909 0.20200000000000007 0
0 0.117 1.678 0 0.08000000000000007
0 0.197 1.0030000000000001 0 0.07000000000000006
0 0.237 1.3455 0 0.16100000000000003
0 0.277 0.9450000000000001 0 0.10999999999999999
0 0.277 1.1455 0 0.10899999999999999
0 0.317 1.545 0 0.16399999999999992
0 0.357 1.626 0 0.05400000000000005
0 0.397 1.0565 0 0.06700000000000017
0 0.397 1.429 0 0.16599999999999993
0 0.517 1.0415 0 1.145
0 0.597 1.221 0 0.08600000000000008
0 0.597 1.3315000000000001 0 0.05499999999999994
0 0.637 1.5755 0 0.10899999999999999
0 0.677 1.783 0 0.04400000000000004
0 0.717 0.7525 0 0.05500000000000005
0 0.717 1.4849999999999999 0 0.11599999999999988
0 0.757 0.8280000000000001 0 0.07599999999999996
0 0.757 1.561 0 0.3320000000000001
0 0.797 0.8835 0 0.04500000000000004
0 0.837 1.244 0 0.13200000000000012
0 0.917 1.9184999999999999 0 0.050999999999999934
0 0.957 0.498 0 0.050000000000000044
0 0.957 1.0390000000000001 0 0.8800000000000001
0 0.957 1.914 0 0.04800000000000004
0 0.997 0.488 0 0.043999999999999984
0 1.037 0.488 0 0.043999999999999984
0 1.037 1.2115 0 0.04700000000000015
0 1.037 1.4255 0 0.06700000000000017
0 1.037 1.5465 0 0.10299999999999998
0 1.077 0.488 0 0.043999999999999984
0 1.077 1.428 0 0.1060000000000001
0 1.117 0.441 0 0.132
0 1.117 1.919 0 0.04400000000000004
0 1.157 0.5865 0 0.041000000000000036
0 1.157 0.7250000000000001 0 0.17400000000000004
0 1.157 0.908 0 0.04800000000000004
0 1.157 1.1195 0 0.129
0 1.157 1.357 0 0.18400000000000016
0 1.157 1.752 0 0.18400000000000016
1 0.398 1.0065 0.03306055050963308 0.05
1 0.632625 1.049 0.040007030632127655 0.05
1 0.4 1.3295 0.03354101966249684 0.05
1 0.8055 1.289 0.04272001872658766 0.05
1 1.0465 1.289 0.04272001872658766 0.05
1 0.296875 1.563 0.04409152412879374 0.05
1 0.597 1.284 0.04 0.05
1 0.737 0.785 0.04123105625617661 0.05
1 0.777 0.8635 0.04031128874149274 0.05
1 1.037 1.477 0.036 0.05
1 1.157 0.6225 0.031 0.05
3 0.35474999999999995 0.74775 0.5415 0.7975000000000001
3 0.89625 0.74775 0.5415000000000001 0.7975000000000001
3 0.35474999999999995 1.54525 0.5415 0.7974999999999999
3 0.89625 1.54525 0.5415000000000001 0.7974999999999999