0 0.1605 0.555 0.125 0
0 0.16999999999999998 0.98 0.13799999999999998 0
0 0.503 1.37 0.10600000000000004 0
0 0.11 1.561 0 0.16799999999999993
0 0.4465 0.317 0.05099999999999999 0
0 0.4465 0.341 0.05099999999999999 0
0 0.4475 0.397 0.05099999999999999 0
0 0.4475 0.421 0.05099999999999999 0
0 0.4475 0.445 0.05099999999999999 0
0 0.4485 0.469 0.05099999999999999 0
0 0.4485 0.493 0.05099999999999999 0
0 0.6395 0.509 0.11099999999999999 0
0 0.4535 0.517 0.061 0
0 0.643 0.533 0.118 0
0 0.4535 0.541 0.061 0
0 0.29900000000000004 0.549 0.055999999999999994 0
0 0.6465 0.557 0.125 0
0 0.4505 0.565 0.067 0
0 0.2085 0.901 0.21100000000000002 0
0 0.179 1.061 0.062 0
0 0.1575 1.085 0.105 0
0 0.49350000000000005 1.165 0.08700000000000002 0
0 0.488 1.253 0.07400000000000001 0
0 0.2135 1.413 0.21100000000000002 0
0 0.133 0.9964999999999999 0 0.18499999999999994
0 0.141 0.9490000000000001 0 0.051999999999999935
0 0.141 1.0295 0 0.10699999999999998
0 0.301 1.0459999999999998 0 0.42199999999999993
0 0.301 1.3744999999999998 0 0.05499999999999994
0 0.309 1.5915 0 0.11099999999999999
0 0.421 0.4405 0 0.24699999999999994
0 0.445 0.4405 0 0.24699999999999994
0 0.453 1.3125 0 0.11900000000000022
0 0.469 0.4405 0 0.24699999999999994
0 0.477 0.483 0 0.16199999999999992
0 0.485 0.5385 0 0.050999999999999934
0 0.509 1.2085 0 0.11299999999999999
0 0.581 0.5375 0 0.050999999999999934
0 0.605 0.5375 0 0.050999999999999934
0 0.629 0.5375 0 0.050999999999999934
0 0.661 0.5389999999999999 0 0.05399999999999994
0 0.717 0.724 0 0.06600000000000006
0 0.741 0.759 0 0.1459999999999999
0 0.757 0.7715 0 0.121
0 0.765 0.7829999999999999 0 0.09399999999999997
0 0.773 0.7955 0 0.06499999999999995
0 0.813 1.045 0 0.07400000000000007
0 0.837 1.051 0 0.09600000000000009
0 0.861 1.2105000000000001 0 0.05499999999999994
0 0.901 1.2515 0 0.11699999999999999
0 0.909 1.2610000000000001 0 0.08799999999999986
0 0.917 1.2725 0 0.05499999999999994
3 0.30274999999999996 0.6495 0.4095 0.665
3 0.71225 0.6495 0.4095000000000001 0.665
3 0.30274999999999996 1.3145 0.4095 0.665
3 0.71225 1.3145 0.4095000000000001 0.665