0 1.25425 0.496 0 0.252
0 0.3195 0.45 0.041000000000000036 0
0 0.7325 0.597 0 0.05400000000000005
0 1.5115 0.57 0.14500000000000002 0
0 1.7795 0.604 0 0.06800000000000006
0 1.857875 0.6014999999999999 0 0.06300000000000006
0 1.894625 0.598 0 0.05600000000000005
0 2.106 0.57 0.09200000000000008 0
0 0.737 0.61 0.20999999999999996 0
0 1.215 0.61 0.30200000000000005 0
0 1.38425 0.6105 0 0.05500000000000005
0 1.8425 0.61 0.40900000000000025 0
0 2.0948125 0.634 0 0.10000000000000009
0 2.5115 0.61 0.23499999999999988 0
0 0.694625 0.6435 0 0.129
0 2.0585 0.65 0.21300000000000008 0
0 2.472 0.65 0.1120000000000001 0
0 2.21675 0.72 0 0.07999999999999996
0 0.6659999999999999 0.73 0.06799999999999995 0
0 1.015 0.838 0 0.252
0 0.6659999999999999 0.77 0.06799999999999995 0
0 0.6599999999999999 0.81 0.05999999999999994 0
0 1.374 0.81 0.1140000000000001 0
0 0.6615 0.85 0.06299999999999994 0
0 0.661 0.89 0.061999999999999944 0
0 1.1075 0.89 0.09499999999999997 0
0 1.69625 0.915 0 0.04999999999999993
0 2.017 0.948 0 0.11599999999999999
0 0.6605 0.93 0.06099999999999994 0
0 1.13775 0.9005000000000001 0 0.05900000000000005
0 1.347 0.93 0.06400000000000006 0
0 2.4725 0.93 0.11299999999999999 0
0 0.8205 0.97 0.3809999999999999 0
0 0.6565000000000001 1.01 0.05300000000000005 0
0 0.738125 1.0415 0 0.06299999999999994
0 1.373 1.01 0.1160000000000001 0
0 2.0679999999999996 1.01 0.1080000000000001 0
0 2.4364999999999997 1.01 0.040999999999999925 0
0 0.652 1.05 0.05400000000000005 0
0 0.656 1.09 0.05600000000000005 0
0 0.857875 1.0965 0 0.052999999999999936
0 2.5705 1.127 0 0.07399999999999984
0 0.656 1.13 0.05600000000000005 0
0 0.813875 1.1484999999999999 0 0.06299999999999994
0 1.13175 1.127 0 0.1120000000000001
0 2.511 1.13 0.06000000000000005 0
0 0.9704999999999999 1.17 0.6849999999999999 0
0 1.9489999999999998 1.17 0.050000000000000044 0
0 2.416 1.1305 0 0.07899999999999996
0 0.175875 1.2235 0 0.09099999999999997
0 0.61775 1.26 0 0.10000000000000009
0 1.014 1.1885 0 0.04299999999999993
0 1.9619999999999997 1.21 0.07999999999999985 0
0 2.0860000000000003 1.21 0.1080000000000001 0
0 0.97425 1.2625 0 0.10499999999999998
0 1.3025 1.25 0.051000000000000156 0
0 2.0145 1.25 0.06500000000000017 0
0 1.53725 1.3085 0 0.07900000000000018
0 1.932625 1.2745000000000002 0 0.050999999999999934
0 2.054875 1.2785 0 0.04499999999999993
0 2.592 1.29 0.07399999999999984 0
0 0.6465000000000001 1.33 0.05300000000000005 0
0 1.057125 1.3295 0 0.050999999999999934
0 0.6535 1.37 0.051000000000000045 0
0 1.09525 1.4100000000000001 0 0.21199999999999997
0 1.297 1.37 0.06400000000000006 0
0 1.61425 1.429 0 0.1419999999999999
0 2.5949999999999998 1.37 0.06800000000000006 0
0 0.6515 1.41 0.051000000000000045 0
0 1.202 1.41 0.22199999999999998 0
0 2.609 1.41 0.040000000000000036 0
0 0.656 1.45 0.06000000000000005 0
0 0.7335 1.5055 0 0.11099999999999999
0 0.775875 1.4865 0 0.15100000000000002
0 1.17475 1.4285 0 0.04299999999999993
0 1.21075 1.4285 0 0.04299999999999993
0 1.262 1.4295 0 0.040999999999999925
0 2.0105 1.6955 0 0.4910000000000001
0 0.6555 1.49 0.05900000000000005 0
0 1.052 1.49 0.10999999999999999 0
0 1.13875 1.513 0 0.04600000000000004
0 1.17475 1.5394999999999999 0 0.09899999999999998
0 1.21 1.512 0 0.04400000000000004
0 1.3 1.49 0.040000000000000036 0
0 0.978 1.53 0.7040000000000001 0
0 0.5995 1.57 0.125 0
0 0.694 1.5535 0 0.05700000000000016
0 1.535 1.5390000000000001 0 0.07400000000000007
0 1.256125 1.6 0 0.05599999999999983
0 1.9285 1.61 0.04100000000000015 0
0 1.9751875 1.6265 0 0.08699999999999997
0 0.632 1.65 0.08800000000000008 0
0 2.1035000000000004 1.65 0.20100000000000007 0
0 2.4130000000000003 1.65 0.1679999999999997 0
0 0.617375 1.6675 0 0.04499999999999993
0 0.6556875 1.814 0 0.248
0 2.143 1.7345 0 0.16900000000000004
0 2.224 1.69 0.08799999999999963 0
0 1.897 1.8185 0 0.17700000000000005
0 2.257875 1.7225000000000001 0 0.049000000000000155
0 0.641 1.77 0.04600000000000004 0
0 1.9020000000000001 1.77 0.07000000000000006 0
0 1.1135 1.81 0.979 0
0 1.786 1.81 0.19999999999999996 0
0 1.9725000000000001 1.81 0.10900000000000021 0
0 2.181 1.81 0.04600000000000026 0
0 0.659 1.85 0.07799999999999996 0
0 0.766 1.85 0.062000000000000055 0
0 1.267 1.85 0.1060000000000001 0
0 1.4175 1.8295 0 0.04100000000000015
0 1.455875 1.892 0 0.09800000000000009
0 1.9060000000000001 1.85 0.07199999999999984 0
0 0.6505000000000001 1.89 0.05700000000000005 0
0 0.7375 1.893 0 0.09200000000000008
0 0.779125 1.904 0 0.07800000000000007
0 0.85825 1.9205 0 0.061000000000000165
0 1.256625 1.9215 0 0.07299999999999995
0 2.06025 1.9184999999999999 0 0.05700000000000016
0 2.10325 1.9175 0 0.05500000000000016
0 2.3295 1.928 0 0.07600000000000007
0 2.532 1.924 0 0.06800000000000006
0 0.7475 1.93 0.267 0
0 1.316 1.93 0.42799999999999994 0
0 1.9315 1.93 0.379 0
0 2.291 1.93 0.10599999999999987 0
0 2.5445 1.93 0.16900000000000004 0
0 0.96 1.97 0.04200000000000004 0
0 1.623 1.97 0.08400000000000007 0
0 2.1995 1.97 0.14100000000000001 0
0 2.3994999999999997 1.97 0.07100000000000017 0
0 2.133 2.0735 0 0.04700000000000015
0 0.295 1.251 0 0.11199999999999988
0 0.655 0.738 0 0.31800000000000006
0 0.655 1.068 0 0.28200000000000003
0 0.655 1.475 0 0.32000000000000006
0 0.695 1.8725 0 0.131
0 0.775 0.6005 0 0.04300000000000004
0 0.775 1.124 0 0.1100000000000001
0 0.815 0.599 0 0.040000000000000036
0 0.815 1.923 0 0.040000000000000036
0 0.855 0.604 0 0.05800000000000005
0 0.895 0.6005 0 0.051000000000000045
0 0.895 1.9295 0 0.06899999999999995
0 0.935 1.5385 0 0.051000000000000156
0 1.015 1.4249999999999998 0 0.21199999999999997
0 1.015 1.9435 0 0.0990000000000002
0 1.055 0.6025 0 0.05300000000000005
0 1.095 1.916 0 0.04200000000000004
0 1.135 1.9245 0 0.04100000000000015
0 1.175 0.603 0 0.04200000000000004
0 1.175 1.927 0 0.06000000000000005
0 1.215 1.1305 0 0.11499999999999999
0 1.215 1.8425 0 0.11699999999999999
0 1.255 1.1844999999999999 0 0.049000000000000155
0 1.255 1.52 0 0.041999999999999815
0 1.255 1.8175 0 0.06699999999999995
0 1.295 0.603 0 0.040000000000000036
0 1.295 1.505 0 0.06799999999999984
0 1.295 1.7214999999999998 0 0.06299999999999994
0 1.295 1.9180000000000001 0 0.04200000000000004
0 1.335 0.832 0 0.498
0 1.335 1.9249999999999998 0 0.05800000000000005
0 1.375 1.837 0 0.05600000000000005
0 1.375 1.932 0 0.052000000000000046
0 1.415 0.601 0 0.04400000000000004
0 1.415 1.9325 0 0.05300000000000016
0 1.455 0.5860000000000001 0 0.07399999999999995
0 1.495 0.587 0 0.10399999999999998
0 1.495 1.931 0 0.052000000000000046
0 1.535 0.603 0 0.04800000000000004
0 1.615 0.6034999999999999 0 0.04500000000000004
0 1.655 0.607 0 0.040000000000000036
0 1.695 0.6074999999999999 0 0.049000000000000044
0 1.695 1.0390000000000001 0 0.07800000000000007
0 1.735 0.6134999999999999 0 0.05500000000000005
0 1.775 1.927 0 0.040000000000000036
0 1.855 1.8085 0 0.05699999999999994
0 1.935 0.633 0 0.04600000000000004
0 1.935 1.5859999999999999 0 0.07800000000000007
0 1.935 1.8075 0 0.07899999999999996
0 1.935 1.929 0 0.04400000000000004
0 1.975 0.633 0 0.09800000000000009
0 1.975 1.927 0 0.040000000000000036
0 2.015 0.634 0 0.10000000000000009
0 2.015 1.2189999999999999 0 0.07400000000000007
0 2.055 0.6114999999999999 0 0.05500000000000005
0 2.055 1.1835 0 0.10099999999999998
0 2.095 1.2189999999999999 0 0.16399999999999992
0 2.135 0.633 0 0.04400000000000004
0 2.135 1.2229999999999999 0 0.15599999999999992
0 2.135 1.9344999999999999 0 0.05700000000000016
0 2.175 0.635 0 0.10000000000000009
0 2.215 0.6205 0 0.07100000000000006
0 2.215 1.8085 0 0.040999999999999925
0 2.295 0.5925 0 0.07299999999999995
0 2.295 1.9195 0 0.040999999999999925
0 2.335 0.6335 0 0.041000000000000036
0 2.375 0.607 0 0.040000000000000036
0 2.375 1.931 0 0.050000000000000044
0 2.415 1.9445000000000001 0 0.07499999999999996
0 2.455 0.6145 0 0.04500000000000004
0 2.455 1.8125 0 0.04700000000000015
0 2.495 0.6145 0 0.04500000000000004
0 2.495 1.9329999999999998 0 0.05400000000000005
0 2.535 0.617 0 0.050000000000000044
0 2.575 0.618 0 0.052000000000000046
0 2.575 1.299 0 0.052000000000000046
0 2.615 0.6194999999999999 0 0.051000000000000045
0 2.615 1.1855 0 0.08700000000000019
1 1.9148125 0.618 0.04342972052638608 0.05
1 2.195875 0.6725 0.042048335282148804 0.05
1 0.7565625 1.071 0.03709131468416832 0.05
1 0.835875 1.12 0.04440720662234904 0.05
1 0.636375 1.1185 0.03726342040124604 0.05
1 0.636375 1.3125 0.03758407242436615 0.05
1 0.994125 1.21 0.03975 0.05
1 2.017 1.21 0.03 0.05
1 0.994625 1.317 0.040945848385398 0.05
1 1.17475 1.47 0.04 0.05
1 1.2785 1.4605 0.03911521443121589 0.05
1 1.2555625 1.5635 0.031020406589856296 0.05
1 0.63653125 1.69 0.0383125 0.05
1 0.6361875 1.5025 0.03893122943088235 0.05
1 1.916 1.907 0.038 0.05
1 1.8115 1.79 0.04428317965096906 0.05
1 1.9275 1.79 0.04428317965096906 0.05
1 0.7165 1.85 0.037 0.05
1 1.4366875 1.8465 0.03900821227639124 0.05
1 1.2358125 1.871 0.044594177030190835 0.05
1 2.125 1.95 0.040792156108742275 0.05
1 2.354 1.95 0.044721359549995794 0.05
1 0.655 0.912 0.03 0.05
1 1.375 1.8855 0.041 0.05
1 2.315 0.621 0.04308131845707603 0.05
3 0.78915625 0.80175 1.2265625 0.8635
3 2.01571875 0.80175 1.2265625 0.8635
3 0.78915625 1.66525 1.2265625 0.8634999999999999
3 2.01571875 1.66525 1.2265625 0.8634999999999999