0 0.572046875 0.3365 0 0.33099999999999996
0 0.9735 0.284 0.04700000000000004 0
0 1.3715625 0.3105 0 0.063
0 0.81215625 0.4135 0 0.179
0 0.9719931640625 0.4365 0 0.27899999999999997
0 0.77196875 0.4325 0 0.181
0 1.3716875 0.41600000000000004 0 0.10400000000000004
0 0.93275 0.42000000000000004 0 0.068
0 0.695875 0.473 0 0.057999999999999996
0 0.771 0.444 0.06000000000000005 0
0 0.933 0.444 0.04999999999999993 0
0 1.255625 0.47150000000000003 0 0.05499999999999999
0 0.49240625 0.5345 0 0.14499999999999996
0 0.7955 0.484 0.08899999999999997 0
0 1.449875 0.3825 0 0.249
0 1.658 0.484 0.04600000000000004 0
0 1.868 0.484 0.246 0
0 0.695625 0.5535 0 0.05899999999999994
0 1.2513125 0.5640000000000001 0 0.07999999999999996
0 1.450875 0.702 0 0.356
0 1.9385 0.524 0.1050000000000002 0
0 0.7745 0.5874999999999999 0 0.04700000000000004
0 1.731375 0.5740000000000001 0 0.06399999999999995
0 1.7706875 0.5855 0 0.07699999999999996
0 0.4555 0.604 0.04299999999999998 0
0 1.61225 0.616 0 0.04200000000000004
0 1.7155 0.604 0.07899999999999996 0
0 1.7314375 0.669 0 0.06399999999999995
0 1.9705 0.644 0.04100000000000015 0
0 1.249625 0.7535000000000001 0 0.05900000000000005
0 1.888 0.8035 0 0.15900000000000003
0 1.9660000000000002 0.724 0.050000000000000044 0
0 1.1785 0.764 0.05899999999999994 0
0 1.9295 0.764 0.123 0
0 1.936 0.804 0.1100000000000001 0
0 0.776625 0.873 0 0.05800000000000005
0 1.251375 0.856 0 0.05800000000000005
0 1.807 0.844 0.07600000000000007 0
0 1.930875 0.86 0 0.05400000000000005
0 0.452 0.5725 0 0.07099999999999995
0 0.652 0.575 0 0.041999999999999926
0 0.732 0.4415 0 0.05499999999999999
0 1.452 0.2 0 0.06999999999999998
0 1.692 0.7875 0 0.19300000000000006
0 1.892 0.5005 0 0.051000000000000045
0 1.932 0.757 0 0.10200000000000009
0 1.972 0.713 0 0.21199999999999997
1 0.773234375 0.5435 0.04107806259504579 0.05
1 0.7139375 0.458 0.04393194310521673 0.05
1 1.25346875 0.5115 0.025369226559948572 0.05
1 1.73140625 0.6215 0.031000063003968233 0.05
1 1.71171875 0.696 0.040685579831802814 0.05
1 1.2505 0.805 0.044034787384521344 0.05
1 1.9314375 0.7965 0.025025299698505112 0.05
3 0.8232499999999999 0.34925 0.7785 0.36849999999999994
3 1.60175 0.34925 0.7785000000000002 0.36849999999999994
3 0.8232499999999999 0.71775 0.7785 0.36850000000000005
3 1.60175 0.71775 0.7785000000000002 0.36850000000000005