0 0.04875 0.423 0 0.592
0 0.57175 0.1875 0 0.04099999999999998
0 0.4215 0.207 0.07100000000000001 0
0 0.596 0.207 0.050000000000000044 0
0 0.64825 0.401 0 0.418
0 0.45099999999999996 0.247 0.06 0
0 0.612 0.287 0.06800000000000006 0
0 0.568875 0.386 0 0.118
0 0.6 0.567 0.040000000000000036 0
0 0.3015 0.607 0.07300000000000001 0
0 0.4515 0.607 0.07100000000000001 0
0 0.609 0.607 0.06400000000000006 0
0 0.487 0.42700000000000005 0 0.055999999999999994
0 0.607 0.544 0 0.051999999999999935
3 0.198625 0.275 0.29974999999999996 0.296
3 0.498375 0.275 0.29975 0.296
3 0.198625 0.571 0.29974999999999996 0.296
3 0.498375 0.571 0.29975 0.296