0 1.085125 0.7315 0 0.06700000000000006
0 1.76434375 1.093 0 0.42600000000000005
0 0.39925 0.954 0 0.041999999999999926
0 1.084875 0.985 0 0.10399999999999987
0 0.4405 1.013 0.04700000000000004 0
0 0.4415 1.1135 0 0.040999999999999925
0 0.6865 1.116 0 0.04600000000000004
0 0.46699999999999997 1.253 0.11400000000000005 0
0 1.092 1.253 0.41600000000000004 0
0 1.805125 1.399 0 0.32200000000000006
0 0.48575 1.2725 0 0.06699999999999995
0 1.0445 1.272 0 0.06800000000000006
0 1.205125 1.365 0 0.16800000000000015
0 1.088 1.331 0 0.05400000000000005
0 0.368 1.413 0.10399999999999998 0
0 0.608125 1.4315 0 0.04700000000000015
0 1.6840000000000002 1.413 0.12399999999999989 0
0 0.3185 1.432 0 0.04200000000000004
0 0.48925 1.4620000000000002 0 0.050000000000000044
0 0.56725 1.601 0 0.05600000000000005
0 1.426 1.573 0.706 0
0 1.203 1.613 0.04800000000000004 0
0 1.325125 1.8735 0 0.5209999999999999
0 1.5385 1.653 0.06300000000000017 0
0 0.601 1.693 0.052000000000000046 0
0 0.53 1.7555 0 0.04499999999999993
0 0.5675 1.7120000000000002 0 0.04200000000000004
0 1.443 1.7265000000000001 0 0.04699999999999993
0 1.686375 1.7265000000000001 0 0.04699999999999993
0 1.6815 1.773 0.14100000000000001 0
0 1.1015 1.813 0.06499999999999995 0
0 1.564 1.813 0.1279999999999999 0
0 1.7085 1.813 0.10099999999999998 0
0 0.4065 1.853 0.044999999999999984 0
0 0.684375 1.8479999999999999 0 0.050000000000000044
0 0.768375 1.8475000000000001 0 0.04699999999999993
0 1.525 1.853 0.050000000000000044 0
0 0.325375 1.9135 0 0.040999999999999925
0 1.367375 1.9180000000000001 0 0.050000000000000044
0 1.451 1.893 0.06800000000000006 0
0 0.9235 1.933 0.05499999999999994 0
0 1.16475 1.9714999999999998 0 0.08299999999999996
0 1.208125 1.963 0 0.06000000000000005
0 0.57375 1.9500000000000002 0 0.04600000000000004
0 0.6125 1.9969999999999999 0 0.04799999999999982
0 1.6644999999999999 1.973 0.15500000000000003 0
0 0.5725 2.013 0.05899999999999994 0
0 0.8160000000000001 2.013 0.138 0
0 0.569 2.053 0.05399999999999994 0
0 0.768 2.0395000000000003 0 0.05500000000000016
0 0.887625 2.0445 0 0.06499999999999995
0 1.049 2.053 0.05600000000000005 0
0 1.0925 2.0845000000000002 0 0.06300000000000017
0 1.442625 2.0934999999999997 0 0.08099999999999996
0 1.524 2.053 0.10000000000000009 0
0 0.606625 2.1545 0 0.12300000000000022
0 1.4095 2.093 0.04499999999999993 0
0 1.4825 2.115 0 0.04400000000000004
0 1.048 2.133 0.05400000000000005 0
0 1.3900000000000001 2.133 0.13400000000000012 0
0 1.604 2.133 0.21799999999999997 0
0 0.408875 2.2135 0 0.08099999999999996
0 1.0515 2.1445 0 0.05699999999999994
0 0.3270625 2.2515 0 0.07699999999999996
0 0.5845 2.213 0.08499999999999996 0
0 0.81 2.213 0.134 0
0 1.0915 2.213 0.14100000000000001 0
0 1.3980000000000001 2.213 0.15400000000000014 0
0 0.366 2.257 0 0.06599999999999984
0 1.533 2.293 0.062000000000000055 0
0 0.3695 2.3985000000000003 0 0.05099999999999971
0 1.32496875 2.4139999999999997 0 0.1339999999999999
0 0.3255 2.413 0.065 0
0 1.0866875 2.4165 0 0.125
0 0.36275 2.5145 0 0.12300000000000022
0 0.964 2.475 0 0.07200000000000006
0 1.247 2.4565 0 0.04300000000000015
0 1.401875 2.4605 0 0.051000000000000156
0 1.527625 2.5214999999999996 0 0.137
0 1.80025 2.5385 0 0.17100000000000026
0 0.3145 2.493 0.05300000000000005 0
0 0.524625 2.5235000000000003 0 0.13500000000000023
0 1.203375 2.518 0 0.12799999999999967
0 1.28425 2.502 0 0.09599999999999964
0 1.36525 2.5220000000000002 0 0.13599999999999968
0 1.5445 2.493 0.09299999999999997 0
0 1.248 2.565 0 0.05799999999999983
0 1.677 2.573 0.04800000000000004 0
0 1.567875 2.882 0 0.041999999999999815
0 1.2855 2.9505 0 0.040999999999999925
0 1.7705000000000002 2.933 0.050999999999999934 0
0 0.445 1.4315 0 0.04300000000000015
0 0.445 2.5605 0 0.06300000000000017
0 0.645 2.973 0 0.04800000000000004
0 0.805 1.427 0 0.04200000000000004
0 0.805 2.2365 0 0.051000000000000156
0 0.845 2.002 0 0.1499999999999999
0 0.885 1.425 0 0.04400000000000004
0 0.965 1.714 0 0.04600000000000004
0 1.005 2.1624999999999996 0 0.04700000000000015
0 1.245 1.4264999999999999 0 0.04100000000000015
0 1.325 2.2785 0 0.04700000000000015
0 1.405 2.0975 0 0.05699999999999994
0 1.485 1.9975 0 0.11299999999999977
0 1.565 1.426 0 0.04400000000000004
0 1.565 1.7785000000000002 0 0.07499999999999996
0 1.565 2.1125 0 0.04899999999999993
0 1.565 2.2815000000000003 0 0.04899999999999993
0 1.605 2.1159999999999997 0 0.052000000000000046
0 1.645 1.968 0 0.04400000000000004
0 1.645 2.045 0 0.04600000000000026
0 1.685 1.9545 0 0.15700000000000003
0 1.685 2.1185 0 0.04699999999999971
0 1.725 1.84 0 0.274
0 1.725 2.254 0 0.42600000000000016
1 1.06625 1.305 0.04354595273960601 0.05
1 0.54875 1.7345 0.0375 0.05
1 1.626 1.793 0.04346262762420146 0.05
1 1.4835 1.873 0.04272001872658766 0.05
1 0.593125 1.973 0.03875 0.05
1 1.072 2.116 0.041 0.05
1 1.4638125 2.0375 0.042386797767701205 0.05
1 1.476 2.133 0.038 0.05
1 0.366125 2.4385 0.029775199411590847 0.05
1 1.265625 2.466 0.04431210331275192 0.05
1 1.266125 2.543 0.038859522642461786 0.05
1 1.645 2.006 0.032 0.05
1 1.705 2.037 0.040792156108742275 0.05
3 0.66728125 1.2727499999999998 0.7585625 1.1495
3 1.42584375 1.2727499999999998 0.7585625 1.1495
3 0.66728125 2.42225 0.7585625 1.1495
3 1.42584375 2.42225 0.7585625 1.1495