0 1.0785 0.34 0.10299999999999998 0
0 0.28150000000000003 0.37 0.11100000000000002 0
0 0.3075 0.855 0.167 0
0 0.317 0.895 0.18999999999999997 0
0 0.245 1.052 0 0.44999999999999996
0 0.36 1.0590000000000002 0 0.10200000000000009
0 0.43 0.9465 0 0.14700000000000002
0 0.58 1.1869999999999998 0 0.1519999999999999
0 0.715 1.1745 0 0.22899999999999987
0 0.91 0.8425 0 0.119
0 0.995 1.1255000000000002 0 0.2310000000000001
0 1.03 0.40399999999999997 0 0.32199999999999995
0 1.03 0.779 0 0.22399999999999998
0 1.115 0.35950000000000004 0 0.343
0 0.33299999999999996 0.245 0.172 0
0 0.5375 0.245 0.05899999999999994 0
0 0.6765 0.245 0.05699999999999994 0
0 0.9955 0.245 0.06500000000000006 0
0 0.344 0.261 0.16199999999999998 0
0 0.8400000000000001 0.261 0.06999999999999995 0
0 0.367 0.277 0.07 0
0 0.629 0.277 0.1519999999999999 0
0 1.0585 0.333 0.05900000000000016 0
0 0.643 0.389 0.05800000000000005 0
0 1.0575 0.389 0.05700000000000016 0
0 1.057 0.517 0.05800000000000005 0
0 0.2545 0.565 0.05100000000000002 0
0 0.3325 0.573 0.061 0
0 0.478 0.573 0.12800000000000006 0
0 1.057 0.573 0.05800000000000005 0
0 0.815 0.597 0.05799999999999994 0
0 0.9415 0.645 0.050999999999999934 0
0 0.3175 0.701 0.10899999999999999 0
0 1.056 0.709 0.05600000000000005 0
0 0.747 0.765 0.06600000000000006 0
0 0.5055 0.853 0.15699999999999997 0
0 0.30400000000000005 0.901 0.055999999999999994 0
0 0.747 0.901 0.06600000000000006 0
0 1.06 0.901 0.06400000000000006 0
0 0.5015 1.013 0.16099999999999998 0
0 0.542 1.029 0.07999999999999996 0
0 0.7255 1.285 0.08699999999999997 0
0 0.48250000000000004 1.293 0.08500000000000002 0
0 0.5855 1.293 0.11699999999999999 0
0 0.323 1.309 0.128 0
0 0.7330000000000001 1.317 0.09399999999999997 0
0 0.34950000000000003 1.325 0.07500000000000001 0
0 0.237 0.9895 0 0.05300000000000005
0 0.245 0.4005 0 0.30300000000000005
0 0.253 1.031 0 0.06799999999999995
0 0.253 1.15 0 0.06799999999999984
0 0.261 1.3675 0 0.11299999999999999
0 0.269 0.424 0 0.32999999999999996
0 0.405 1.367 0 0.10199999999999987
0 0.445 0.9724999999999999 0 0.05699999999999994
0 0.573 0.632 0 0.1080000000000001
0 0.573 0.847 0 0.15600000000000003
0 0.581 0.649 0 0.07799999999999996
0 0.581 1.188 0 0.06800000000000006
0 0.669 0.36450000000000005 0 0.056999999999999995
0 0.717 1.1804999999999999 0 0.1050000000000002
0 0.773 0.831 0 0.12
0 0.789 0.8320000000000001 0 0.09599999999999997
0 1.085 0.6885 0 0.05499999999999994
0 1.093 0.216 0 0.066
0 1.093 0.827 0 0.07199999999999995
0 1.093 0.9445 0 0.06099999999999994
0 1.101 1.0795 0 0.06299999999999994
1 0.409 0.854 0.03605551275463989 0.05
1 0.253 1.294 0.03757658845611187 0.05
1 0.56 0.261 0.034928498393145956 0.05
1 0.648 1.289 0.0388329756778952 0.05
2 0.3075 0.855 0.035 0.05
2 0.245 0.9395 0.035 0.05
2 0.245 1.052 0.035 0.05
2 0.245 1.1645 0.035 0.05
2 1.03 0.779 0.035 0.05
3 0.449 0.49324999999999997 0.45400000000000007 0.6205
3 0.903 0.49324999999999997 0.45399999999999985 0.6205
3 0.449 1.11375 0.45400000000000007 0.6204999999999999
3 0.903 1.11375 0.45399999999999985 0.6204999999999999