0 0.099 0.266 0 0.11800000000000002
0 0.38749999999999996 0.247 0.08100000000000002 0
0 0.6699999999999999 0.247 0.33199999999999996 0
0 0.3565 0.287 0.11499999999999999 0
0 0.179 0.616 0 0.818
0 0.2905 0.367 0.05099999999999999 0
0 0.41925 0.359 0 0.30400000000000005
0 0.498875 0.38149999999999995 0 0.069
0 0.6575 0.367 0.239 0
0 0.298 0.41900000000000004 0 0.04999999999999999
0 0.724 0.407 0.20199999999999996 0
0 0.6745 0.447 0.10899999999999999 0
0 0.742625 0.4485 0 0.11499999999999999
0 0.8460000000000001 0.447 0.09199999999999997 0
0 1.1795 0.447 0.16100000000000003 0
0 0.0985 0.541 0 0.182
0 0.737 0.487 0.05400000000000005 0
0 0.8240000000000001 0.487 0.04799999999999993 0
0 0.9159999999999999 0.487 0.04599999999999993 0
0 1.29875 0.4665 0 0.069
0 1.3675000000000002 0.487 0.05899999999999994 0
0 0.4565 0.647 0.059 0
0 0.8799999999999999 0.647 0.128 0
0 0.45399999999999996 0.687 0.07400000000000001 0
0 0.8465 0.687 0.061000000000000054 0
0 0.2994375 0.7709999999999999 0 0.08799999999999997
0 0.491 0.727 0.045999999999999985 0
0 0.847 0.727 0.062000000000000055 0
0 0.4565 0.767 0.07900000000000001 0
0 0.8505 0.767 0.07500000000000007 0
0 0.16399999999999998 0.807 0.04000000000000001 0
0 0.45499999999999996 0.807 0.07600000000000001 0
0 0.6595 0.7805 0 0.05300000000000005
0 0.8440000000000001 0.807 0.06599999999999995 0
0 0.4445 0.847 0.05499999999999999 0
0 0.8445 0.847 0.06300000000000006 0
0 0.4465 0.887 0.059 0
0 0.846 0.887 0.06600000000000006 0
0 0.900875 0.895 0 0.09199999999999997
0 0.849 0.927 0.08599999999999997 0
0 0.5055000000000001 0.967 0.06900000000000006 0
0 0.69725 0.971 0 0.06799999999999984
0 0.8015 0.967 0.06299999999999994 0
0 0.941375 0.984 0 0.05799999999999994
0 1.18075 1.0705 0 0.20699999999999996
0 0.196 1.007 0.10400000000000001 0
0 0.456 1.007 0.15600000000000003 0
0 0.8915 1.007 0.265 0
0 1.248 1.007 0.06199999999999983 0
0 1.1375 1.052 0 0.1120000000000001
0 0.9784999999999999 1.127 0.04700000000000004 0
0 0.218 0.266 0 0.06799999999999998
0 0.258 1.019 0 0.039999999999999925
0 0.298 1.019 0 0.039999999999999925
0 0.338 0.265 0 0.06599999999999998
0 0.338 1.019 0 0.039999999999999925
0 0.378 0.258 0 0.05199999999999996
0 0.418 0.834 0 0.3699999999999999
0 0.458 0.39349999999999996 0 0.044999999999999984
0 0.458 0.8175 0 0.34299999999999997
0 0.498 0.9865 0 0.09899999999999998
0 0.538 0.3765 0 0.07899999999999996
0 0.538 0.9775 0 0.08099999999999996
0 0.578 0.3425 0 0.07700000000000001
0 0.578 1.019 0 0.039999999999999925
0 0.618 1.019 0 0.039999999999999925
0 0.658 0.403 0 0.08000000000000002
0 0.698 0.2535 0 0.093
0 0.698 0.40800000000000003 0 0.09000000000000002
0 0.738 1.019 0 0.039999999999999925
0 0.818 0.4475 0 0.11299999999999999
0 0.818 0.8025 0 0.31299999999999994
0 0.858 0.47550000000000003 0 0.07100000000000001
0 0.858 0.7725 0 0.263
0 0.858 1.0775 0 0.19299999999999995
0 0.938 0.47050000000000003 0 0.08700000000000002
0 0.978 0.477 0 0.068
0 0.978 0.998 0 0.04999999999999993
0 0.978 1.1320000000000001 0 0.039999999999999813
0 1.018 0.9279999999999999 0 0.15799999999999992
0 1.138 0.47750000000000004 0 0.04299999999999998
0 1.338 0.46699999999999997 0 0.07
0 1.338 1.019 0 0.039999999999999925
0 1.378 1.0175 0 0.04299999999999993
0 1.418 1.0175 0 0.04299999999999993
0 1.458 1.0175 0 0.04299999999999993
1 0.7195 0.467 0.04428317965096906 0.05
1 0.8925 0.467 0.04001249804748511 0.05
1 0.782 0.487 0.036 0.05
1 0.921125 0.948 0.04285148772213166 0.05
1 0.717625 1.002 0.04118934935150105 0.05
1 0.558 1.0085 0.04428317965096906 0.05
3 0.438375 0.44875 0.67975 0.48350000000000004
3 1.118125 0.44875 0.67975 0.48350000000000004
3 0.438375 0.93225 0.67975 0.48349999999999993
3 1.118125 0.93225 0.67975 0.48349999999999993