0 0.148625 0.42299999999999993 0 0.27999999999999997
0 0.569 0.403 0.98 0
0 0.9493125 0.5505 0 0.15700000000000003
0 0.9844999999999999 0.523 0.06499999999999995 0
0 1.025 0.563 0.06799999999999995 0
0 0.872875 0.6385 0 0.123
0 0.9975 0.603 0.12299999999999989 0
0 0.1195 0.643 0.081 0
0 0.8300000000000001 0.643 0.06799999999999995 0
0 1.013 0.643 0.09199999999999997 0
0 0.78 0.683 0.08399999999999996 0
0 1.0105 0.683 0.09699999999999998 0
0 0.110375 0.7444999999999999 0 0.09700000000000009
0 0.63175 1.1015 0 0.827
0 0.747875 0.7735000000000001 0 0.19099999999999995
0 1.0305 0.723 0.05699999999999994 0
0 0.59575 0.783 0 0.040000000000000036
0 0.8155 0.763 0.14900000000000002 0
0 1.021 0.763 0.07599999999999996 0
0 0.8460000000000001 0.803 0.09399999999999997 0
0 1.008 0.803 0.10199999999999998 0
0 0.34950000000000003 0.843 0.5589999999999999 0
0 0.7735000000000001 0.843 0.06500000000000006 0
0 1.013 0.843 0.09199999999999997 0
0 0.2795 0.883 0.12100000000000002 0
0 0.806 0.883 0.14200000000000002 0
0 1.0145 0.883 0.08899999999999997 0
0 0.190125 0.9125 0 0.14300000000000002
0 0.4691875 1.111 0 0.54
0 0.7125 0.923 0.17500000000000004 0
0 1.0145 0.923 0.08899999999999997 0
0 0.0975 0.963 0.05499999999999999 0
0 0.151875 0.9725 0 0.09899999999999998
0 0.5045000000000001 0.963 0.09100000000000003 0
0 0.7095 0.9485 0 0.06299999999999994
0 0.74775 0.9390000000000001 0 0.04799999999999993
0 0.8220000000000001 0.963 0.04599999999999993 0
0 1.02 0.963 0.07799999999999996 0
0 0.38725 0.9975 0 0.08100000000000007
0 0.527 1.003 0.13599999999999995 0
0 0.6545000000000001 1.003 0.05500000000000005 0
0 1.017 1.003 0.08399999999999996 0
0 0.5305 1.043 0.049000000000000044 0
0 0.842 1.043 0.43399999999999994 0
0 0.674375 1.0715 0 0.07499999999999996
0 1.016 1.083 0.08599999999999997 0
0 1.0185 1.123 0.08099999999999996 0
0 1.0225 1.163 0.07299999999999995 0
0 0.112 1.203 0.08399999999999999 0
0 1.021 1.203 0.07599999999999996 0
0 0.11750000000000001 1.243 0.095 0
0 1.033 1.243 0.052000000000000046 0
0 0.14450000000000002 1.283 0.04100000000000001 0
0 0.14450000000000002 1.323 0.04100000000000001 0
0 0.1145 1.363 0.089 0
0 0.6915 1.363 0.7349999999999999 0
0 0.34475 1.383 0 0.040000000000000036
0 0.5145 1.383 0 0.040000000000000036
0 0.549 1.383 0 0.040000000000000036
0 0.83925 1.3815 0 0.04299999999999993
0 1.029 0.914 0 1.09
0 0.5780000000000001 1.483 0.118 0
0 0.5780000000000001 1.523 0.118 0
0 0.11 1.2065000000000001 0 0.04100000000000015
0 0.11 1.3785 0 0.040999999999999925
0 0.15 0.6839999999999999 0 0.17600000000000005
0 0.15 1.093 0 0.07200000000000006
0 0.15 1.3085 0 0.14900000000000002
0 0.35 0.8705 0 0.05900000000000005
0 0.43 0.8745 0 0.07300000000000006
0 0.55 0.9390000000000001 0 0.05399999999999994
0 0.55 1.2675 0 0.040999999999999925
0 0.55 1.501 0 0.04399999999999982
0 0.59 0.8665 0 0.05700000000000005
0 0.59 0.9849999999999999 0 0.039999999999999925
0 0.59 1.3860000000000001 0 0.051999999999999824
0 0.59 1.4775 0 0.05499999999999994
0 0.79 0.7165 0 0.121
0 0.79 0.872 0 0.1100000000000001
0 0.83 0.525 0 0.06400000000000006
0 0.83 0.6585 0 0.06699999999999995
0 0.83 0.866 0 0.20799999999999996
0 0.87 0.881 0 0.09600000000000009
0 0.91 0.9670000000000001 0 0.126
0 0.99 0.6034999999999999 0 0.18899999999999995
0 0.99 0.962 0 0.46799999999999997
0 0.99 1.347 0 0.06800000000000006
0 0.99 1.47 0 0.08800000000000008
1 0.1493125 0.5795 0.03302863341102686 0.05
1 0.592875 0.8205 0.03546917675954715 0.05
1 0.817 0.823 0.040607881008493905 0.05
1 0.7995 0.943 0.04001249804748511 0.05
1 0.1509375 1.0395 0.03505018723202488 0.05
1 0.768875 0.89 0.043921094020982675 0.05
1 0.611 1.003 0.032 0.05
1 0.13 1.2305 0.040607881008493905 0.05
1 0.57 0.902 0.04346262762420146 0.05
1 0.59 1.431 0.038 0.05
1 0.99 0.713 0.03 0.05
3 0.31725000000000003 0.593 0.4945 0.6200000000000001
3 0.81175 0.593 0.49449999999999994 0.6200000000000001
3 0.31725000000000003 1.213 0.4945 0.6199999999999999
3 0.81175 1.213 0.49449999999999994 0.6199999999999999