0 0.57725 0.381 0 0.16000000000000003
0 0.6185 0.341 0.1110000000000001 0
0 0.54 0.4235 0 0.08500000000000002
0 0.5255000000000001 0.501 0.05300000000000005 0
0 0.45625 0.6265000000000001 0 0.06300000000000006
0 1.5825 0.861 0.10499999999999998 0
0 1.899 0.901 0.18599999999999994 0
0 2.011 0.981 0.05800000000000005 0
0 1.963 1.061 0.05800000000000005 0
0 1.835 1.101 0.06800000000000006 0
0 1.9075000000000002 1.141 0.139 0
0 0.13625 1.405 0 0.504
0 0.5845 1.181 0.052999999999999936 0
0 0.81590625 1.3940000000000001 0 0.482
0 1.3565 1.181 0.21700000000000008 0
0 1.633 1.181 0.06800000000000006 0
0 1.2850000000000001 1.221 0.07400000000000007 0
0 1.633 1.221 0.06800000000000006 0
0 0.61725 1.2105000000000001 0 0.11499999999999999
0 1.3465 1.261 0.2589999999999999 0
0 1.8325 1.261 0.06300000000000017 0
0 1.41325 1.293 0 0.06800000000000006
0 1.897375 1.333 0 0.08400000000000007
0 1.93725 1.327 0 0.062000000000000055
0 0.592 1.341 0.22799999999999998 0
0 1.8195000000000001 1.341 0.44100000000000006 0
0 2.016 1.381 0.04800000000000004 0
0 2.011 1.461 0.05800000000000005 0
0 1.4165625 1.5935000000000001 0 0.127
0 1.4809999999999999 1.581 0.039999999999999813 0
0 1.458375 1.6635 0 0.08499999999999996
0 0.429 1.661 0.586 0
0 1.1764999999999999 1.661 0.599 0
0 1.5035 1.6835 0 0.04499999999999993
0 0.4165 1.701 0.056999999999999995 0
0 0.376 0.958 0 0.06799999999999995
0 0.416 0.7725 0 0.04700000000000004
0 0.456 0.4935 0 0.041000000000000036
0 0.576 1.1785 0 0.050999999999999934
0 0.896 1.3355000000000001 0 0.11099999999999999
0 0.976 1.6709999999999998 0 0.07000000000000006
0 1.016 1.6709999999999998 0 0.07000000000000006
0 1.056 1.6709999999999998 0 0.07000000000000006
0 1.096 1.6709999999999998 0 0.07000000000000006
0 1.136 1.6709999999999998 0 0.07000000000000006
0 1.216 1.6709999999999998 0 0.07000000000000006
0 1.256 1.1735 0 0.17899999999999983
0 1.256 1.6709999999999998 0 0.07000000000000006
0 1.296 1.208 0 0.10999999999999988
0 1.296 1.6709999999999998 0 0.07000000000000006
0 1.336 1.1735 0 0.17899999999999983
0 1.336 1.6709999999999998 0 0.07000000000000006
0 1.376 1.208 0 0.10999999999999988
0 1.456 1.264 0 0.041999999999999815
0 1.616 0.47250000000000003 0 0.04099999999999998
0 1.616 0.911 0 0.09999999999999998
0 1.616 1.3304999999999998 0 0.11099999999999999
0 1.656 1.264 0 0.2120000000000002
0 1.816 1.2505000000000002 0 0.07899999999999996
0 1.816 1.3595 0 0.040999999999999925
0 1.856 1.248 0 0.08400000000000007
0 1.856 1.3595 0 0.040999999999999925
0 1.976 1.495 0 0.05800000000000005
0 2.016 1.3675 0 0.05699999999999994
1 1.394625 1.24 0.037464149529917265 0.05
1 1.8766875 1.2905 0.04138708282785826 0.05
3 0.6120000000000001 0.65225 0.9520000000000001 0.7025000000000001
3 1.564 0.65225 0.952 0.7025000000000001
3 0.6120000000000001 1.3547500000000001 0.9520000000000001 0.7024999999999999
3 1.564 1.3547500000000001 0.952 0.7024999999999999