0 0.27549999999999997 0.421 0.046999999999999986 0
0 0.279 0.461 0.043999999999999984 0
0 0.2595 0.501 0.10700000000000001 0
0 0.031875 0.5815 0 0.08099999999999996
0 0.244 0.541 0.22199999999999998 0
0 0.3955 0.587 0 0.09199999999999997
0 0.309 0.581 0.28 0
0 0.257 0.621 0.306 0
0 0.27699999999999997 0.661 0.13799999999999998 0
0 0.264 0.701 0.10800000000000001 0
0 0.3483125 0.7305 0 0.119
0 0.295 0.741 0.154 0
0 0.391875 0.75 0 0.1120000000000001
0 0.3165 0.781 0.19699999999999998 0
0 0.273 0.821 0.10400000000000001 0
0 0.399 0.821 0.05399999999999999 0
0 0.331 0.861 0.23600000000000002 0
0 0.2685 0.901 0.095 0
0 0.4075 0.901 0.08300000000000002 0
0 0.2555 0.941 0.07499999999999998 0
0 0.40800000000000003 0.941 0.08200000000000002 0
0 0.297 0.981 0.158 0
0 0.268 1.021 0.1 0
0 0.032125 1.0665 0 0.040999999999999925
0 0.2575 1.061 0.07299999999999998 0
0 0.1105 1.137 0 0.07200000000000006
0 0.26 1.101 0.07799999999999999 0
0 0.2495 1.141 0.089 0
0 0.252 1.181 0.094 0
0 0.2355 1.221 0.10099999999999998 0
0 0.3105 1.2145000000000001 0 0.07499999999999996
0 0.069 0.7865 0 0.06299999999999994
0 0.109 0.5995 0 0.07499999999999996
0 0.149 0.5900000000000001 0 0.11399999999999999
0 0.189 0.5545 0 0.09899999999999998
0 0.229 0.667 0 0.364
0 0.229 0.9650000000000001 0 0.09799999999999998
0 0.229 1.157 0 0.10400000000000009
0 0.269 0.7365 0 1.031
0 0.309 0.8025 0 0.585
0 0.349 0.591 0 0.11199999999999999
0 0.349 0.9570000000000001 0 0.07199999999999995
0 0.389 0.974 0 0.07599999999999996
0 0.429 0.5995 0 0.10299999999999998
0 0.429 0.8895 0 0.09500000000000008
1 0.3335 0.961 0.041 0.05
1 0.409 0.927 0.04001249804748511 0.05
3 0.13615625 0.47875 0.20856249999999998 0.5155000000000001
3 0.34471875 0.47875 0.2085625 0.5155000000000001
3 0.13615625 0.9942500000000001 0.20856249999999998 0.5155
3 0.34471875 0.9942500000000001 0.2085625 0.5155