0 0.41200000000000003 0.89 0.14399999999999996 0
0 0.8434999999999999 1.11 0.33099999999999985 0
0 0.34 0.336 0 0.362
0 0.56 0.9955 0 0.251
0 0.66 0.546 0 0.10999999999999999
0 0.68 1.086 0 0.21000000000000008
0 0.72 1.0534999999999999 0 0.15699999999999992
0 0.765 0.651 0 0.10999999999999999
0 0.83 0.6679999999999999 0 0.14400000000000002
0 1.275 0.5465 0 1.0110000000000001
0 0.8275 0.989 0.05499999999999994 0
0 0.821 0.7050000000000001 0 0.07599999999999996
0 0.869 0.6245 0 0.05300000000000005
0 0.917 0.626 0 0.05600000000000005
0 0.949 0.6255 0 0.05500000000000005
2 0.7883333333333333 1.11 0.035 0.05
2 0.8986666666666666 1.11 0.035 0.05
2 0.34 0.2756666666666666 0.035 0.05
2 0.34 0.3963333333333333 0.035 0.05
2 0.72 1.0535 0.035 0.05
2 1.275 0.18542857142857141 0.035 0.05
2 1.275 0.32985714285714285 0.035 0.05
2 1.275 0.47428571428571425 0.035 0.05
2 1.275 0.6187142857142857 0.035 0.05
2 1.275 0.7631428571428571 0.035 0.05
2 1.275 0.9075714285714286 0.035 0.05
3 0.57375 0.3285 0.46749999999999997 0.575
3 1.04125 0.3285 0.4674999999999999 0.575
3 0.57375 0.9035 0.46749999999999997 0.5750000000000001
3 1.04125 0.9035 0.4674999999999999 0.5750000000000001