0 0.8665 0.555 0.10899999999999999 0
0 0.732 0.79 0.3340000000000001 0
0 0.055 0.29400000000000004 0 0.314
0 0.525 0.5545 0 0.22700000000000004
0 0.615 0.243 0 0.392
0 0.625 0.8140000000000001 0 0.10799999999999998
0 0.71 0.6595 0 0.14300000000000002
0 0.795 0.7275 0 0.16500000000000004
0 0.8 0.193 0 0.29200000000000004
0 0.241 0.141 0.132 0
0 0.36950000000000005 0.141 0.065 0
0 0.46499999999999997 0.141 0.066 0
0 0.2385 0.149 0.05700000000000002 0
0 0.149 0.445 0.06999999999999999 0
0 0.7835 0.597 0.139 0
0 0.2145 0.677 0.07900000000000001 0
0 0.5885 0.685 0.08099999999999996 0
0 0.173 0.7275 0 0.05300000000000005
0 0.197 0.488 0 0.08800000000000002
0 0.197 0.661 0 0.17800000000000005
0 0.517 0.481 0 0.05199999999999999
0 0.517 0.601 0 0.16400000000000003
0 0.613 0.09699999999999999 0 0.088
0 0.613 0.7275 0 0.07700000000000007
0 0.621 0.33999999999999997 0 0.07400000000000001
0 0.853 0.7250000000000001 0 0.10799999999999998
0 0.861 0.5555 0 0.050999999999999934
1 0.322 0.141 0.03 0.05
1 0.417 0.141 0.03 0.05
1 0.197 0.552 0.04 0.05
2 0.6763333333333333 0.79 0.035 0.05
2 0.7876666666666666 0.79 0.035 0.05
2 0.615 0.17766666666666667 0.035 0.05
2 0.615 0.3083333333333333 0.035 0.05
2 0.8 0.193 0.035 0.05
3 0.2715 0.25225000000000003 0.433 0.41050000000000003
3 0.7045 0.25225000000000003 0.43300000000000005 0.41050000000000003
3 0.2715 0.66275 0.433 0.4105
3 0.7045 0.66275 0.43300000000000005 0.4105