0 0.515 0.34 0.10999999999999993 0
0 0.542 0.525 0.10199999999999998 0
0 1.322 0.625 0.4119999999999999 0
0 1.4085 0.62 0.29100000000000015 0
0 0.9115 0.705 0.16100000000000003 0
0 0.6525000000000001 0.71 0.18899999999999995 0
0 1.092 0.78 0.18399999999999994 0
0 0.8375 1 0.14700000000000002 0
0 1.09 0.726 0 0.10599999999999998
0 1.15 0.6355 0 0.23099999999999998
0 1.395 1.5015 0 0.19300000000000006
0 1.53 0.4815 0 0.20499999999999996
0 1.715 1.4425 0 0.17100000000000004
0 0.6185 0.261 0.06300000000000006 0
0 0.618 0.533 0.05600000000000005 0
0 0.1005 0.597 0.067 0
0 1.6235 0.613 0.08299999999999996 0
0 0.1175 0.621 0.06699999999999999 0
0 1.1515 0.621 0.06899999999999995 0
0 1.3399999999999999 0.629 0.062000000000000055 0
0 1.421 0.629 0.06400000000000006 0
0 1.6099999999999999 0.637 0.051999999999999824 0
0 0.1325 0.645 0.069 0
0 1.6099999999999999 0.661 0.051999999999999824 0
0 0.1485 0.669 0.06899999999999999 0
0 0.1605 0.685 0.067 0
0 1.611 0.685 0.053999999999999826 0
0 0.177 0.709 0.068 0
0 0.1935 0.733 0.067 0
0 1.605 0.749 0.05799999999999983 0
0 0.2095 0.757 0.067 0
0 0.6234999999999999 0.757 0.05300000000000005 0
0 0.8755 0.757 0.247 0
0 1.5835 0.773 0.10499999999999998 0
0 0.28049999999999997 0.781 0.179 0
0 1.1345 0.781 0.08899999999999997 0
0 1.42 0.781 0.08800000000000008 0
0 1.5985 0.797 0.129 0
0 0.27949999999999997 0.805 0.141 0
0 1.1360000000000001 0.805 0.08600000000000008 0
0 0.2545 0.813 0.06899999999999998 0
0 0.4415 0.821 0.127 0
0 1.6865 0.853 0.08900000000000019 0
0 1.3485 0.933 0.052999999999999936 0
0 1.3375 0.981 0.05300000000000016 0
0 0.88 0.997 0.06000000000000005 0
0 1.1684999999999999 0.997 0.08500000000000019 0
0 0.8815 1.021 0.05700000000000005 0
0 1.357 1.093 0.11799999999999988 0
0 0.9625 1.109 0.050999999999999934 0
0 1.7069999999999999 1.109 0.06600000000000006 0
0 1.708 1.133 0.06400000000000006 0
0 1.7069999999999999 1.157 0.06600000000000006 0
0 1.709 1.181 0.062000000000000055 0
0 1.709 1.213 0.062000000000000055 0
0 1.709 1.237 0.062000000000000055 0
0 0.9625 1.253 0.050999999999999934 0
0 1.7105000000000001 1.277 0.05499999999999994 0
0 1.3635 1.293 0.06899999999999995 0
0 0.9635 1.301 0.052999999999999936 0
0 0.9625 1.325 0.05499999999999994 0
0 0.9645 1.349 0.05499999999999994 0
0 0.9645 1.373 0.05499999999999994 0
0 0.9645 1.397 0.05499999999999994 0
0 0.9645 1.421 0.05499999999999994 0
0 0.9645 1.445 0.05499999999999994 0
0 0.9645 1.469 0.05499999999999994 0
0 0.966 1.493 0.05400000000000005 0
0 0.966 1.517 0.05400000000000005 0
0 0.109 0.5085 0 0.31300000000000006
0 0.117 0.622 0 0.10400000000000009
0 0.133 0.6465 0 0.10499999999999998
0 0.149 0.6699999999999999 0 0.10199999999999998
0 0.165 0.6930000000000001 0 0.10399999999999998
0 0.181 0.7155 0 0.10099999999999998
0 0.197 0.742 0 0.10400000000000009
0 0.213 0.759 0 0.09800000000000009
0 0.229 0.7745 0 0.08099999999999996
0 0.245 0.788 0 0.061999999999999944
0 0.269 0.7915 0 0.050999999999999934
0 0.405 0.7909999999999999 0 0.051999999999999935
0 0.429 0.7909999999999999 0 0.051999999999999935
0 0.453 0.7909999999999999 0 0.051999999999999935
0 0.477 0.7909999999999999 0 0.051999999999999935
0 0.501 0.7909999999999999 0 0.051999999999999935
0 0.589 0.7889999999999999 0 0.051999999999999935
0 0.645 0.37050000000000005 0 0.069
0 0.645 0.4585 0 0.056999999999999995
0 0.653 0.788 0 0.05399999999999994
0 0.677 0.7885 0 0.050999999999999934
0 0.701 0.7929999999999999 0 0.05999999999999994
0 0.725 0.7905 0 0.07099999999999995
0 0.741 0.7885 0 0.050999999999999934
0 0.789 0.7875 0 0.052999999999999936
0 0.805 0.9844999999999999 0 0.07299999999999995
0 0.837 0.7875 0 0.052999999999999936
0 0.861 0.7855000000000001 0 0.05300000000000005
0 0.885 0.7855000000000001 0 0.05300000000000005
0 0.909 0.7855000000000001 0 0.05300000000000005
0 0.933 0.7855000000000001 0 0.05300000000000005
0 0.933 1.351 0 0.22199999999999998
0 0.949 1.083 0 0.05600000000000005
0 0.957 0.7865 0 0.051000000000000045
0 0.973 1.0910000000000002 0 0.05800000000000005
0 0.981 0.7855000000000001 0 0.05300000000000005
0 1.093 0.7855000000000001 0 0.05300000000000005
0 1.117 0.34750000000000003 0 0.11100000000000004
0 1.117 0.663 0 0.29800000000000004
0 1.141 0.3015 0 0.19300000000000003
0 1.149 0.327 0 0.14200000000000002
0 1.157 0.29600000000000004 0 0.07200000000000001
0 1.157 0.7845 0 0.05500000000000005
0 1.181 0.7845 0 0.051000000000000045
0 1.189 1.2165 0 0.14500000000000002
0 1.301 0.6739999999999999 0 0.09799999999999998
0 1.325 1.452 0 0.11399999999999988
0 1.349 0.9179999999999999 0 0.06999999999999995
0 1.349 1.074 0 0.052000000000000046
0 1.373 1.072 0 0.05600000000000005
0 1.389 0.7845 0 0.051000000000000045
0 1.397 1.074 0 0.052000000000000046
0 1.413 0.7855000000000001 0 0.05300000000000005
0 1.437 0.7829999999999999 0 0.061999999999999944
0 1.461 0.718 0 0.18400000000000005
0 1.501 1.0895000000000001 0 0.05499999999999994
0 1.533 0.7855000000000001 0 0.05300000000000005
0 1.549 1.0234999999999999 0 0.07099999999999995
0 1.557 0.7845 0 0.05500000000000005
0 1.581 0.4245 0 0.069
0 1.589 0.2825 0 0.21900000000000003
0 1.637 0.7735 0 0.10099999999999998
0 1.677 1.1640000000000001 0 0.20399999999999996
0 1.701 1.17 0 0.21599999999999997
0 1.725 1.4245 0 0.0970000000000002
0 1.741 0.9545 0 0.18700000000000006
0 1.749 0.8925000000000001 0 0.06300000000000006
1 1.568 0.6165 0.028861739379323622 0.05
1 1.1655 0.755 0.032015621187164243 0.05
1 0.374 0.801 0.040792156108742275 0.05
1 1.721 1.0695 0.04237924020083418 0.05
2 1.2533333333333332 0.625 0.035 0.05
2 1.3906666666666665 0.625 0.035 0.05
2 1.092 0.78 0.035 0.05
2 1.395 1.5015 0.035 0.05
3 0.48750000000000004 0.52925 0.841 0.7124999999999999
3 1.3285 0.52925 0.8410000000000001 0.7124999999999999
3 0.48750000000000004 1.2417500000000001 0.841 0.7125000000000001
3 1.3285 1.2417500000000001 0.8410000000000001 0.7125000000000001