0 0.753875 0.209 0 0.15999999999999998
0 0.8594999999999999 0.169 0.271 0
0 0.755 0.209 0.062000000000000055 0
0 0.8534999999999999 0.209 0.06900000000000006 0
0 0.98 0.209 0.05399999999999994 0
0 0.517375 0.255 0 0.05799999999999997
0 0.8180000000000001 0.249 0.08199999999999996 0
0 0.9744999999999999 0.249 0.07299999999999995 0
0 0.42600000000000005 0.289 0.22400000000000003 0
0 0.7835 0.289 0.137 0
0 0.97 0.289 0.06400000000000006 0
0 0.917625 0.32899999999999996 0 0.062
0 0.388 0.369 0.14200000000000002 0
0 0.79075 0.2915 0 0.325
0 1.075125 0.384 0 0.07400000000000001
0 0.3875 0.409 0.137 0
0 0.48125 0.429 0 0.040000000000000036
0 0.712 0.42100000000000004 0 0.062
0 0.20850000000000002 0.449 0.093 0
0 0.4065 0.449 0.203 0
0 0.99425 0.419 0 0.58
0 0.55925 0.5715 0 0.08499999999999996
0 0.8360000000000001 0.569 0.051999999999999935 0
0 0.5245 0.609 0.11899999999999994 0
0 0.8435 0.609 0.06699999999999995 0
0 1.0150000000000001 0.609 0.04200000000000004 0
0 0.876 0.6315 0 0.05300000000000005
0 0.4065 0.689 0.371 0
0 0.8335 0.689 0.393 0
0 0.198 0.729 0.07399999999999998 0
0 0.3615 0.729 0.09099999999999997 0
0 0.5095000000000001 0.729 0.05300000000000005 0
0 0.835 0.729 0.05599999999999994 0
0 0.234 0.4855 0 0.491
0 0.314 0.3035 0 0.08899999999999997
0 0.314 0.44899999999999995 0 0.043999999999999984
0 0.314 0.5525 0 0.05699999999999994
0 0.354 0.32299999999999995 0 0.08200000000000002
0 0.434 0.39749999999999996 0 0.07300000000000001
0 0.634 0.552 0 0.04399999999999993
0 0.874 0.198 0 0.07
0 0.914 0.5529999999999999 0 0.05399999999999994
0 1.034 0.41400000000000003 0 0.08000000000000002
0 1.074 0.529 0 0.06000000000000005
0 1.114 0.5225 0 0.04700000000000004
1 0.8025 0.209 0.033 0.05
1 0.3765 0.709 0.04237924020083418 0.05
3 0.39925 0.27949999999999997 0.4764999999999999 0.301
3 0.87575 0.27949999999999997 0.47650000000000015 0.301
3 0.39925 0.5805 0.4764999999999999 0.301
3 0.87575 0.5805 0.47650000000000015 0.301