0 0.08349999999999999 0.187 0.11699999999999999 0
0 0.236 0.227 0.278 0
0 0.0455 0.267 0.041 0
0 0.149 0.267 0.06 0
0 0.226125 0.305 0 0.040000000000000036
0 0.1455 0.374 0 0.10599999999999998
0 0.22675 0.368 0 0.04200000000000004
0 0.0505 0.387 0.051 0
0 0.1365 0.387 0.06100000000000001 0
0 0.1860625 0.40800000000000003 0 0.07800000000000001
0 0.068875 0.40449999999999997 0 0.10900000000000004
0 0.152 0.427 0.06 0
0 0.02725 0.3565 0 0.499
0 0.2675 0.507 0.11100000000000002 0
0 0.2285 0.5765 0 0.05899999999999994
0 0.26075 0.5585 0 0.05699999999999994
0 0.065 0.163 0 0.112
0 0.105 0.216 0 0.043999999999999984
0 0.105 0.35750000000000004 0 0.07300000000000001
0 0.145 0.20049999999999998 0 0.187
0 0.265 0.2745 0 0.095
1 0.14525 0.267 0.027004629232781553 0.05
1 0.091 0.387 0.03 0.05
3 0.1125 0.23174999999999998 0.17500000000000002 0.2495
3 0.2875 0.23174999999999998 0.175 0.2495
3 0.1125 0.48124999999999996 0.17500000000000002 0.2495
3 0.2875 0.48124999999999996 0.175 0.2495