0 0.6930000000000001 0.53 0.344 0
0 1.15 0.685 0.1359999999999999 0
0 0.318 0.9 0.10999999999999999 0
0 0.16 0.6699999999999999 0 0.17000000000000004
0 0.6 0.2835 0 0.385
0 0.865 0.36850000000000005 0 0.38700000000000007
0 0.875 0.34199999999999997 0 0.11400000000000005
0 1.265 0.4235 0 0.14500000000000002
2 0.6356666666666666 0.53 0.035 0.05
2 0.7503333333333333 0.53 0.035 0.05
2 0.6 0.21933333333333332 0.035 0.05
2 0.6 0.3476666666666666 0.035 0.05
3 0.43625 0.29325 0.5525 0.40449999999999997
3 0.98875 0.29325 0.5524999999999999 0.40449999999999997
3 0.43625 0.69775 0.5525 0.4045
3 0.98875 0.69775 0.5524999999999999 0.4045