0 0.808625 0.354 0 0.192
0 0.199 0.418 0.05200000000000002 0
0 0.3005 0.418 0.067 0
0 0.6705 0.418 0.08499999999999996 0
0 0.8680000000000001 0.418 0.136 0
0 1.1355 0.4385 0 0.041000000000000036
0 1.2069999999999999 0.418 0.07000000000000006 0
0 1.357 0.418 0.07799999999999985 0
0 2.0535 0.418 0.08300000000000018 0
0 0.848 0.458 1.36 0
0 2.185 0.458 0.6760000000000002 0
0 0.16975 0.847 0 0.8879999999999999
0 0.20625 0.507 0 0.062000000000000055
0 1.5114999999999998 0.498 0.050999999999999934 0
0 1.8639999999999999 0.498 0.07199999999999984 0
0 0.41525 0.5640000000000001 0 0.051999999999999935
0 1.8635000000000002 0.538 0.07499999999999996 0
0 0.207828125 0.6855 0 0.2350000000000001
0 0.4065 0.578 0.059 0
0 1.52884375 0.8605 0 0.879
0 0.193 0.618 0.04999999999999999 0
0 0.37275 0.6385000000000001 0 0.041000000000000036
0 1.2189999999999999 0.618 0.062000000000000055 0
0 1.5234999999999999 0.618 0.04299999999999993 0
0 0.198 0.658 0.06 0
0 0.39449999999999996 0.658 0.15099999999999997 0
0 0.9934999999999999 0.658 0.09899999999999998 0
0 1.5310000000000001 0.658 0.05800000000000005 0
0 0.1945 0.698 0.05299999999999999 0
0 0.9795 0.698 0.06500000000000006 0
0 1.8675 0.698 0.040999999999999925 0
0 1.0025 0.738 0.11699999999999999 0
0 2.46 0.738 0.06000000000000005 0
0 0.807998046875 0.9560000000000001 0 0.792
0 0.9975 0.778 0.12299999999999989 0
0 1.2884375 0.8175 0 0.07899999999999996
0 1.36975 0.8155 0 0.08299999999999996
0 1.446 0.827 0 0.10599999999999998
0 1.4954999999999998 0.778 0.050999999999999934 0
0 2.1944999999999997 0.778 0.06300000000000017 0
0 0.3065 0.818 0.09499999999999997 0
0 0.41175 0.8195 0 0.07899999999999996
0 0.481 0.818 0.062 0
0 0.53025 0.862 0 0.15999999999999992
0 1.1284999999999998 0.818 0.09099999999999997 0
0 1.207 0.8135 0 0.08299999999999996
0 1.4765000000000001 0.818 0.09099999999999997 0
0 1.610625 0.8235 0 0.04499999999999993
0 1.96725 0.8315 0 0.07299999999999995
0 0.263 0.858 0.18999999999999997 0
0 0.626 0.858 0.06400000000000006 0
0 0.7164999999999999 0.858 0.051000000000000045 0
0 0.7969999999999999 0.858 0.04599999999999993 0
0 0.8945000000000001 0.858 0.07300000000000006 0
0 1.05025 0.879 0 0.07400000000000007
0 1.1335 0.858 0.10099999999999998 0
0 1.4875 0.858 0.11299999999999999 0
0 1.6425 0.858 0.050999999999999934 0
0 1.689 0.8574999999999999 0 0.041000000000000036
0 2.036 0.858 0.3780000000000001 0
0 1.01 0.9255 0 0.05499999999999994
0 1.170125 0.906 0 0.05400000000000005
0 1.304 0.898 0.04400000000000004 0
0 1.5430000000000001 0.898 0.062000000000000055 0
0 0.9555 0.938 0.10099999999999998 0
0 1.1215 0.938 0.05699999999999994 0
0 1.2930000000000001 0.938 0.07000000000000006 0
0 1.528 0.938 0.052000000000000046 0
0 1.5965 0.978 0.19499999999999984 0
0 2.2835 0.978 0.125 0
0 2.4675000000000002 0.978 0.11100000000000021 0
0 0.8325 1.018 0.04899999999999993 0
0 1.004 1.018 0.040000000000000036 0
0 1.0825 1.018 0.040999999999999925 0
0 1.3285 1.018 0.135 0
0 0.891 1.058 0.08200000000000007 0
0 1.010875 1.0525 0 0.137
0 1.048015625 1.24 0 0.4500000000000002
0 1.5125 1.058 0.04899999999999993 0
0 2.0545 1.058 0.04300000000000015 0
0 2.29025 1.123 0 0.1299999999999999
0 0.9535 1.098 0.08699999999999997 0
0 1.2135 1.098 0.2610000000000001 0
0 1.4995 1.098 0.06499999999999995 0
0 0.5700000000000001 1.138 0.07199999999999995 0
0 0.893 1.138 0.050000000000000044 0
0 1.1165 1.138 0.06099999999999994 0
0 1.2149999999999999 1.138 0.05400000000000005 0
0 1.288875 1.1505 0 0.30300000000000005
0 1.369 1.138 0.08999999999999986 0
0 1.5115 1.138 0.040999999999999925 0
0 2.3735 1.138 0.04300000000000015 0
0 0.819 1.178 0.07399999999999995 0
0 1.0405 1.178 0.15100000000000013 0
0 1.3735 1.178 0.05699999999999994 0
0 1.4985 1.178 0.08899999999999997 0
0 1.858 1.178 0.07000000000000006 0
0 0.606 1.3415 0 0.2470000000000001
0 0.855 1.218 0.136 0
0 0.9869999999999999 1.218 0.05999999999999994 0
0 1.0755 1.218 0.04699999999999993 0
0 1.849 1.218 0.10400000000000009 0
0 0.254 1.28 0 0.04400000000000004
0 0.28825 1.2785 0 0.040999999999999925
0 0.326 1.2865 0 0.07299999999999995
0 0.36625 1.2845 0 0.052999999999999936
0 0.5845 1.258 0.10099999999999998 0
0 0.7825 1.258 0.11099999999999999 0
0 0.898 1.258 0.06000000000000005 0
0 1.201 1.258 0.246 0
0 1.367 1.275 0 0.07599999999999985
0 1.467 1.258 0.14600000000000013 0
0 2.019 1.258 0.051999999999999824 0
0 2.13175 1.2854999999999999 0 0.05499999999999994
0 0.235 1.298 0.13399999999999998 0
0 0.9505 1.298 1.179 0
0 2.185 1.298 0.6760000000000002 0
0 0.65525 1.321 0 0.1259999999999999
0 2.28625 1.3645 0 0.20100000000000007
0 0.56825 1.4100000000000001 0 0.1100000000000001
0 0.628 1.378 0.04200000000000004 0
0 1.0885 1.4125 0 0.10499999999999998
0 0.591 1.418 0.061999999999999944 0
0 0.7685 1.418 0.07300000000000006 0
0 0.5880000000000001 1.458 0.07199999999999995 0
0 0.9345 1.458 0.06499999999999995 0
0 0.208 0.4235 0 0.05099999999999999
0 0.248 0.432 0 0.04800000000000004
0 0.248 0.8445 0 0.125
0 0.288 0.4355 0 0.07499999999999996
0 0.288 0.8205 0 0.07699999999999996
0 0.328 0.43100000000000005 0 0.055999999999999994
0 0.328 0.8155 0 0.06699999999999995
0 0.328 1.091 0 0.04800000000000004
0 0.368 0.8180000000000001 0 0.07199999999999995
0 0.408 1.2885 0 0.04899999999999993
0 0.448 0.829 0 0.09799999999999998
0 0.528 0.4375 0 0.04300000000000004
0 0.568 1.2745 0 0.04899999999999993
0 0.608 0.439 0 0.040000000000000036
0 0.688 0.4295 0 0.05299999999999999
0 0.688 0.9145 0 0.050999999999999934
0 0.688 1.288 0 0.07600000000000007
0 0.728 0.42000000000000004 0 0.04999999999999999
0 0.728 0.9219999999999999 0 0.08599999999999997
0 0.728 1.294 0 0.09799999999999986
0 0.768 1.283 0 0.07999999999999985
0 0.808 0.515 0 0.04600000000000004
0 0.848 0.4245 0 0.05299999999999999
0 0.848 1.0305 0 0.051000000000000156
0 0.848 1.1885 0 0.19500000000000006
0 0.888 0.42800000000000005 0 0.045999999999999985
0 0.888 1.1179999999999999 0 0.17999999999999994
0 0.888 1.271 0 0.051999999999999824
0 0.928 0.4075 0 0.10300000000000004
0 0.928 0.976 0 0.136
0 0.928 1.2625000000000002 0 0.050999999999999934
0 0.968 0.7190000000000001 0 0.14600000000000002
0 0.968 0.8625 0 0.041000000000000036
0 0.968 1.072 0 0.09200000000000008
0 0.968 1.3005 0 0.10099999999999998
0 1.008 0.7010000000000001 0 0.17200000000000004
0 1.008 1.291 0 0.05400000000000005
0 1.048 0.754 0 0.07000000000000006
0 1.088 0.8275 0 0.09099999999999997
0 1.088 1.1219999999999999 0 0.3600000000000001
0 1.128 1.1715 0 0.08300000000000018
0 1.168 0.435 0 0.04800000000000004
0 1.168 0.8185 0 0.07299999999999995
0 1.168 1.0105 0 0.07500000000000007
0 1.168 1.286 0 0.06000000000000005
0 1.208 0.4275 0 0.04899999999999999
0 1.208 1.0025 0 0.05900000000000005
0 1.208 1.291 0 0.07000000000000006
0 1.248 0.4315 0 0.067
0 1.248 1.1545 0 0.11699999999999999
0 1.248 1.2745 0 0.04300000000000015
0 1.288 0.9135 0 0.04899999999999993
0 1.328 0.4295 0 0.059
0 1.328 0.8165 0 0.08499999999999996
0 1.328 0.914 0 0.04400000000000004
0 1.328 1.097 0 0.05400000000000005
0 1.328 1.2759999999999998 0 0.04600000000000004
0 1.368 0.439 0 0.07199999999999995
0 1.408 0.8145 0 0.08499999999999996
0 1.408 1.1404999999999998 0 0.08299999999999996
0 1.408 1.2765 0 0.06299999999999994
0 1.448 0.4535 0 0.069
0 1.448 1.26 0 0.08199999999999985
0 1.488 0.4585 0 0.08500000000000002
0 1.488 0.8155 0 0.07699999999999996
0 1.488 1.0695000000000001 0 0.08299999999999996
0 1.488 1.2745 0 0.04899999999999993
0 1.568 0.889 0 0.10399999999999998
0 1.608 0.933 0 0.06599999999999995
0 1.848 0.8654999999999999 0 0.883
0 1.888 0.491 0 0.14000000000000007
0 1.888 0.728 0 0.11199999999999999
0 2.008 0.439 0 0.040000000000000036
0 2.048 0.4325 0 0.059
0 2.048 0.55 0 0.09599999999999997
0 2.048 1.267 0 0.09000000000000008
0 2.088 0.4335 0 0.056999999999999995
0 2.088 1.282 0 0.04200000000000004
0 2.128 0.439 0 0.040000000000000036
0 2.208 0.4325 0 0.059
0 2.208 0.8534999999999999 0 0.17899999999999994
0 2.408 0.835 0 0.07999999999999996
0 2.448 0.8565 0 0.049000000000000044
1 0.8083125 0.471 0.042004650040203886 0.05
1 0.246 0.418 0.042 0.05
1 0.2070390625 0.553 0.030041479299721993 0.05
1 0.207125 0.468 0.027056653525519378 0.05
1 1.28821875 0.873 0.03200299058291271 0.05
1 1.1885625 0.867 0.04399733656711506 0.05
1 1.5893125 0.8415 0.04356478652535784 0.05
1 0.6745 0.858 0.033 0.05
1 0.758 0.858 0.032 0.05
1 0.839 0.858 0.038 0.05
1 1.030125 0.907 0.04409152412879374 0.05
1 1.0104375 0.9685 0.031012346331743428 0.05
1 1.1690625 0.953 0.04005640554268443 0.05
1 0.8535 1.038 0.040607881008493905 0.05
1 0.9325 1.118 0.040792156108742275 0.05
1 1.334 1.118 0.044721359549995794 0.05
1 0.85 1.158 0.0417612260356422 0.05
1 1.1675 1.138 0.041 0.05
1 0.94 1.218 0.034 0.05
1 1.0345 1.218 0.035 0.05
1 0.853 1.258 0.03 0.05
1 0.6045 1.398 0.04272001872658766 0.05
1 0.908 1.058 0.04308131845707603 0.05
1 1.068 0.7855 0.040607881008493905 0.05
1 1.248 1.233 0.04 0.05
1 2.048 0.482 0.04 0.05
3 0.7567499999999999 0.55975 1.1775 0.6035
3 1.93425 0.55975 1.1775000000000002 0.6035
3 0.7567499999999999 1.1632500000000001 1.1775 0.6035
3 1.93425 1.1632500000000001 1.1775000000000002 0.6035