0 1.6505 0.325 0.27100000000000013 0
0 0.5385 0.71 0.10299999999999998 0
0 1.633 0.98 0.4700000000000002 0
0 1.7189999999999999 1.05 0.3979999999999999 0
0 1.1925 1.075 0.4069999999999999 0
0 0.507 1.38 0.14599999999999996 0
0 1.171 1.38 0.18999999999999995 0
0 1.4785 1.38 0.14700000000000002 0
0 1.701 1.385 0.4019999999999999 0
0 1.29 1.4325 0 0.1649999999999998
0 1.925 0.8185 0 0.18500000000000005
0 0.294 0.317 0.252 0
0 0.513 0.317 0.10199999999999992 0
0 1.3265 0.325 0.11299999999999999 0
0 1.4725000000000001 0.325 0.09099999999999997 0
0 1.692 0.325 0.242 0
0 0.6605 0.333 0.11299999999999999 0
0 0.736 0.909 0.06400000000000006 0
0 1.249 0.909 0.06399999999999983 0
0 1.589 1.045 0.062000000000000055 0
0 0.528 1.373 0.08999999999999997 0
0 0.7995 1.373 0.135 0
0 1.1875 1.373 0.1349999999999998 0
0 1.4594999999999998 1.373 0.09099999999999997 0
0 0.773 0.8714999999999999 0 0.06300000000000006
0 0.989 0.2195 0 0.05299999999999999
0 1.917 0.8005 0 0.133
0 1.917 1.1235 0 0.135
1 0.441 0.317 0.042 0.05
1 0.584 0.325 0.04308131845707603 0.05
1 1.405 0.325 0.044 0.05
2 1.6526666666666667 1.05 0.035 0.05
2 1.7853333333333332 1.05 0.035 0.05
2 1.171 1.38 0.035 0.05
2 1.925 0.8185 0.035 0.05
3 0.60725 0.5235 0.8785 0.661
3 1.48575 0.5235 0.8785000000000001 0.661
3 0.60725 1.1844999999999999 0.8785 0.6609999999999999
3 1.48575 1.1844999999999999 0.8785000000000001 0.6609999999999999