0 0.35075 0.14450000000000002 0 0.04100000000000001
0 0.0625 0.182 0.053 0
0 0.2205 0.222 0.38699999999999996 0
0 0.10375 0.362 0 0.43199999999999994
0 0.1245 0.302 0.056999999999999995 0
0 0.0685 0.342 0.083 0
0 0.0755 0.382 0.07900000000000001 0
0 0.068 0.422 0.082 0
0 0.0735 0.462 0.093 0
0 0.39 0.462 0.04799999999999999 0
0 0.074 0.502 0.09 0
0 0.29200000000000004 0.542 0.04999999999999999 0
0 0.067 0.1345 0 0.06500000000000002
0 0.067 0.33699999999999997 0 0.04999999999999999
0 0.067 0.47350000000000003 0 0.14500000000000002
0 0.227 0.21000000000000002 0 0.048000000000000015
0 0.267 0.48250000000000004 0 0.056999999999999995
0 0.347 0.29100000000000004 0 0.057999999999999996
0 0.387 0.456 0 0.10599999999999998
1 0.085375 0.34 0.04232685317856738 0.05
3 0.12375 0.221 0.1935 0.23800000000000004
3 0.31725 0.221 0.19349999999999998 0.23800000000000004
3 0.12375 0.45899999999999996 0.1935 0.23799999999999993
3 0.31725 0.45899999999999996 0.19349999999999998 0.23799999999999993