0 0.269 0.133 0 0.039999999999999994
0 0.314 0.1465 0 0.06499999999999999
0 0.2355 0.2215 0 0.056999999999999995
0 0.31075 0.3115 0 0.10899999999999999
0 0.06925 0.34950000000000003 0 0.04299999999999998
0 0.154 0.39949999999999997 0 0.09300000000000003
0 0.233 0.34550000000000003 0 0.04099999999999998
0 0.3485 0.5755 0 0.04499999999999993
0 0.06 0.593 0.057999999999999996 0
0 0.3335 0.593 0.04899999999999999 0
0 0.31225 0.5660000000000001 0 0.15800000000000003
0 0.384 0.633 0.07800000000000001 0
0 0.071 0.6074999999999999 0 0.07500000000000007
0 0.111 0.16 0 0.03999999999999998
1 0.3515 0.613 0.042059481689626185 0.05
3 0.129 0.246 0.196 0.266
3 0.325 0.246 0.19599999999999998 0.266
3 0.129 0.512 0.196 0.266
3 0.325 0.512 0.19599999999999998 0.266