0 0.35025 0.236 0 0.04600000000000001
0 0.4375 0.222 0.08299999999999996 0
0 0.5840000000000001 0.222 0.061999999999999944 0
0 0.46399999999999997 0.262 0.05199999999999999 0
0 0.583 0.262 0.06399999999999995 0
0 0.1235 0.302 0.046999999999999986 0
0 0.355 0.302 0.10399999999999998 0
0 0.5780000000000001 0.302 0.061999999999999944 0
0 0.5915 0.342 0.09299999999999997 0
0 0.7255 0.342 0.09899999999999998 0
0 0.5740000000000001 0.382 0.06799999999999995 0
0 0.67225 0.4585 0 0.24499999999999994
0 0.34950000000000003 0.422 0.173 0
0 0.5369999999999999 0.422 0.136 0
0 0.10999999999999999 0.462 0.078 0
0 0.6040000000000001 0.462 0.132 0
0 0.6005 0.502 0.11699999999999999 0
0 0.3545 0.542 0.5670000000000001 0
0 0.38249999999999995 0.582 0.619 0
0 0.10999999999999999 0.622 0.06999999999999999 0
0 0.737 0.622 0.08000000000000007 0
0 0.10699999999999998 0.662 0.072 0
0 0.736 0.662 0.07800000000000007 0
0 0.10599999999999998 0.702 0.06999999999999999 0
0 0.661 0.702 0.22399999999999998 0
0 0.10550000000000001 0.742 0.06100000000000001 0
0 0.702 0.742 0.124 0
0 0.10650000000000001 0.782 0.05900000000000001 0
0 0.10450000000000001 0.822 0.05500000000000001 0
0 0.609 0.822 0.22399999999999998 0
0 0.8665 0.822 0.07300000000000006 0
0 0.9865 0.822 0.10699999999999998 0
0 0.10999999999999999 0.862 0.06599999999999999 0
0 0.5645 0.862 0.040999999999999925 0
0 0.10700000000000001 0.902 0.06400000000000002 0
0 0.10700000000000001 0.942 0.06400000000000002 0
0 0.10550000000000001 0.982 0.06500000000000002 0
0 0.32449999999999996 1.022 0.507 0
0 0.9275 1.022 0.2869999999999999 0
0 0.111 0.7795 0 0.5029999999999999
0 0.151 0.2205 0 0.065
0 0.151 0.5409999999999999 0 0.06799999999999995
0 0.151 1.009 0 0.04399999999999993
0 0.191 0.544 0 0.061999999999999944
0 0.191 1.01 0 0.041999999999999926
0 0.231 0.5465 0 0.06299999999999994
0 0.231 1.01 0 0.041999999999999926
0 0.271 0.5429999999999999 0 0.05999999999999994
0 0.271 1.01 0 0.041999999999999926
0 0.311 0.5495 0 0.06899999999999995
0 0.311 1.011 0 0.039999999999999925
0 0.351 0.5455 0 0.06499999999999995
0 0.351 1.011 0 0.039999999999999925
0 0.391 0.5449999999999999 0 0.06799999999999995
0 0.391 1.011 0 0.039999999999999925
0 0.431 0.5429999999999999 0 0.06399999999999995
0 0.431 1.011 0 0.039999999999999925
0 0.471 0.2205 0 0.07700000000000001
0 0.471 0.546 0 0.06599999999999995
0 0.471 1.011 0 0.039999999999999925
0 0.511 0.548 0 0.061999999999999944
0 0.551 0.5085 0 0.517
0 0.551 0.9235 0 0.21499999999999997
0 0.591 0.28600000000000003 0 0.20800000000000002
0 0.631 0.549 0 0.18
0 0.671 0.9235 0 0.21499999999999997
0 0.751 0.7204999999999999 0 0.04700000000000004
1 0.657 0.342 0.038 0.05
1 0.4525 0.422 0.033 0.05
1 0.6945 0.602 0.04031128874149274 0.05
1 0.918 0.822 0.03 0.05
3 0.32099999999999995 0.39425 0.49999999999999994 0.42450000000000004
3 0.821 0.39425 0.5 0.42450000000000004
3 0.32099999999999995 0.81875 0.49999999999999994 0.4244999999999999
3 0.821 0.81875 0.5 0.4244999999999999