0 0.7955 0.245 0.09299999999999997 0
0 1.055 0.22749999999999998 0 0.04500000000000001
0 1.252125 0.3335 0 0.253
0 1.3175 0.245 0.07099999999999995 0
0 0.63 0.285 0.08200000000000007 0
0 0.849875 0.277 0 0.04199999999999998
0 1.1564999999999999 0.285 0.05499999999999994 0
0 0.33099999999999996 0.325 0.05199999999999999 0
0 0.5935 0.325 0.133 0
0 0.2235 0.365 0.069 0
0 0.4305 0.365 0.16900000000000004 0
0 0.631 0.365 0.05800000000000005 0
0 1.2525 0.365 0.06099999999999994 0
0 0.369625 0.4075 0 0.08100000000000002
0 0.49325 0.40249999999999997 0 0.09700000000000003
0 1.2845 0.405 0.125 0
0 1.3050000000000002 0.445 0.07800000000000007 0
0 0.653 0.6194999999999999 0 0.479
0 0.572009765625 0.6859999999999999 0 0.32199999999999995
0 1.2605 0.525 0.07699999999999996 0
0 0.251125 0.6025 0 0.07500000000000007
0 0.289625 0.5905 0 0.051000000000000045
0 0.33099999999999996 0.565 0.05199999999999999 0
0 1.009 0.5974999999999999 0 0.06500000000000006
0 1.0555 0.5640000000000001 0 0.06799999999999995
0 0.5529999999999999 0.605 0.04599999999999993 0
0 1.0425 0.605 0.19300000000000006 0
0 0.5295 0.645 0.23100000000000004 0
0 0.9824999999999999 0.645 0.04300000000000004 0
0 0.157 0.685 0.045999999999999985 0
0 0.21165625 0.8485 0 0.375
0 0.5765 0.685 0.139 0
0 0.595 0.725 0.136 0
0 0.292625 0.8275 0 0.16300000000000003
0 0.45125 0.7925 0 0.10299999999999998
0 0.587 0.765 0.12 0
0 0.25575 0.833 0 0.05599999999999994
0 0.5885 0.805 0.123 0
0 0.37150000000000005 0.845 0.36500000000000005 0
0 0.615 0.845 0.062000000000000055 0
0 1.1625 0.885 0.07099999999999995 0
0 0.8035 0.925 0.10899999999999999 0
0 0.20800000000000002 1.045 0.04400000000000001 0
0 0.6185 1.085 0.05300000000000005 0
0 1.1625 1.085 0.07099999999999995 0
0 0.443 1.125 0.04800000000000004 0
0 0.8265 1.125 0.040999999999999925 0
0 0.956 1.125 0.039999999999999925 0
0 0.172 0.6779999999999999 0 0.04399999999999993
0 0.172 1.0745 0 0.06700000000000017
0 0.212 0.354 0 0.29800000000000004
0 0.212 0.5865 0 0.10299999999999998
0 0.332 0.692 0 0.04599999999999993
0 0.372 0.675 0 0.041999999999999926
0 0.412 0.24 0 0.07000000000000003
0 0.412 0.40249999999999997 0 0.09700000000000003
0 0.452 0.39249999999999996 0 0.07700000000000001
0 0.492 0.622 0 0.05600000000000005
0 0.532 0.351 0 0.055999999999999994
0 0.532 0.6385 0 0.131
0 0.572 0.351 0 0.055999999999999994
0 0.612 0.29000000000000004 0 0.05399999999999999
0 0.612 0.734 0 0.27
0 0.652 0.27599999999999997 0 0.142
0 0.652 1.0514999999999999 0 0.2230000000000001
0 0.772 0.22899999999999998 0 0.048000000000000015
0 0.812 1.142 0 0.04200000000000004
0 0.852 1.142 0 0.04200000000000004
0 1.092 0.22749999999999998 0 0.04500000000000001
0 1.132 0.9805 0 0.365
0 1.292 0.3655 0 0.31700000000000006
0 1.332 1.0705 0 0.04899999999999993
0 1.372 0.8065 0 0.05899999999999994
0 1.372 1.045 0 0.236
1 0.3515 0.345 0.041484937025383084 0.05
1 0.503 0.345 0.0417612260356422 0.05
1 0.6525 0.532 0.03301514803843836 0.05
1 0.231390625 0.6505 0.044707742355910796 0.05
1 0.191828125 1.0385 0.03997021596216988 0.05
1 0.569 0.845 0.03 0.05
1 0.212 0.519 0.032 0.05
1 0.592 0.321 0.04044749683231337 0.05
3 0.4435 0.4445 0.619 0.4790000000000001
3 1.0625 0.4445 0.6190000000000001 0.4790000000000001
3 0.4435 0.9235 0.619 0.479
3 1.0625 0.9235 0.6190000000000001 0.479