0 0.06491796875 0.1685 0 0.21100000000000002
0 0.10603125 0.172 0 0.162
0 0.1455 0.11599999999999999 0 0.055999999999999994
0 0.09649999999999999 0.177 0.091 0
0 0.3135 0.177 0.129 0
0 0.262375 0.228 0 0.05399999999999999
0 0.33099999999999996 0.217 0.09400000000000003 0
0 0.089 0.257 0.07600000000000001 0
0 0.2575 0.257 0.19699999999999998 0
0 0.29875 0.277 0 0.03999999999999998
0 0.305 0.184 0 0.092
0 0.345 0.2465 0 0.08899999999999997
1 0.2805625 0.256 0.03642994132578311 0.05
1 0.143 0.257 0.032 0.05
3 0.13275 0.1215 0.1635 0.11699999999999999
3 0.29625 0.1215 0.1635 0.11699999999999999
3 0.13275 0.2385 0.1635 0.11699999999999999
3 0.29625 0.2385 0.1635 0.11699999999999999