0 0.752625 0.2415 0 0.05300000000000002
0 0.925 0.239 0.07199999999999995 0
0 0.9239999999999999 0.399 0.06599999999999995 0
0 0.1535 0.4615 0 0.044999999999999984
0 0.1325 0.479 0.08099999999999999 0
0 0.376 0.479 0.04800000000000004 0
0 0.630875 0.5289999999999999 0 0.11199999999999999
0 0.598 0.599 0.06400000000000006 0
0 0.6815 0.719 0.09499999999999997 0
0 0.23225 0.758 0 0.07600000000000007
0 0.35075 0.752 0 0.06400000000000006
0 0.544 0.759 0.08799999999999997 0
0 0.63025 0.782 0 0.04600000000000004
0 0.90375 0.8325 0 0.14700000000000002
0 0.9305 0.839 0.06699999999999995 0
0 0.5894999999999999 0.879 0.041000000000000036 0
0 0.109 0.6355000000000001 0 0.34700000000000003
0 0.189 0.47950000000000004 0 0.069
0 0.229 0.326 0 0.33399999999999996
0 0.309 0.7585 0 0.07700000000000007
0 0.469 0.7515000000000001 0 0.06300000000000006
0 0.509 0.653 0 0.16200000000000003
0 0.549 0.7815 0 0.15500000000000003
0 0.589 0.6375 0 0.14700000000000002
0 0.589 0.8045 0 0.10499999999999998
0 0.709 0.275 0 0.03999999999999998
1 0.489 0.6775 0.04237924020083418 0.05
1 0.569 0.7115 0.040607881008493905 0.05
3 0.31 0.34575 0.43600000000000005 0.37349999999999994
3 0.746 0.34575 0.43599999999999994 0.37349999999999994
3 0.31 0.71925 0.43600000000000005 0.37350000000000005
3 0.746 0.71925 0.43599999999999994 0.37350000000000005