0 0.2945 0.3175 0 0.09699999999999998
0 0.5358125 0.311 0 0.11199999999999999
0 0.61225 0.249 0 0.04000000000000001
0 1.2935625 0.2855 0 0.10100000000000003
0 1.3350625 0.28250000000000003 0 0.10700000000000001
0 1.412625 0.27649999999999997 0 0.05299999999999999
0 0.21200000000000002 0.309 0.234 0
0 0.5275000000000001 0.309 0.245 0
0 1.1564999999999999 0.309 0.2470000000000001 0
0 0.124 0.349 0.055999999999999994 0
0 0.175421875 0.42500000000000004 0 0.24400000000000005
0 0.2150625 0.397 0 0.184
0 0.336125 0.32699999999999996 0 0.043999999999999984
0 0.574703125 0.40700000000000003 0 0.13199999999999995
0 0.73775 0.413 0 0.128
0 1.0695000000000001 0.349 0.06699999999999995 0
0 1.169 0.32799999999999996 0 0.04199999999999998
0 1.26025 0.3285 0 0.04099999999999998
0 0.1615 0.389 0.133 0
0 1.067 0.389 0.06800000000000006 0
0 1.2145 0.35050000000000003 0 0.08500000000000002
0 0.242 0.429 0.09199999999999997 0
0 0.812 0.4585 0 0.059
0 0.89025 0.4565 0 0.05499999999999999
0 0.9345625 0.47 0 0.08200000000000002
0 1.3750625 0.45699999999999996 0 0.057999999999999996
0 0.134125 0.504 0 0.10600000000000004
0 0.242 0.469 0.048000000000000015 0
0 0.6795 0.469 0.10299999999999998 0
0 0.8540000000000001 0.469 0.14600000000000002 0
0 0.126 0.509 0.06 0
0 0.2315 0.509 0.07700000000000001 0
0 0.4554375 0.5860000000000001 0 0.18800000000000006
0 0.84925 0.482 0 0.05399999999999999
0 1.174125 0.598 0 0.18999999999999995
0 0.285 0.549 0.378 0
0 0.6659999999999999 0.549 0.08399999999999996 0
0 1.0655000000000001 0.549 0.06500000000000017 0
0 1.298125 0.5700000000000001 0 0.05599999999999994
0 0.398 0.589 0.10400000000000004 0
0 0.5975 0.589 0.09299999999999997 0
0 0.9135 0.589 0.06499999999999995 0
0 1.073 0.589 0.08000000000000007 0
0 1.33534375 0.6655 0 0.18300000000000005
0 1.374875 0.6365000000000001 0 0.09500000000000008
0 0.26075 0.6025 0 0.05300000000000005
0 0.471 0.629 0.328 0
0 0.855 0.629 0.062000000000000055 0
0 1.0695000000000001 0.629 0.07300000000000018 0
0 1.3719999999999999 0.629 0.13400000000000012 0
0 0.377 0.6845 0 0.07499999999999996
0 0.497 0.6475 0 0.04300000000000004
0 0.57075 0.6485000000000001 0 0.041000000000000036
0 0.619125 0.6599999999999999 0 0.08199999999999996
0 0.8885000000000001 0.669 0.05500000000000005 0
0 0.21584375 0.8055 0 0.19300000000000006
0 0.655009765625 0.8255 0 0.2809999999999999
0 1.0615 0.709 0.05700000000000016 0
0 0.1365625 0.7905 0 0.08299999999999996
0 0.6759999999999999 0.749 0.10399999999999998 0
0 0.8855 0.749 0.127 0
0 0.20400000000000001 0.789 0.218 0
0 0.3750078125 0.8999999999999999 0 0.2619999999999999
0 0.74 0.7645 0 0.049000000000000044
0 0.8549375 0.7789999999999999 0 0.07399999999999995
0 0.89 0.7625 0 0.05300000000000005
0 1.0949375 0.617 0 0.6240000000000001
0 1.24825 0.8089999999999999 0 0.039999999999999925
0 0.21300000000000002 0.829 0.23600000000000002 0
0 0.85521875 0.8955 0 0.133
0 1.067 0.829 0.07200000000000006 0
0 1.332 0.829 0.21399999999999997 0
0 0.2535 0.89 0 0.04200000000000004
0 0.935 0.893 0 0.10599999999999998
0 1.173 0.909 0.19199999999999995 0
0 1.37503125 0.9385 0 0.08699999999999997
0 0.894625 1.008 0 0.118
0 0.1745 0.989 0.159 0
0 1.0579999999999998 1.029 0.05800000000000005 0
0 1.06 1.069 0.062000000000000055 0
0 0.40825 1.129 0 0.040000000000000036
0 0.49025 1.131 0 0.04400000000000004
0 0.536625 1.1085 0 0.08499999999999996
0 0.612 1.109 0.08200000000000007 0
0 1.075 1.109 0.09600000000000009 0
0 0.5 1.149 0.81 0
0 0.935 1.171 0 0.06400000000000006
0 1.1905000000000001 1.149 0.33699999999999997 0
0 0.21725 1.1844999999999999 0 0.05499999999999994
0 0.5785 1.186 0 0.05400000000000005
0 0.7545 1.189 0.235 0
0 1.414 1.187 0 0.05600000000000005
0 0.7375 1.229 0.277 0
0 0.135 0.3675 0 0.121
0 0.175 0.785 0 0.05400000000000005
0 0.215 0.5589999999999999 0 0.04799999999999993
0 0.255 0.48650000000000004 0 0.12500000000000006
0 0.255 0.8135 0 0.04299999999999993
0 0.295 0.8155 0 0.04299999999999993
0 0.295 0.9275 0 0.09299999999999997
0 0.335 0.2545 0 0.04500000000000001
0 0.335 0.6435 0 0.07700000000000007
0 0.375 0.5835 0 0.08299999999999996
0 0.375 1.1320000000000001 0 0.050000000000000044
0 0.535 0.7244999999999999 0 0.05500000000000005
0 0.575 1.0964999999999998 0 0.07899999999999996
0 0.615 0.46399999999999997 0 0.057999999999999996
0 0.655 0.5 0 0.08600000000000002
0 0.655 1.137 0 0.19200000000000017
0 0.735 1.2085 0 0.04100000000000015
0 0.775 0.766 0 0.04200000000000004
0 0.895 1.1280000000000001 0 0.04799999999999982
0 1.055 0.6275 0 0.641
0 1.095 1.0905 0 0.10099999999999998
0 1.135 0.709 0 0.04200000000000004
0 1.135 0.8200000000000001 0 0.05599999999999994
0 1.135 1.1255000000000002 0 0.05499999999999994
0 1.215 0.7304999999999999 0 0.06300000000000006
0 1.375 1.1440000000000001 0 0.14200000000000013
0 1.415 0.609 0 0.04800000000000004
1 0.31475 0.299 0.04128256290493603 0.05
1 1.27690625 0.322 0.04351692379121024 0.05
1 0.1952109375 0.541 0.04135732073666795 0.05
1 1.1545625 0.6905 0.039443194913698354 0.05
1 0.6295 0.569 0.044721359549995794 0.05
1 1.316734375 0.586 0.044285836918392996 0.05
1 0.885 0.609 0.04031128874149274 0.05
1 0.257875 0.5265 0.027605479528528386 0.05
1 0.6370673828125 0.693 0.03929015657847627 0.05
1 1.231625 0.764 0.04283179309811813 0.05
1 0.874921875 0.9555 0.04149521103769084 0.05
1 0.25425 0.8515 0.03403307215048327 0.05
1 0.8948125 1.0855 0.03700190028903921 0.05
1 0.5575625 1.155 0.042632330747919465 0.05
1 0.915 1.1535 0.042059481689626185 0.05
1 0.355 0.612 0.044721359549995794 0.05
3 0.431 0.48 0.672 0.502
3 1.103 0.48 0.672 0.502
3 0.431 0.982 0.672 0.5020000000000001
3 1.103 0.982 0.672 0.5020000000000001