0 0.6845 0.407 0.04899999999999993 0
0 0.48375 0.47350000000000003 0 0.05299999999999999
0 0.2525 0.487 0.14100000000000001 0
0 0.7025 0.487 0.17300000000000004 0
0 0.957 0.487 0.1359999999999999 0
0 1.4175 0.487 0.11699999999999999 0
0 0.20700000000000002 0.527 0.04600000000000001 0
0 0.913 0.527 0.04800000000000004 0
0 1.03275 0.5045 0 0.04500000000000004
0 1.115875 0.517 0 0.07000000000000006
0 0.21 0.567 0.05199999999999999 0
0 0.9159999999999999 0.567 0.05399999999999994 0
0 0.21 0.607 0.05199999999999999 0
0 0.9159999999999999 0.607 0.05399999999999994 0
0 0.20600000000000002 0.647 0.048000000000000015 0
0 0.913 0.647 0.04800000000000004 0
0 0.20600000000000002 0.687 0.048000000000000015 0
0 0.913 0.687 0.04800000000000004 0
0 0.20600000000000002 0.727 0.048000000000000015 0
0 0.9115 0.727 0.051000000000000045 0
0 0.20600000000000002 0.767 0.048000000000000015 0
0 0.913 0.767 0.04800000000000004 0
0 0.20750000000000002 0.807 0.05100000000000002 0
0 0.9145000000000001 0.807 0.04500000000000004 0
0 0.209 0.847 0.05399999999999999 0
0 0.9175 0.847 0.050999999999999934 0
0 0.209 0.887 0.05399999999999999 0
0 0.9159999999999999 0.887 0.05399999999999994 0
0 0.998375 0.984 0 0.19399999999999995
0 1.076625 0.9950000000000001 0 0.2220000000000001
0 1.1185 0.9935 0 0.21300000000000008
0 1.318 0.8845000000000001 0 0.04500000000000004
0 1.4205 0.887 0.123 0
0 0.20600000000000002 0.927 0.048000000000000015 0
0 0.677015625 1.0345 0 0.269
0 0.9355 0.927 0.09299999999999997 0
0 1.4015 0.927 0.16100000000000003 0
0 0.2415 0.967 0.119 0
0 0.6585 0.967 0.08899999999999997 0
0 0.766 0.967 0.040000000000000036 0
0 0.9159999999999999 0.967 0.05399999999999994 0
0 0.9625 1.0085 0 0.08300000000000007
0 1.4015 0.967 0.16100000000000003 0
0 0.20600000000000002 1.007 0.048000000000000015 0
0 0.280125 1.095 0 0.17600000000000016
0 0.44 1.007 0.07599999999999996 0
0 0.675 1.007 0.039999999999999925 0
0 0.946 1.007 0.11399999999999988 0
0 1.2149999999999999 1.007 0.09199999999999986 0
0 1.359 1.007 0.1259999999999999 0
0 0.2305 1.047 0.09700000000000003 0
0 0.439 1.047 0.07399999999999995 0
0 0.722 1.047 0.134 0
0 0.9375 1.047 0.09699999999999998 0
0 1.081 1.047 0.06000000000000005 0
0 1.3519999999999999 1.047 0.062000000000000055 0
0 0.2345 1.087 0.10499999999999998 0
0 0.4315 1.087 0.059 0
0 0.708 1.087 0.09599999999999997 0
0 0.942 1.087 0.10599999999999998 0
0 1.089 1.087 0.07600000000000007 0
0 1.3675 1.087 0.09299999999999997 0
0 0.2305 1.127 0.09700000000000003 0
0 0.436 1.127 0.06799999999999995 0
0 0.597625 1.1404999999999998 0 0.07899999999999996
0 0.654 1.127 0.05400000000000005 0
0 0.738 1.127 0.04600000000000004 0
0 0.9145000000000001 1.127 0.04500000000000004 0
0 1.3745 1.127 0.18900000000000006 0
0 0.221 1.167 0.07800000000000001 0
0 0.7175 1.2245 0 0.131
0 0.931 1.167 0.08399999999999996 0
0 1.359125 1.1665 0 0.05899999999999994
0 1.39775 1.146 0 0.062000000000000055
0 1.456 1.167 0.062000000000000055 0
0 0.20600000000000002 1.207 0.048000000000000015 0
0 0.40125 1.227 0 0.040000000000000036
0 0.9159999999999999 1.207 0.04799999999999993 0
0 1.27725 1.2025000000000001 0 0.04299999999999993
0 0.2485 1.247 0.133 0
0 0.419 1.247 0.09999999999999998 0
0 0.6835 1.3055 0 0.11699999999999999
0 0.7355 1.247 0.041000000000000036 0
0 0.921 1.247 0.05799999999999994 0
0 1.135 1.247 0.12400000000000011 0
0 0.20450000000000002 1.287 0.04500000000000001 0
0 0.4755 1.1075 0 0.3589999999999999
0 0.602 1.287 0.05400000000000005 0
0 0.745 1.287 0.05400000000000005 0
0 0.9159999999999999 1.287 0.04799999999999993 0
0 1.1135000000000002 1.287 0.119 0
0 0.20450000000000002 1.327 0.04500000000000001 0
0 0.47575 1.436 0 0.22999999999999998
0 0.9145000000000001 1.327 0.04500000000000004 0
0 1.155875 1.315 0 0.06000000000000005
0 0.203 1.367 0.04200000000000001 0
0 0.640375 1.3784999999999998 0 0.05899999999999994
0 0.738 1.367 0.06800000000000006 0
0 0.954 1.367 0.1299999999999999 0
0 0.20450000000000002 1.407 0.04500000000000001 0
0 0.558 1.407 0.041999999999999926 0
0 0.7315 1.407 0.06500000000000006 0
0 0.9155 1.407 0.052999999999999936 0
0 1.0819999999999999 1.407 0.09000000000000008 0
0 0.20450000000000002 1.447 0.04500000000000001 0
0 0.493 1.447 0.066 0
0 0.735 1.447 0.05600000000000005 0
0 0.917 1.447 0.05599999999999994 0
0 1.0285 1.447 0.05900000000000005 0
0 0.20450000000000002 1.487 0.04500000000000001 0
0 0.67175 1.5125000000000002 0 0.050999999999999934
0 0.731 1.487 0.05400000000000005 0
0 0.9185 1.487 0.052999999999999936 0
0 0.99975 1.5205000000000002 0 0.06699999999999995
0 1.0835 1.487 0.08699999999999997 0
0 0.2265 1.527 0.08900000000000002 0
0 0.5125 1.527 0.22699999999999998 0
0 0.732 1.527 0.06600000000000006 0
0 0.94 1.527 0.10199999999999998 0
0 1.1705 1.527 0.18899999999999983 0
0 1.431 1.527 0.08800000000000008 0
0 0.19375 1.019 0 1.096
0 0.5245 1.5405 0 0.052999999999999936
0 1.16075 1.5419999999999998 0 0.050000000000000044
0 1.205 1.5405 0 0.052999999999999936
0 1.3965 1.6139999999999999 0 0.19400000000000017
0 0.616 1.607 0.296 0
0 0.47425 1.6775 0 0.06099999999999994
0 0.52075 1.6515 0 0.09299999999999997
0 0.59325 1.6720000000000002 0 0.050000000000000044
0 0.64375 1.675 0 0.05600000000000005
0 0.5485 1.687 0.195 0
0 0.727 1.687 0.04600000000000004 0
0 0.258 1.767 0.08199999999999999 0
0 0.3915 1.767 0.10699999999999998 0
0 1.20025 1.8105 0 0.04300000000000015
0 1.282 1.807 0.06000000000000005 0
0 0.237 0.96 0 0.04200000000000004
0 0.237 1.052 0 0.06800000000000006
0 0.237 1.5385 0 0.04899999999999993
0 0.317 0.4365 0 0.139
0 0.437 1.094 0 0.31000000000000016
0 0.557 1.383 0 0.06800000000000006
0 0.557 1.6844999999999999 0 0.04299999999999993
0 0.597 1.256 0 0.07799999999999985
0 0.597 1.5310000000000001 0 0.04600000000000004
0 0.637 0.39649999999999996 0 0.059
0 0.637 0.9615 0 0.041000000000000036
0 0.637 1.4875 0 0.06899999999999995
0 0.677 1.685 0 0.040000000000000036
0 0.717 1.0964999999999998 0 0.06299999999999994
0 0.717 1.4329999999999998 0 0.20799999999999996
0 0.757 1.0155 0 1.089
0 0.917 1.015 0 1.072
0 0.957 0.499 0 0.040000000000000036
0 0.957 1.1735 0 0.06700000000000017
0 0.957 1.531 0 0.040000000000000036
0 1.037 0.9874999999999999 0 0.08699999999999997
0 1.037 1.381 0 0.04800000000000004
0 1.077 1.424 0 0.04600000000000004
0 1.077 1.509 0 0.062000000000000055
0 1.117 1.362 0 0.3840000000000001
0 1.157 1.2025000000000001 0 0.06500000000000017
0 1.197 0.46699999999999997 0 0.064
0 1.197 1.2065 0 0.133
0 1.237 0.8595 0 0.09499999999999997
0 1.237 1.04 0 0.07600000000000007
0 1.317 1.143 0 0.10000000000000009
0 1.357 0.993 0 0.20799999999999996
0 1.397 0.956 0 0.14
0 1.437 0.8745 0 0.08700000000000008
0 1.437 0.9904999999999999 0 0.07699999999999996
0 1.437 1.0975000000000001 0 0.07099999999999995
0 1.477 1.0135 0 1.063
1 1.3375 0.898 0.04295346318982906 0.05
1 0.6972578125 1.164 0.04170113450663693 0.05
1 0.7245 0.967 0.043 0.05
1 1.2785 1.007 0.035 0.05
1 0.5973125 1.1985 0.037005278339717965 0.05
1 0.71725 1.3095 0.03900320499651279 0.05
1 1.3580625 1.0425 0.04005640554268443 0.05
1 1.417375 1.1195 0.04318058012579266 0.05
1 1.297125 1.1585 0.04152183160699923 0.05
1 0.475625 1.304 0.0340009191052242 0.05
1 1.1764375 1.2425 0.04284000029178338 0.05
1 1.028 1.387 0.043863424398922615 0.05
1 0.5195 1.427 0.041484937025383084 0.05
1 1.049 1.467 0.043863424398922615 0.05
1 0.522625 1.586 0.03818458458592944 0.05
1 0.3185 1.767 0.039 0.05
1 0.237 0.9995 0.037 0.05
1 0.617 1.5035 0.04237924020083418 0.05
1 1.437 0.935 0.034 0.05
1 1.437 1.0455 0.033 0.05
3 0.50825 0.73325 0.6525000000000001 0.7324999999999999
3 1.1607500000000002 0.73325 0.6525000000000001 0.7324999999999999
3 0.50825 1.4657499999999999 0.6525000000000001 0.7325000000000002
3 1.1607500000000002 1.4657499999999999 0.6525000000000001 0.7325000000000002