0 0.756 0.418 0.052000000000000046 0
0 1.132125 0.4165 0 0.07100000000000001
0 0.54 0.458 0.061999999999999944 0
0 0.94 0.578 0.04999999999999993 0
0 0.9485 0.618 0.393 0
0 0.7675000000000001 0.698 0.04300000000000004 0
0 1.125 0.698 0.040000000000000036 0
0 0.526 0.738 0.07799999999999996 0
0 1.125 0.738 0.040000000000000036 0
0 0.5820000000000001 0.778 0.384 0
0 1.125 0.778 0.040000000000000036 0
0 0.374 0.818 0.05600000000000005 0
0 0.4935 0.8085 0 0.06299999999999994
0 0.53325 0.806 0 0.05799999999999994
0 0.569 0.794 0 0.128
0 0.60875 0.813 0 0.051999999999999935
0 0.685 0.7975 0 0.040999999999999925
0 0.808 0.818 0.06799999999999995 0
0 1.125 0.818 0.040000000000000036 0
0 0.366 0.858 0.040000000000000036 0
0 1.125 0.858 0.040000000000000036 0
0 0.370375 1.0045 0 0.29300000000000004
0 0.3705 0.938 0.049000000000000044 0
0 1.1295000000000002 0.978 0.04299999999999993 0
0 0.4445 1.018 0.07699999999999996 0
0 0.7455 1.018 0.09300000000000008 0
0 1.134 1.018 0.051999999999999824 0
0 0.41 1.0465 0 0.22699999999999987
0 0.8175 1.058 0.08099999999999996 0
0 0.928 1.065 0 0.07000000000000006
0 1.0150000000000001 1.058 0.08200000000000007 0
0 1.125 1.058 0.040000000000000036 0
0 0.84925 1.0875 0 0.127
0 1.125 1.098 0.04599999999999982 0
0 1.0905 1.138 0.11499999999999999 0
0 0.348 1.178 0.045999999999999985 0
0 1.1280000000000001 1.178 0.039999999999999813 0
0 1.050375 1.2774999999999999 0 0.139
0 0.34950000000000003 1.258 0.04899999999999999 0
0 1.129 1.258 0.041999999999999815 0
0 0.35250000000000004 1.298 0.05499999999999999 0
0 0.929125 1.324 0 0.052000000000000046
0 1.0779999999999998 1.298 0.11999999999999988 0
0 0.9824999999999999 1.338 0.04300000000000004 0
0 1.1280000000000001 1.338 0.039999999999999813 0
0 0.3700703125 1.641 0 0.9100000000000001
0 1.05375 1.4045 0 0.05300000000000016
0 1.1280000000000001 1.418 0.039999999999999813 0
0 1.1280000000000001 1.458 0.039999999999999813 0
0 1.25225 1.4715 0 0.06499999999999995
0 0.7649999999999999 1.498 0.83 0
0 1.3085 1.498 0.08300000000000018 0
0 0.81675 1.518 0 0.040000000000000036
0 0.8935 1.518 0 0.040000000000000036
0 0.9345 1.5135 0 0.04899999999999993
0 1.0515 1.5315 0 0.07299999999999995
0 1.29075 1.577 0 0.18799999999999994
0 1.3195000000000001 1.578 0.061000000000000165 0
0 1.229 1.618 0.09199999999999986 0
0 0.974375 1.6915 0 0.06700000000000017
0 0.9955 1.698 0.06900000000000006 0
0 1.1735 1.6989999999999998 0 0.04600000000000004
0 0.69125 1.9 0 0.3799999999999999
0 0.9199999999999999 1.778 0.07399999999999995 0
0 1.13015625 1.794 0 0.5660000000000001
0 0.7195 1.818 0.05900000000000005 0
0 0.888 1.798 0 0.04400000000000004
0 1.031 1.818 0.07599999999999996 0
0 0.34850000000000003 1.858 0.04099999999999998 0
0 0.727 1.858 0.07400000000000007 0
0 1.1869999999999998 1.858 0.1399999999999999 0
0 0.7204999999999999 1.898 0.061000000000000054 0
0 1.103 1.898 0.10199999999999987 0
0 1.232 1.898 0.07399999999999984 0
0 0.35 1.938 0.043999999999999984 0
0 0.5085000000000001 1.938 0.08700000000000002 0
0 0.7909999999999999 1.938 0.08999999999999997 0
0 1.2894375 1.9565000000000001 0 0.08699999999999997
0 0.349 1.978 0.04199999999999998 0
0 0.7288125 2.031 0 0.12399999999999989
0 0.713 2.018 0.04600000000000004 0
0 0.897 2.018 0.134 0
0 0.563 2.058 0.42000000000000004 0
0 1.1075 2.058 0.4850000000000001 0
0 0.8140000000000001 2.098 0.07999999999999996 0
0 1.022 2.098 0.052000000000000046 0
0 0.21 0.683 0 0.061999999999999944
0 0.33 1.181 0 0.040000000000000036
0 0.33 1.375 0 0.040000000000000036
0 0.33 1.6695 0 0.04300000000000015
0 0.33 1.8645 0 0.04699999999999993
0 0.33 1.9515 0 0.04499999999999993
0 0.37 0.8065 0 0.052999999999999936
0 0.45 0.778 0 0.04600000000000004
0 0.49 1.9825 0 0.19500000000000006
0 0.57 2.08 0 0.05799999999999983
0 0.61 1.955 0 0.1399999999999999
0 0.61 2.0860000000000003 0 0.058000000000000274
0 0.73 0.4195 0 0.065
0 0.73 0.7969999999999999 0 0.039999999999999925
0 0.77 0.7005 0 0.21500000000000008
0 0.77 0.9590000000000001 0 0.04599999999999993
0 0.77 2.072 0 0.041999999999999815
0 0.81 1.9595 0 0.07299999999999995
0 0.93 0.5945 0 0.04700000000000004
0 0.93 2.0455 0 0.09499999999999997
0 0.97 0.593 0 0.050000000000000044
0 0.97 0.8654999999999999 0 0.07100000000000006
0 0.97 1.315 0 0.052000000000000046
0 0.97 1.949 0 0.052000000000000046
0 1.01 0.613 0 0.040000000000000036
0 1.01 1.065 0 0.07000000000000006
0 1.01 1.3195000000000001 0 0.061000000000000165
0 1.01 2.083 0 0.058000000000000274
0 1.05 0.613 0 0.040000000000000036
0 1.05 1.0915 0 0.123
0 1.05 2.0999999999999996 0 0.09200000000000008
0 1.09 0.613 0 0.040000000000000036
0 1.09 1.813 0 0.1120000000000001
0 1.09 1.941 0 0.08000000000000007
0 1.09 2.0545 0 0.07699999999999996
0 1.13 1.0375 0 0.889
0 1.17 1.8645 0 0.04699999999999993
0 1.17 2.0685000000000002 0 0.042999999999999705
0 1.21 1.8645 0 0.09499999999999997
0 1.21 2.0685000000000002 0 0.042999999999999705
0 1.25 1.6085 0 0.04499999999999993
0 1.25 1.9249999999999998 0 0.05400000000000005
0 1.25 2.0685000000000002 0 0.042999999999999705
0 1.29 2.0685000000000002 0 0.042999999999999705
0 1.33 1.5270000000000001 0 0.08799999999999986
0 1.33 1.9565000000000001 0 0.08699999999999997
0 1.33 2.0685000000000002 0 0.042999999999999705
1 0.56 0.798 0.0417612260356422 0.05
1 0.774 0.798 0.04 0.05
1 0.37022265625 1.1685 0.03500132618162712 0.05
1 0.3701875 0.9655 0.02500281234181467 0.05
1 0.7845 1.038 0.04272001872658766 0.05
1 1.0520625 1.3625 0.031183178558318907 0.05
1 0.35003515625 1.6285 0.04278586149474679 0.05
1 1.2715 1.4935 0.04385487430149584 0.05
1 1.2665 1.598 0.04237924020083418 0.05
1 1.130078125 1.335 0.02900042092905722 0.05
1 0.7485 1.918 0.04031128874149274 0.05
1 1.1745 1.898 0.041 0.05
1 0.7735 2.078 0.04001249804748511 0.05
1 1.062 2.078 0.041484937025383084 0.05
1 0.33 1.9085 0.041 0.05
1 0.61 2.041 0.032 0.05
1 1.09 1.885 0.032 0.05
1 1.09 1.9985 0.035 0.05
1 1.23 1.905 0.04237924020083418 0.05
3 0.495 0.82225 0.5700000000000001 0.8825000000000001
3 1.065 0.82225 0.5700000000000001 0.8825000000000001
3 0.495 1.70475 0.5700000000000001 0.8824999999999998
3 1.065 1.70475 0.5700000000000001 0.8824999999999998