0 0.315875 0.2115 0 0.046999999999999986
0 0.0635 0.388 0.056999999999999995 0
0 0.1445 0.548 0.06699999999999999 0
0 0.5085 0.548 0.05700000000000005 0
0 0.11475 0.5665 0 0.04299999999999993
0 0.48250000000000004 0.588 0.10900000000000004 0
0 0.03725 0.573 0 0.542
0 0.063 0.748 0.055999999999999994 0
0 0.514 0.788 0.04600000000000004 0
0 0.5145 0.828 0.04500000000000004 0
0 0.195 0.5155000000000001 0 0.06500000000000006
0 0.355 0.321 0 0.040000000000000036
0 0.515 0.5920000000000001 0 0.05999999999999994
3 0.16049999999999998 0.352 0.251 0.328
3 0.4115 0.352 0.25100000000000006 0.328
3 0.16049999999999998 0.6799999999999999 0.251 0.32799999999999996
3 0.4115 0.6799999999999999 0.25100000000000006 0.32799999999999996