0 1.0005 0.81 0.351 0
0 0.91 0.28300000000000003 0 0.24200000000000002
0 0.485 0.349 0.18199999999999994 0
0 0.8195 0.349 0.30499999999999994 0
0 1.1055 0.789 0.32299999999999995 0
0 0.4475 0.797 0.7869999999999999 0
0 1.105 0.813 0.32399999999999995 0
0 0.077 0.4265 0 0.17099999999999999
0 0.077 0.754 0 0.1140000000000001
0 0.469 0.45 0 0.19400000000000006
0 0.557 0.199 0 0.32999999999999996
0 0.733 0.481 0 0.256
0 0.749 0.46749999999999997 0 0.22899999999999998
0 0.773 0.46749999999999997 0 0.22899999999999998
0 1.069 0.54 0 0.05399999999999994
0 1.117 0.601 0 0.05600000000000005
0 1.117 0.7655000000000001 0 0.09100000000000008
0 1.237 0.7605 0 0.05700000000000005
2 0.942 0.81 0.035 0.05
2 1.059 0.81 0.035 0.05
3 0.35725 0.22875 0.6064999999999999 0.38949999999999996
3 0.9637499999999999 0.22875 0.6064999999999999 0.38949999999999996
3 0.35725 0.61825 0.6064999999999999 0.38949999999999996
3 0.9637499999999999 0.61825 0.6064999999999999 0.38949999999999996