0 0.15899999999999997 0.141 0.252 0
0 0.645 0.141 0.06800000000000006 0
0 0.15899999999999997 0.165 0.252 0
0 0.645 0.165 0.06800000000000006 0
0 0.1625 0.397 0.21300000000000002 0
0 0.6055 0.397 0.14700000000000002 0
0 0.35850000000000004 0.477 0.191 0
0 0.306 0.605 0.5459999999999999 0
0 0.053 0.1845 0 0.08100000000000002
0 0.053 0.398 0 0.10999999999999999
0 0.053 0.589 0 0.061999999999999944
0 0.261 0.2385 0 0.18900000000000003
0 0.261 0.5449999999999999 0 0.15000000000000002
0 0.277 0.575 0 0.05399999999999994
0 0.557 0.6085 0 0.16099999999999992
0 0.573 0.575 0 0.061999999999999944
0 0.573 0.6485 0 0.08099999999999996
0 0.661 0.3035 0 0.056999999999999995
3 0.1945 0.27799999999999997 0.32299999999999995 0.274
3 0.5175000000000001 0.27799999999999997 0.32300000000000006 0.274
3 0.1945 0.5519999999999999 0.32299999999999995 0.27399999999999997
3 0.5175000000000001 0.5519999999999999 0.32300000000000006 0.27399999999999997