0 0.5105 0.181 0.11899999999999994 0
0 0.197 0.221 0.05000000000000002 0
0 0.36 0.221 0.09000000000000002 0
0 0.241 0.261 0.262 0
0 0.5489999999999999 0.261 0.11199999999999999 0
0 0.07 0.341 0.054000000000000006 0
0 0.43500000000000005 0.341 0.064 0
0 0.4375 0.381 0.06899999999999995 0
0 0.577 0.461 0.05599999999999994 0
0 0.16899999999999998 0.541 0.05600000000000002 0
0 0.2835 0.541 0.05099999999999999 0
0 0.517 0.54 0 0.06399999999999995
0 0.0715 0.621 0.063 0
0 0.1835 0.621 0.07500000000000001 0
0 0.1655 0.661 0.05099999999999999 0
0 0.5555 0.661 0.09899999999999998 0
0 0.040375 0.753 0 0.09400000000000008
0 0.464 0.781 0.126 0
0 0.08 0.4565 0 0.631
0 0.12 0.4665 0 0.04899999999999999
0 0.16 0.253 0 0.05000000000000002
0 0.16 0.656 0 0.04400000000000004
0 0.2 0.227 0 0.07200000000000001
0 0.24 0.23 0 0.08000000000000002
0 0.24 0.6455 0 0.07700000000000007
0 0.32 0.2215 0 0.061
0 0.36 0.20400000000000001 0 0.10400000000000001
0 0.36 0.6455 0 0.06700000000000006
0 0.36 0.775 0 0.050000000000000044
0 0.44 0.3315 0 0.059
0 0.44 0.6054999999999999 0 0.05900000000000005
0 0.48 0.765 0 0.07000000000000006
0 0.52 0.7050000000000001 0 0.10599999999999998
0 0.56 0.23149999999999998 0 0.04100000000000001
0 0.56 0.5815 0 0.14700000000000002
0 0.6 0.246 0 0.06600000000000003
0 0.6 0.6285000000000001 0 0.1170000000000001
1 0.1245 0.621 0.043 0.05
1 0.54 0.633 0.04011234224026316 0.05
3 0.18125 0.30574999999999997 0.28250000000000003 0.3295
3 0.46375 0.30574999999999997 0.2825 0.3295
3 0.18125 0.63525 0.28250000000000003 0.32950000000000007
3 0.46375 0.63525 0.2825 0.32950000000000007