0 0.059 0.16 0 0.08200000000000002
0 0.193 0.122 0.22799999999999998 0
0 0.178 0.234 0 0.064
0 0.151 0.242 0.064 0
0 0.100453125 0.34750000000000003 0 0.193
0 0.140109375 0.313 0 0.18400000000000002
0 0.217875 0.311 0 0.05800000000000005
0 0.26025 0.322 0 0.18599999999999997
0 0.10600000000000001 0.362 0.05800000000000001 0
0 0.22175 0.4165 0 0.056999999999999995
0 0.281 0.402 0.05199999999999999 0
0 0.11049999999999999 0.442 0.06699999999999999 0
0 0.26 0.138 0 0.086
1 0.1979375 0.274 0.04296528395111569 0.05
3 0.121 0.1825 0.124 0.17500000000000002
3 0.245 0.1825 0.124 0.17500000000000002
3 0.121 0.35750000000000004 0.124 0.175
3 0.245 0.35750000000000004 0.124 0.175