0 3.9945 0.405 0.383 0
0 0.5645 0.42 0.463 0
0 3.7119999999999997 0.47 0.1080000000000001 0
0 1.233 0.48 0.19800000000000018 0
0 4.3875 0.515 0.12100000000000044 0
0 3.759 0.52 0.18400000000000016 0
0 2.66 0.54 0.35199999999999987 0
0 2.685 0.595 0.266 0
0 4.462 0.67 0.26400000000000023 0
0 1.2515 0.7 0.2370000000000001 0
0 3.461 0.705 0.22599999999999998 0
0 3.649 0.71 0.4119999999999999 0
0 1.8285 0.735 0.2490000000000001 0
0 3.2965 0.9 0.1609999999999996 0
0 1.5795 0.995 0.17299999999999982 0
0 3.154 1.14 0.17600000000000016 0
0 3.4785 1.355 0.15500000000000025 0
0 1.411 1.35 0.12199999999999989 0
0 2.3705 1.415 0.19700000000000006 0
0 3.468 1.415 0.13400000000000034 0
0 1.8455 1.485 0.3710000000000002 0
0 3.396 1.52 0.2320000000000002 0
0 4.6080000000000005 1.77 0.22999999999999954 0
0 4.1045 1.775 0.19899999999999984 0
0 2.2085 1.785 0.11299999999999999 0
0 4.4685 1.905 0.1509999999999998 0
0 3.9675000000000002 1.945 0.15700000000000047 0
0 3.5 2.27 0.1280000000000001 0
0 0.38 2.42 0.32200000000000006 0
0 2.4115 2.48 0.16100000000000003 0
0 3.4284999999999997 2.605 0.20299999999999985 0
0 3.878 2.6 0.27 0
0 4.372 2.6 0.38400000000000034 0
0 1.5285 2.625 0.19700000000000006 0
0 4.282 2.635 0.20400000000000063 0
0 3.706 2.64 0.1379999999999999 0
0 3.333 2.655 0.18199999999999994 0
0 1.4185 2.675 0.347 0
0 2.117 2.86 0.22799999999999976 0
0 3.457 3.055 0.20400000000000018 0
0 3.944 3.055 0.14400000000000013 0
0 3.4415 3.12 0.10500000000000043 0
0 3.6565000000000003 3.12 0.11499999999999977 0
0 3.32 3.145 0.1280000000000001 0
0 0.22 0.8755000000000001 0 0.905
0 0.22 1.9815 0 0.7389999999999999
0 0.225 3.245 0 0.1280000000000001
0 0.815 0.5355 0 0.23900000000000005
0 0.815 0.9095 0 0.261
0 0.84 1.0025 0 0.135
0 1.03 2.4124999999999996 0 0.137
0 1.14 1.558 0 0.42399999999999993
0 1.14 2.436 0 0.18599999999999994
0 1.145 2.5225 0 0.2789999999999999
0 1.17 0.5405 0 0.25500000000000006
0 1.19 1.4075 0 0.363
0 1.205 0.4455 0 0.17900000000000005
0 1.21 1.5779999999999998 0 0.1180000000000001
0 1.49 2.5595 0 0.1589999999999998
0 1.56 1.039 0 0.15600000000000003
0 1.665 1.073 0 0.15600000000000003
0 1.675 1.3375 0 0.359
0 1.7 1.532 0 0.43199999999999994
0 1.825 1.5735000000000001 0 0.17900000000000005
0 1.9 2.3674999999999997 0 0.4049999999999998
0 1.92 1.916 0 0.2999999999999998
0 2.175 1.0975000000000001 0 0.655
0 2.18 1.0625 0 0.1030000000000002
0 2.27 1.8735 0 0.2250000000000001
0 2.29 1.2045 0 0.10899999999999999
0 2.46 1.834 0 0.1479999999999999
0 2.68 2 0 0.17600000000000016
0 2.925 1.823 0 0.1339999999999999
0 3.07 1.3005 0 0.359
0 3.2 2.388 0 0.29800000000000004
0 3.265 2.971 0 0.238
0 3.355 2.9610000000000003 0 0.17399999999999993
0 3.405 1.345 0 0.22999999999999998
0 3.465 2.338 0 0.20199999999999996
0 3.6 2.411 0 0.34999999999999964
0 3.865 2.1425 0 0.18900000000000006
0 3.92 2.5075000000000003 0 0.17899999999999983
0 3.92 1.815 0 0.1259999999999999
0 3.96 2.4955 0 0.20100000000000007
0 4.095 2.8804999999999996 0 0.29899999999999993
0 4.145 2.1710000000000003 0 0.1080000000000001
0 4.555 1.9775 0 0.4630000000000001
0 0.253 1.7654999999999998 0 0.050999999999999934
0 1.197 1.7269999999999999 0 0.07199999999999984
0 1.213 1.031 0 0.052000000000000046
0 1.613 0.8865000000000001 0 0.06900000000000006
0 1.629 0.9055 0 0.07899999999999996
0 1.893 2.191 0 0.07400000000000029
0 1.893 2.2590000000000003 0 0.053999999999999826
0 1.901 1.9064999999999999 0 0.05499999999999994
0 1.925 1.8955 0 0.121
0 2.141 1.3495 0 0.06899999999999995
0 2.149 1.444 0 0.06000000000000005
0 2.469 1.9855 0 0.051000000000000156
0 2.469 2.2015000000000002 0 0.05500000000000016
0 2.485 2.117 0 0.05799999999999983
0 2.685 1.8505 0 0.11699999999999999
0 2.813 1.8175 0 0.06500000000000017
0 3.045 1.8125 0 0.06899999999999995
0 3.061 1.407 0 0.06999999999999984
0 3.101 1.1800000000000002 0 0.09000000000000008
0 3.165 2.3600000000000003 0 0.052000000000000046
0 3.213 0.8260000000000001 0 0.138
0 3.245 1.1785 0 0.08699999999999997
0 3.341 1.251 0 0.051999999999999824
0 3.341 1.339 0 0.05800000000000005
0 3.413 1.4235 0 0.051000000000000156
0 3.445 2.4785000000000004 0 0.05699999999999994
0 3.469 1.643 0 0.06400000000000006
0 3.469 2.323 0 0.10599999999999987
0 3.501 1.572 0 0.06400000000000006
0 3.509 2.515 0 0.08800000000000008
0 3.533 2.41 0 0.05600000000000005
0 3.533 2.5715 0 0.052999999999999936
0 3.917 1.855 0 0.1339999999999999
0 3.925 2.4755000000000003 0 0.1549999999999998
0 4.021 1.8094999999999999 0 0.05499999999999994
0 4.093 2.743 0 0.1120000000000001
0 4.093 2.8455 0 0.06899999999999995
0 4.669 1.834 0 0.10399999999999987
1 3.375 3.1325 0.025495097567963924 0.05
1 2.162 1.4195 0.028231188426986208 0.05
1 2.477 2.1585 0.0322490309931942 0.05
1 3.341 1.2935 0.033 0.05
1 3.485 1.6075 0.032756678708318394 0.05
1 3.521 2.4705 0.04080441152620633 0.05
1 3.521 2.552 0.02778488797889961 0.05
2 2.685 0.595 0.035 0.05
2 1.2515 0.7 0.035 0.05
2 1.8285 0.735 0.035 0.05
2 3.2965 0.9 0.035 0.05
2 3.154 1.14 0.035 0.05
2 3.4785 1.355 0.035 0.05
2 1.7836666666666667 1.485 0.035 0.05
2 1.9073333333333333 1.485 0.035 0.05
2 4.1045 1.775 0.035 0.05
2 0.3263333333333333 2.42 0.035 0.05
2 0.43366666666666664 2.42 0.035 0.05
2 2.4115 2.48 0.035 0.05
2 3.4285 2.605 0.035 0.05
2 4.308 2.6 0.035 0.05
2 4.436 2.6 0.035 0.05
2 0.22 0.5522857142857143 0.035 0.05
2 0.22 0.6815714285714286 0.035 0.05
2 0.22 0.8108571428571429 0.035 0.05
2 0.22 0.9401428571428571 0.035 0.05
2 0.22 1.0694285714285716 0.035 0.05
2 0.22 1.1987142857142858 0.035 0.05
2 0.815 0.5355 0.035 0.05
2 0.815 0.9095 0.035 0.05
2 1.9 2.3 0.035 0.05
2 1.9 2.435 0.035 0.05
2 1.92 1.866 0.035 0.05
2 1.92 1.966 0.035 0.05
2 2.27 1.8735 0.035 0.05
2 3.355 2.961 0.035 0.05
2 3.465 2.338 0.035 0.05
2 3.92 2.5075 0.035 0.05
2 4.555 1.86175 0.035 0.05
2 4.555 1.9775 0.035 0.05
2 4.555 2.09325 0.035 0.05
3 1.345 1.09425 2.2520000000000002 1.4765000000000001
3 3.597 1.09425 2.252 1.4765000000000001
3 1.345 2.5707500000000003 2.2520000000000002 1.4765000000000001
3 3.597 2.5707500000000003 2.252 1.4765000000000001