0 0.37 0.4365 0 0.17100000000000004
0 0.07400000000000001 0.221 0.054000000000000006 0
0 0.482 0.645 0.13800000000000007 0
0 0.102 0.653 0.07799999999999999 0
0 0.4505 0.653 0.07900000000000001 0
0 0.045 0.32699999999999996 0 0.064
0 0.301 0.088 0 0.10599999999999998
0 0.301 0.177 0 0.062
3 0.17149999999999999 0.1895 0.253 0.30899999999999994
3 0.4245 0.1895 0.25300000000000006 0.30899999999999994
3 0.17149999999999999 0.4985 0.253 0.30900000000000005
3 0.4245 0.4985 0.25300000000000006 0.30900000000000005