0 0.294 0.29 0 0.406
0 0.65475 0.109 0 0.04400000000000001
0 0.617 0.188 0 0.04199999999999998
0 0.6933125 0.209 0 0.066
0 0.7740390625 0.3825 0 0.22099999999999997
0 0.69725 0.34299999999999997 0 0.04799999999999999
0 0.733984375 0.3925 0 0.14700000000000002
0 0.1728125 0.376 0 0.062
0 0.42900000000000005 0.367 0.066 0
0 0.49275 0.39 0 0.045999999999999985
0 0.6719999999999999 0.367 0.05799999999999994 0
0 0.6635 0.407 0.22899999999999998 0
0 0.131375 0.4595 0 0.067
0 0.1805 0.47 0 0.045999999999999985
0 0.5765 0.47 0 0.045999999999999985
0 0.776 0.487 0.09599999999999997 0
0 0.214 0.30600000000000005 0 0.05399999999999999
0 0.814 0.11449999999999999 0 0.05499999999999999
0 0.814 0.2385 0 0.10099999999999998
1 0.79401953125 0.3405 0.043426679885514 0.05
1 0.17665625 0.427 0.040732022491523794 0.05
1 0.19340625 0.343 0.04290000182109553 0.05
3 0.30453125 0.1885 0.3463125 0.20299999999999999
3 0.6508437499999999 0.1885 0.34631249999999997 0.20299999999999999
3 0.30453125 0.39149999999999996 0.3463125 0.203
3 0.6508437499999999 0.39149999999999996 0.34631249999999997 0.203