0 0.9079375 0.5115000000000001 0 0.509
0 0.1735 0.297 0.11100000000000002 0
0 0.7395 0.297 0.06900000000000006 0
0 0.153 0.337 0.07 0
0 0.4265 0.337 0.04299999999999998 0
0 0.735 0.337 0.06000000000000005 0
0 0.7900625 0.374 0 0.14800000000000002
0 0.20950000000000002 0.377 0.101 0
0 0.47250000000000003 0.377 0.137 0
0 0.7795 0.377 0.15900000000000003 0
0 1.14825 0.38649999999999995 0 0.04299999999999998
0 0.33 0.417 0.44400000000000006 0
0 0.7505 0.417 0.21099999999999997 0
0 1.4515 0.417 0.2749999999999999 0
0 0.599 0.457 0.07200000000000006 0
0 0.806 0.457 0.09399999999999997 0
0 0.27049999999999996 0.497 0.04299999999999998 0
0 0.9019999999999999 0.497 0.124 0
0 0.27 0.537 0.04199999999999998 0
0 0.9045 0.537 0.131 0
0 1.34925 0.4675 0 0.139
0 0.27149999999999996 0.577 0.044999999999999984 0
0 1.344 0.577 0.06000000000000005 0
0 0.429 0.644 0 0.05600000000000005
0 0.49150000000000005 0.617 0.05499999999999999 0
0 0.8645 0.617 0.049000000000000044 0
0 0.9455 0.617 0.040999999999999925 0
0 1.3455 0.617 0.06499999999999995 0
0 0.492 0.657 0.055999999999999994 0
0 0.865 0.657 0.052000000000000046 0
0 0.948 0.657 0.04599999999999993 0
0 1.550375 0.6699999999999999 0 0.06399999999999995
0 0.345 0.697 0.04999999999999999 0
0 0.905 0.697 0.09199999999999997 0
0 0.9159999999999999 0.737 0.061999999999999944 0
0 1.3445 0.737 0.06299999999999994 0
0 0.9055 0.777 0.041000000000000036 0
0 0.23049999999999998 0.857 0.245 0
0 0.5740000000000001 0.857 0.11199999999999999 0
0 0.7809999999999999 0.857 0.128 0
0 0.903 0.857 0.04800000000000004 0
0 1.3915 0.8654999999999999 0 0.049000000000000044
0 0.1425 0.897 0.06899999999999999 0
0 0.7655000000000001 0.897 0.07900000000000007 0
0 0.9584999999999999 0.897 0.1449999999999999 0
0 1.339 0.897 0.052000000000000046 0
0 0.14300000000000002 0.937 0.05000000000000002 0
0 0.2435 0.937 0.05500000000000002 0
0 0.3495 0.969 0 0.06399999999999983
0 1.073 0.937 0.374 0
0 1.347 0.937 0.06800000000000006 0
0 1.5105 0.937 0.14700000000000002 0
0 0.243 0.977 0.058000000000000024 0
0 0.402 0.977 0.09600000000000003 0
0 0.5585 0.977 0.08299999999999996 0
0 0.74225 1.003 0 0.051999999999999935
0 0.82875 1.0235 0 0.16500000000000015
0 0.907 0.977 0.04200000000000004 0
0 1.4 0.977 0.17400000000000015 0
0 0.396 1.017 0.122 0
0 0.56 1.017 0.08599999999999997 0
0 0.9165 1.017 0.06099999999999994 0
0 1.342 1.017 0.05400000000000005 0
0 1.603 1.017 0.05799999999999983 0
0 0.23049999999999998 1.057 0.245 0
0 0.556 1.057 0.07999999999999996 0
0 0.661 1.057 0.05399999999999994 0
0 0.9075 1.057 0.04300000000000004 0
0 1.4445000000000001 1.057 0.2569999999999999 0
0 0.3155 1.097 0.049000000000000044 0
0 0.42900000000000005 1.097 0.064 0
0 1.3405 1.097 0.04899999999999993 0
0 0.27325 1.1555 0 0.052999999999999936
0 0.692 1.137 0.06399999999999995 0
0 0.74975 1.1365 0 0.06499999999999995
0 0.7905 1.139 0 0.07200000000000006
0 1.3525 1.137 0.07299999999999995 0
0 1.3439999999999999 1.177 0.05400000000000005 0
0 1.5375 1.177 0.11099999999999999 0
0 0.22525 1.248 0 0.06199999999999983
0 0.315 1.217 0.050000000000000044 0
0 0.82875 1.245 0 0.16399999999999992
0 1.592 1.1895 0 0.05500000000000016
0 0.9145 1.257 0.06499999999999995 0
0 1.444 1.257 0.09000000000000008 0
0 0.379 1.297 0.10799999999999998 0
0 0.9155 1.297 0.06699999999999995 0
0 1.3975 1.297 0.16500000000000004 0
0 0.487 1.337 0.08800000000000002 0
0 0.8714999999999999 1.337 0.08700000000000008 0
0 1.362 1.337 0.09599999999999986 0
0 1.4765 1.3159999999999998 0 0.04200000000000004
0 0.3455 1.419 0 0.08400000000000007
0 1.3825 1.377 0.07299999999999995 0
0 0.542 1.417 0.10799999999999998 0
0 0.889 1.417 0.04400000000000004 0
0 1.54725 1.4275 0 0.06700000000000017
0 1.4395 1.457 0.24299999999999988 0
0 0.108 0.4655 0 0.129
0 0.108 0.8365 0 0.125
0 0.108 1.0495 0 0.11099999999999999
0 0.108 1.2595 0 0.06299999999999994
0 0.108 1.4344999999999999 0 0.05300000000000016
0 0.148 0.30000000000000004 0 0.08600000000000002
0 0.148 0.9495 0 0.08499999999999996
0 0.148 1.171 0 0.040000000000000036
0 0.148 1.2555 0 0.040999999999999925
0 0.188 0.348 0 0.182
0 0.188 0.7985 0 0.251
0 0.188 1.0725 0 0.06099999999999994
0 0.228 0.396 0 0.05399999999999999
0 0.228 0.9465 0 0.09299999999999997
0 0.228 1.074 0 0.07200000000000006
0 0.228 1.4344999999999999 0 0.05300000000000016
0 0.268 0.38649999999999995 0 0.065
0 0.268 0.5715 0 0.15500000000000003
0 0.268 1.073 0 0.04800000000000004
0 0.268 1.2570000000000001 0 0.04399999999999982
0 0.268 1.4344999999999999 0 0.05300000000000016
0 0.308 0.5640000000000001 0 0.18800000000000006
0 0.308 1.088 0 0.07800000000000007
0 0.348 0.398 0 0.045999999999999985
0 0.348 0.7384999999999999 0 0.08900000000000008
0 0.348 1.1425 0 0.04899999999999993
0 0.428 0.2935 0 0.07300000000000001
0 0.428 0.39049999999999996 0 0.05299999999999999
0 0.428 0.9784999999999999 0 0.07500000000000007
0 0.468 0.40149999999999997 0 0.067
0 0.468 0.6745 0 0.15700000000000003
0 0.468 1.1065 0 0.06699999999999995
0 0.508 0.394 0 0.05199999999999999
0 0.508 0.53 0 0.05800000000000005
0 0.508 0.639 0 0.09000000000000008
0 0.548 0.40249999999999997 0 0.065
0 0.548 0.9955 0 0.08500000000000008
0 0.548 1.2085 0 0.08899999999999997
0 0.588 0.46499999999999997 0 0.05399999999999999
0 0.588 0.9904999999999999 0 0.09299999999999997
0 0.668 1.1545 0 0.04100000000000015
0 0.708 0.36 0 0.20600000000000002
0 0.708 1.1099999999999999 0 0.09800000000000009
0 0.708 1.2845 0 0.04499999999999993
0 0.748 0.311 0 0.10799999999999998
0 0.748 0.43100000000000005 0 0.064
0 0.748 0.899 0 0.09199999999999997
0 0.788 0.899 0 0.09199999999999997
0 0.828 0.4105 0 0.09700000000000003
0 0.868 0.5165 0 0.08700000000000008
0 0.868 0.6455 0 0.08300000000000007
0 0.868 1.421 0 0.08000000000000007
0 0.908 1.1305 0 0.603
0 0.948 0.5225 0 0.06500000000000006
0 0.948 0.647 0 0.06000000000000005
0 0.948 1.0145 0 0.07699999999999996
0 0.948 1.2635 0 0.07299999999999995
0 1.068 0.6000000000000001 0 0.07999999999999996
0 1.068 0.919 0 0.04999999999999993
0 1.348 0.8275 0 0.129
0 1.348 1.213 0 0.42599999999999993
0 1.388 0.42300000000000004 0 0.04999999999999999
0 1.388 1.0295 0 0.05300000000000016
0 1.428 1.4335 0 0.05500000000000016
0 1.468 0.455 0 0.11599999999999999
0 1.468 1.1789999999999998 0 0.04200000000000004
0 1.468 1.433 0 0.05600000000000005
0 1.508 1.17 0 0.05600000000000005
0 1.548 1.178 0 0.040000000000000036
0 1.588 0.6635 0 0.06899999999999995
0 1.588 0.982 0 0.04599999999999993
0 1.588 1.088 0 0.07800000000000007
0 1.628 1.3439999999999999 0 0.10200000000000009
1 0.5575 0.437 0.041484937025383084 0.05
1 0.7095 0.437 0.04123105625617661 0.05
1 0.8465 0.477 0.042059481689626185 0.05
1 0.907 0.617 0.036 0.05
1 0.862 0.857 0.034 0.05
1 0.745125 0.941 0.03251249759707796 0.05
1 0.809625 1.1045 0.03836746668728599 0.05
1 0.808375 0.9795 0.040945848385398 0.05
1 0.2825 1.037 0.043863424398922615 0.05
1 1.474 1.037 0.04001249804748511 0.05
1 0.615 1.057 0.038 0.05
1 0.270625 1.1155 0.032427804427682116 0.05
1 0.809625 1.169 0.0400881840446783 0.05
1 1.59 1.133 0.035227829907617074 0.05
1 0.438 1.317 0.04123105625617661 0.05
1 0.128 0.903 0.040792156108742275 0.05
1 0.128 1.006 0.04004996878900158 0.05
1 0.168 0.8325 0.04346262762420146 0.05
1 0.148 1.213 0.044 0.05
1 0.428 0.347 0.034 0.05
1 0.508 0.5765 0.035 0.05
1 0.748 0.382 0.034 0.05
1 1.588 1.027 0.044 0.05
3 0.489 0.558 0.762 0.602
3 1.251 0.558 0.7619999999999999 0.602
3 0.489 1.1600000000000001 0.762 0.6020000000000001
3 1.251 1.1600000000000001 0.7619999999999999 0.6020000000000001