0 1.045 0.476 0 0.11000000000000004
0 1.045 0.816 0 0.25
0 0.258 0.221 0.376 0
0 1.0314999999999999 0.221 0.061000000000000165 0
0 0.6405000000000001 0.229 0.061000000000000054 0
0 0.249 0.245 0.394 0
0 1.009 0.245 0.1060000000000001 0
0 0.6415 0.253 0.05900000000000005 0
0 0.2365 0.621 0.369 0
0 0.9470000000000001 0.621 0.2300000000000001 0
0 0.13799999999999998 0.637 0.072 0
0 0.2225 0.637 0.069 0
0 1.0314999999999999 0.645 0.061000000000000165 0
0 0.6045 0.741 0.38700000000000007 0
0 0.49849999999999994 0.941 0.177 0
0 0.47900000000000004 0.965 0.854 0
0 0.8965000000000001 1.037 0.05300000000000005 0
0 0.8965000000000001 1.061 0.05300000000000005 0
0 0.077 0.289 0 0.12799999999999997
0 0.077 0.6225 0 0.17299999999999993
0 0.077 0.9215 0 0.09699999999999998
0 0.413 0.373 0 0.29600000000000004
0 0.413 0.8525 0 0.235
0 0.565 0.909 0 0.122
0 0.589 0.909 0 0.122
0 0.869 1.012 0 0.13200000000000012
0 0.893 0.9575 0 0.2410000000000001
0 0.901 1.0145 0 0.1270000000000001
0 1.037 0.46299999999999997 0 0.066
0 1.037 1.0505 0 0.05500000000000016
3 0.30450000000000005 0.43524999999999997 0.505 0.4285
3 0.8095000000000001 0.43524999999999997 0.505 0.4285
3 0.30450000000000005 0.86375 0.505 0.4285000000000001
3 0.8095000000000001 0.86375 0.505 0.4285000000000001