0 0.33299999999999996 0.544 0.16199999999999998 0
0 0.6984999999999999 0.584 0.241 0
0 1.1325 0.584 0.279 0
0 1.043375 0.604 0 0.052000000000000046
0 1.128625 0.6094999999999999 0 0.07300000000000006
0 1.21275 0.5985 0 0.051000000000000045
0 1.1655 0.669 0 0.19400000000000006
0 1.2435625 0.6995 0 0.127
0 0.35250000000000004 0.704 0.044999999999999984 0
0 0.57225 0.7275 0 0.04700000000000004
0 0.762 0.7225 0 0.07699999999999996
0 1.1955 0.704 0.06300000000000017 0
0 0.363 0.744 0.202 0
0 0.6705000000000001 0.744 0.241 0
0 0.9795 0.744 0.05700000000000005 0
0 0.204 0.553 0 0.48400000000000004
0 0.244 0.28 0 0.224
0 0.284 0.189 0 0.043999999999999984
0 0.284 0.7324999999999999 0 0.07500000000000007
0 0.324 0.7284999999999999 0 0.06500000000000006
0 0.364 0.729 0 0.07000000000000006
0 0.644 0.743 0 0.04800000000000004
0 0.684 0.7175 0 0.05900000000000005
0 0.724 0.746 0 0.062000000000000055
0 0.844 0.6665 0 0.04699999999999993
0 0.884 0.184 0 0.04799999999999999
0 0.924 0.1865 0 0.05299999999999999
0 0.964 0.1895 0 0.04899999999999999
0 1.004 0.645 0 0.134
0 1.044 0.1905 0 0.05299999999999999
1 1.22815625 0.63 0.033066753034581425 0.05
3 0.471 0.31875 0.534 0.3175
3 1.005 0.31875 0.534 0.3175
3 0.471 0.63625 0.534 0.31750000000000006
3 1.005 0.63625 0.534 0.31750000000000006