0 0.0865 0.169 0.047 0
0 0.2585 0.16699999999999998 0 0.04000000000000001
0 0.201 0.329 0.04600000000000001 0
0 0.0795 0.409 0.095 0
0 0.236 0.409 0.158 0
0 0.063 0.449 0.06 0
0 0.14275 0.44299999999999995 0 0.07
0 0.20750000000000002 0.449 0.05300000000000002 0
0 0.26 0.47250000000000003 0 0.063
0 0.085 0.489 0.1 0
0 0.061 0.4425 0 0.07100000000000001
0 0.101 0.435 0 0.052000000000000046
0 0.181 0.44999999999999996 0 0.045999999999999985
0 0.221 0.3275 0 0.061
0 0.221 0.4435 0 0.07100000000000001
0 0.301 0.1755 0 0.101
1 0.142 0.409 0.03 0.05
3 0.10275 0.21975 0.1415 0.1895
3 0.24425 0.21975 0.14150000000000001 0.1895
3 0.10275 0.40925 0.1415 0.1895
3 0.24425 0.40925 0.14150000000000001 0.1895