0 0.562875 0.33399999999999996 0 0.46799999999999997
0 0.602125 0.1525 0 0.10499999999999998
0 0.5800000000000001 0.18 0.041999999999999926 0
0 0.6075 0.298 0 0.156
0 0.203 0.27949999999999997 0 0.04299999999999998
0 0.1055 0.3 0.095 0
0 0.08549999999999999 0.34 0.053000000000000005 0
0 0.4020625 0.35950000000000004 0 0.069
0 0.34550000000000003 0.38 0.05299999999999999 0
0 0.33899999999999997 0.42 0.03999999999999998 0
0 0.4865 0.41500000000000004 0 0.03999999999999998
0 0.1605 0.47250000000000003 0 0.04099999999999998
0 0.245375 0.472 0 0.03999999999999998
0 0.28425 0.472 0 0.03999999999999998
0 0.322125 0.5055 0 0.12499999999999994
0 0.233 0.5 0.34400000000000003 0
0 0.3615 0.4745 0 0.18699999999999994
0 0.123 0.47250000000000003 0 0.04099999999999998
0 0.203 0.47250000000000003 0 0.04099999999999998
0 0.363 0.32299999999999995 0 0.05199999999999999
0 0.403 0.46799999999999997 0 0.05199999999999999
0 0.483 0.143 0 0.072
1 0.38178125 0.3875 0.04259479318238322 0.05
3 0.195375 0.21700000000000003 0.27475 0.234
3 0.470125 0.21700000000000003 0.27475000000000005 0.234
3 0.195375 0.45099999999999996 0.27475 0.23399999999999993
3 0.470125 0.45099999999999996 0.27475000000000005 0.23399999999999993