0 0.34450000000000003 0.117 0.185 0
0 0.2014375 0.1985 0 0.091
0 0.162 0.261 0 0.13
0 0.1935 0.237 0.17100000000000004 0
0 0.6005 0.2495 0 0.05500000000000002
0 0.085 0.30400000000000005 0 0.07400000000000001
0 0.1835 0.277 0.11499999999999999 0
0 0.283125 0.26849999999999996 0 0.059
0 0.321625 0.268 0 0.066
0 0.401375 0.3085 0 0.09299999999999997
0 0.5305 0.277 0.121 0
0 0.1355 0.317 0.155 0
0 0.2425 0.27749999999999997 0 0.07900000000000001
0 0.439125 0.348 0 0.062
0 0.5245 0.3785 0 0.123
0 0.32175 0.368 0 0.064
0 0.38549999999999995 0.357 0.07300000000000001 0
0 0.08525 0.4165 0 0.046999999999999986
0 0.123625 0.4165 0 0.046999999999999986
0 0.169 0.4185 0 0.04299999999999998
0 0.2015 0.4165 0 0.046999999999999986
0 0.40175 0.4185 0 0.04299999999999998
0 0.564125 0.4165 0 0.046999999999999986
0 0.601875 0.41600000000000004 0 0.04799999999999999
0 0.122 0.2565 0 0.052999999999999964
0 0.202 0.32 0 0.08599999999999997
0 0.242 0.4165 0 0.046999999999999986
0 0.322 0.098 0 0.041999999999999996
0 0.362 0.099 0 0.044
0 0.362 0.269 0 0.068
0 0.402 0.0985 0 0.043
0 0.562 0.251 0 0.058000000000000024
1 0.22196875 0.241 0.04149854101351034 0.05
1 0.1035 0.2855 0.04031128874149274 0.05
1 0.3216875 0.3185 0.03500022321357394 0.05
1 0.4015625 0.376 0.04200167407377949 0.05
1 0.20175 0.3585 0.030004166377354993 0.05
3 0.19396875 0.16775 0.2719375 0.1815
3 0.46590625 0.16775 0.27193750000000005 0.1815
3 0.19396875 0.34925 0.2719375 0.1815
3 0.46590625 0.34925 0.27193750000000005 0.1815