0 0.6115 0.29200000000000004 0 0.10200000000000004
0 1.3366875 0.6585000000000001 0 0.8350000000000001
0 1.932 0.281 0.04200000000000004 0
0 0.608 0.321 0.07600000000000007 0
0 0.933 0.321 0.18200000000000005 0
0 1.05525 0.322 0 0.04200000000000004
0 1.244 0.321 0.15600000000000014 0
0 1.935 0.321 0.04800000000000004 0
0 0.2215 0.401 0.065 0
0 0.6183125 0.4525 0 0.15500000000000003
0 1.6955 0.401 0.051000000000000156 0
0 2.018 0.505 0 0.09400000000000003
0 0.5005 0.521 0.04500000000000004 0
0 0.380125 0.698 0 0.11399999999999999
0 0.355 0.681 0.062 0
0 0.4185 0.7170000000000001 0 0.14
0 0.77625 0.774 0 0.254
0 0.9370625 0.7335 0 0.10499999999999998
0 1.100625 0.7150000000000001 0 0.06799999999999995
0 0.2415 0.721 0.20699999999999996 0
0 0.4205 0.721 0.067 0
0 0.6915 0.721 0.04699999999999993 0
0 1.0295 0.721 0.04699999999999993 0
0 1.2770000000000001 0.721 0.09000000000000008 0
0 1.472 0.721 0.15399999999999991 0
0 1.635 0.721 0.1080000000000001 0
0 1.996 0.721 0.062000000000000055 0
0 0.326 0.761 0.15400000000000003 0
0 1.0675 0.761 0.11300000000000021 0
0 1.25775 0.8085 0 0.21300000000000008
0 1.53925 0.734 0 0.06400000000000006
0 0.6065 0.801 0.04500000000000004 0
0 1.13675 0.7729999999999999 0 0.07999999999999996
0 1.02225 0.81 0 0.061999999999999944
0 1.17775 0.8555 0 0.10099999999999998
0 1.274 0.841 0.10199999999999987 0
0 1.4188125 0.5755 0 0.7489999999999999
0 1.517 0.841 0.04399999999999982 0
0 1.7781484375 0.9099999999999999 0 0.16400000000000003
0 0.9015 0.881 0.08499999999999996 0
0 1.081 0.881 0.1459999999999999 0
0 1.2915 0.881 0.07300000000000018 0
0 1.5735000000000001 0.881 0.17900000000000005 0
0 0.513 0.921 0.184 0
0 0.62125 0.9475 0 0.07899999999999996
0 1.65275 0.9 0 0.04200000000000004
0 1.9535 0.921 0.06300000000000017 0
0 0.69 1.001 0.14200000000000002 0
0 1.81825 0.986 0 0.07600000000000007
0 1.956 1.001 0.06800000000000006 0
0 0.6995 1.075 0 0.08800000000000008
0 0.909 1.041 0.04800000000000004 0
0 1.5715 1.0735000000000001 0 0.06500000000000017
0 1.8359999999999999 1.041 0.08600000000000008 0
0 0.23550000000000001 1.081 0.191 0
0 0.381 1.081 0.040000000000000036 0
0 0.5855 1.081 0.305 0
0 1.0465 1.081 0.5569999999999999 0
0 1.6295000000000002 1.081 0.4690000000000001 0
0 1.9485000000000001 1.081 0.0930000000000002 0
0 0.49725 1.0975000000000001 0 0.04699999999999993
0 1.167 1.121 0.30600000000000005 0
0 1.6324999999999998 1.121 0.41700000000000004 0
0 1.936 1.121 0.1080000000000001 0
0 0.258 1.0695000000000001 0 0.05899999999999994
0 0.298 0.7110000000000001 0 0.07599999999999996
0 0.298 1.052 0 0.10000000000000009
0 0.338 1.0965 0 0.04499999999999993
0 0.418 0.887 0 0.050000000000000044
0 0.458 0.95 0 0.06799999999999995
0 0.458 1.0950000000000002 0 0.04200000000000004
0 0.498 0.4625 0 0.15100000000000002
0 0.498 0.9345 0 0.20300000000000007
0 0.538 0.9405 0 0.08299999999999996
0 0.578 0.32899999999999996 0 0.055999999999999994
0 0.578 1.0965 0 0.04499999999999993
0 0.618 0.81 0 0.14800000000000002
0 0.618 1.0979999999999999 0 0.04200000000000004
0 0.658 0.7085 0 0.04299999999999993
0 0.698 0.7105 0 0.04699999999999993
0 0.778 1.0979999999999999 0 0.04200000000000004
0 0.818 0.322 0 0.04200000000000004
0 0.898 0.738 0 0.10199999999999998
0 0.898 0.8915 0 0.04700000000000004
0 0.898 1.055 0 0.06000000000000005
0 0.938 0.8995 0 0.041000000000000036
0 0.938 1.052 0 0.05400000000000005
0 0.978 0.717 0 0.05400000000000005
0 0.978 1.04 0 0.126
0 1.018 0.718 0 0.07199999999999995
0 1.098 0.32499999999999996 0 0.04199999999999998
0 1.098 0.8855 0 0.04700000000000004
0 1.138 1.101 0 0.04200000000000004
0 1.178 0.7135 0 0.05899999999999994
0 1.218 0.7 0 0.09399999999999997
0 1.218 1.101 0 0.04200000000000004
0 1.298 0.41900000000000004 0 0.06
0 1.298 0.6194999999999999 0 0.17299999999999993
0 1.418 1.0535 0 0.1090000000000001
0 1.498 0.8654999999999999 0 0.05900000000000005
0 1.498 1.092 0 0.04200000000000004
0 1.538 1.094 0 0.040000000000000036
0 1.618 1.091 0 0.040000000000000036
0 1.658 1.0915 0 0.04100000000000015
0 1.738 0.9405000000000001 0 0.271
0 1.818 0.79 0 0.061999999999999944
0 1.818 0.893 0 0.062000000000000055
0 1.818 1.112 0 0.06399999999999983
0 1.858 0.8785000000000001 0 0.09100000000000008
0 1.858 1.112 0 0.06399999999999983
0 1.898 0.5035 0 0.12499999999999994
0 1.898 1.1135 0 0.06099999999999994
0 1.938 0.30300000000000005 0 0.055999999999999994
0 1.938 1.01 0 0.19799999999999995
1 0.61490625 0.359 0.03271712328811933 0.05
1 0.59815625 0.4155 0.04414858611835718 0.05
1 0.3865 0.701 0.04001249804748511 0.05
1 1.1186875 0.741 0.039509690267072455 0.05
1 1.565 0.721 0.032 0.05
1 1.277875 0.724 0.040448269431460224 0.05
1 1.15725 0.809 0.041773197148410844 0.05
1 1.020125 0.7615 0.02535867701596438 0.05
1 1.79807421875 0.8755 0.04046167363927753 0.05
1 0.346 1.081 0.03 0.05
1 0.417 1.081 0.032 0.05
1 0.753 1.081 0.03 0.05
1 1.883 1.081 0.038 0.05
1 0.497625 0.977 0.038007400595147255 0.05
1 0.438 0.914 0.04019950248448356 0.05
1 0.638 0.7855 0.04044749683231337 0.05
3 0.61025 0.43674999999999997 0.9445 0.4715
3 1.55475 0.43674999999999997 0.9445000000000001 0.4715
3 0.61025 0.90825 0.9445 0.4714999999999999
3 1.55475 0.90825 0.9445000000000001 0.4714999999999999