0 0.22549999999999998 0.72 0.277 0
0 0.3275 0.745 0.15500000000000003 0
0 1.0175 0.93 0.32099999999999995 0
0 0.9085000000000001 1.25 0.501 0
0 0.891 1.32 0.40200000000000014 0
0 0.21 0.9450000000000001 0 0.45200000000000007
0 0.425 0.5525 0 0.27499999999999997
0 0.47 1.1305 0 0.17500000000000004
0 0.745 0.322 0 0.15000000000000002
0 0.745 0.605 0 0.136
0 1.09 0.815 0 0.20400000000000007
0 1.215 0.99 0 0.3420000000000001
0 1.22 1.1825 0 0.16300000000000003
0 0.477 1.1715 0 0.052999999999999936
2 0.2255 0.72 0.035 0.05
2 0.3275 0.745 0.035 0.05
2 0.964 0.93 0.035 0.05
2 1.071 0.93 0.035 0.05
2 0.78325 1.25 0.035 0.05
2 0.9085 1.25 0.035 0.05
2 1.03375 1.25 0.035 0.05
2 0.21 0.832 0.035 0.05
2 0.21 0.945 0.035 0.05
2 0.21 1.058 0.035 0.05
2 0.425 0.5525 0.035 0.05
2 0.745 0.322 0.035 0.05
2 1.09 0.815 0.035 0.05
2 1.215 0.933 0.035 0.05
2 1.215 1.047 0.035 0.05
2 1.22 1.1825 0.035 0.05
3 0.37024999999999997 0.51525 0.5665 0.5365
3 0.93675 0.51525 0.5665 0.5365
3 0.37024999999999997 1.05175 0.5665 0.5365000000000001
3 0.93675 1.05175 0.5665 0.5365000000000001