0 0.168 0.198 0.202 0
0 0.4265 0.2865 0 0.177
0 0.7525 0.198 0.09300000000000008 0
0 0.14325 0.231 0 0.066
0 0.242 0.238 0.10599999999999998 0
0 0.48150000000000004 0.238 0.14100000000000007 0
0 0.7264999999999999 0.238 0.041000000000000036 0
0 0.8565 0.238 0.05500000000000005 0
0 0.1835 0.26749999999999996 0 0.05499999999999999
0 0.395 0.278 0.07 0
0 0.46425 0.3055 0 0.10299999999999998
0 0.7275 0.278 0.04300000000000004 0
0 0.8455 0.278 0.08899999999999997 0
0 0.1035 0.318 0.07699999999999999 0
0 0.274 0.318 0.096 0
0 0.5465 0.318 0.15500000000000003 0
0 0.7545 0.318 0.09700000000000009 0
0 0.9395 0.318 0.09699999999999998 0
0 0.1585 0.358 0.187 0
0 0.386 0.358 0.09399999999999997 0
0 0.62575 0.32899999999999996 0 0.057999999999999996
0 0.786 0.38849999999999996 0 0.187
0 0.743 0.558 0.1060000000000001 0
0 0.8474999999999999 0.558 0.04300000000000004 0
0 0.609 0.638 0.04600000000000004 0
0 0.7025 0.638 0.04299999999999993 0
0 0.898 0.638 0.04600000000000004 0
0 0.9455 0.6605 0 0.11699999999999999
0 0.7415 0.678 0.06500000000000006 0
0 0.902 0.678 0.06400000000000006 0
0 0.7415 0.718 0.06500000000000006 0
0 0.872 0.7535000000000001 0 0.07100000000000006
0 0.2405 0.758 0.11699999999999999 0
0 0.7305 0.758 0.09899999999999998 0
0 0.9475 0.758 0.08099999999999996 0
0 0.185 0.7715 0 0.10299999999999998
0 0.2615 0.798 0.089 0
0 0.4545 0.798 0.09100000000000003 0
0 0.7425 0.798 0.123 0
0 0.9475 0.798 0.08099999999999996 0
0 0.464 0.9125 0 0.14900000000000002
0 0.6085 0.838 0.04500000000000004 0
0 0.7355 0.838 0.09100000000000008 0
0 0.9359999999999999 0.838 0.10399999999999998 0
0 0.78 0.878 0.050000000000000044 0
0 0.264125 0.966 0 0.132
0 0.47150000000000003 0.918 0.07500000000000001 0
0 0.78775 0.925 0 0.09599999999999997
0 0.2885 0.958 0.069 0
0 0.46699999999999997 0.958 0.11200000000000004 0
0 0.9125000000000001 0.958 0.04300000000000004 0
0 0.10925 0.9904999999999999 0 0.06099999999999994
0 0.40349999999999997 0.998 0.063 0
0 0.5895 0.998 0.07499999999999996 0
0 0.0995 1.06 0 0.04400000000000004
0 0.5295 1.038 0.20500000000000002 0
0 0.7645 1.038 0.131 0
0 0.1535 1.1 0 0.04400000000000004
0 0.2605 1.1 0 0.04400000000000004
0 0.4655 1.0539999999999998 0 0.050000000000000044
0 0.611 1.078 0.050000000000000044 0
0 0.7215 1.078 0.07099999999999995 0
0 0.8620000000000001 1.078 0.14 0
0 0.0955 1.118 0.061 0
0 0.2905 1.118 0.07300000000000001 0
0 0.7135 1.118 0.04700000000000004 0
0 0.105 0.2605 0 0.125
0 0.145 0.3295 0 0.059
0 0.225 0.27149999999999996 0 0.14699999999999996
0 0.225 0.7535000000000001 0 0.06700000000000006
0 0.265 0.259 0 0.122
0 0.305 0.3055 0 0.10299999999999998
0 0.345 0.275 0 0.13000000000000003
0 0.345 0.5095000000000001 0 0.049000000000000044
0 0.385 0.264 0 0.10800000000000001
0 0.385 0.5145 0 0.05900000000000005
0 0.505 0.23099999999999998 0 0.04600000000000001
0 0.505 0.3205 0 0.07300000000000001
0 0.505 0.9279999999999999 0 0.06599999999999995
0 0.545 0.2825 0 0.149
0 0.545 0.9085000000000001 0 0.05300000000000005
0 0.585 0.3405 0 0.285
0 0.585 0.604 0 0.06400000000000006
0 0.585 0.747 0 0.15599999999999992
0 0.585 0.9795 0 0.16900000000000004
0 0.625 0.6735 0 0.07299999999999995
0 0.625 0.927 0 0.05799999999999994
0 0.625 1.037 0 0.062000000000000055
0 0.705 0.5720000000000001 0 0.05399999999999994
0 0.705 0.714 0 0.06599999999999995
0 0.705 1.0050000000000001 0 0.2340000000000001
0 0.745 0.2695 0 0.14300000000000002
0 0.745 0.6234999999999999 0 0.04300000000000004
0 0.745 0.7605 0 0.05300000000000005
0 0.745 0.859 0 0.08400000000000007
0 0.745 0.9684999999999999 0 0.05900000000000005
0 0.785 0.6395 0 0.07500000000000007
0 0.785 1.0459999999999998 0 0.07000000000000006
0 0.865 0.9944999999999999 0 0.04499999999999993
0 0.905 0.698 0 0.18600000000000005
0 0.945 0.8029999999999999 0 0.09199999999999997
0 0.985 0.7889999999999999 0 0.06399999999999995
0 0.985 1.016 0 0.052000000000000046
1 0.144125 0.282 0.03604250962405365 0.05
1 0.456 0.258 0.04428317965096906 0.05
1 0.798 0.298 0.04004996878900158 0.05
1 0.8905 0.298 0.04001249804748511 0.05
1 0.3305 0.338 0.04346262762420146 0.05
1 0.811 0.558 0.03 0.05
1 0.7165 0.658 0.04272001872658766 0.05
1 0.94525 0.738 0.03800328933131973 0.05
1 0.46475 1.008 0.0420267771783657 0.05
1 0.786375 0.992 0.038099376635320426 0.05
1 0.7745 1.078 0.035 0.05
1 0.585 0.6525 0.033 0.05
1 0.725 0.6005 0.04011234224026316 0.05
1 0.725 0.7405 0.042059481689626185 0.05
1 0.725 0.9695 0.042059481689626185 0.05
1 0.745 0.802 0.03 0.05
3 0.29574999999999996 0.42900000000000005 0.46149999999999997 0.462
3 0.75725 0.42900000000000005 0.4615 0.462
3 0.29574999999999996 0.891 0.46149999999999997 0.4620000000000001
3 0.75725 0.891 0.4615 0.4620000000000001