0 0.7635000000000001 0.085 0.22499999999999998 0
0 0.609 0.17 0.15999999999999992 0
0 0.05 0.133 0 0.264
0 0.205 0.123 0 0.244
0 0.205 0.457 0 0.18000000000000005
0 0.72 0.48 0 0.12000000000000005
0 0.755 0.47850000000000004 0 0.11700000000000005
0 0.33999999999999997 0.101 0.064 0
0 0.33999999999999997 0.125 0.068 0
0 0.3355 0.149 0.05299999999999999 0
0 0.33499999999999996 0.197 0.06 0
0 0.683 0.221 0.05999999999999994 0
0 0.7765 0.229 0.07299999999999995 0
0 0.275 0.293 0.098 0
0 0.493 0.293 0.10400000000000004 0
0 0.07050000000000001 0.301 0.053000000000000005 0
0 0.679 0.429 0.05799999999999994 0
0 0.6765 0.453 0.15100000000000002 0
0 0.053 0.1035 0 0.095
0 0.077 0.47550000000000003 0 0.12500000000000006
0 0.189 0.169 0 0.192
0 0.197 0.3885 0 0.23299999999999998
0 0.205 0.40800000000000003 0 0.11800000000000005
0 0.541 0.447 0 0.08999999999999997
0 0.653 0.11699999999999999 0 0.122
0 0.653 0.32999999999999996 0 0.09000000000000002
0 0.829 0.497 0 0.13199999999999995
0 0.893 0.14350000000000002 0 0.117
1 0.201 0.2585 0.028160255680657446 0.05
1 0.7265 0.225 0.028160255680657446 0.05
2 0.609 0.17 0.035 0.05
2 0.05 0.133 0.035 0.05
2 0.205 0.123 0.035 0.05
2 0.205 0.457 0.035 0.05
3 0.25625000000000003 0.1415 0.42450000000000004 0.28099999999999997
3 0.68075 0.1415 0.4245 0.28099999999999997
3 0.25625000000000003 0.4225 0.42450000000000004 0.28099999999999997
3 0.68075 0.4225 0.4245 0.28099999999999997