0 0.244 0.264 0.07200000000000004 0
0 0.5309999999999999 0.264 0.12 0
0 1.0085 0.264 0.052999999999999936 0
0 0.5868125 0.344 0 0.15999999999999998
0 1.5619999999999998 0.304 0.04600000000000004 0
0 0.38849999999999996 0.344 0.08500000000000002 0
0 1.18175 0.36750000000000005 0 0.199
0 1.099 0.384 0.06400000000000006 0
0 0.5095000000000001 0.464 0.061000000000000054 0
0 1.0979999999999999 0.504 0.062000000000000055 0
0 1.18125 0.526 0 0.04400000000000004
0 1.5605 0.504 0.04899999999999993 0
0 0.4565 0.584 0.20500000000000007 0
0 0.9155 0.584 0.19700000000000006 0
0 1.387125 0.6105 0 0.05300000000000005
0 1.5605 0.584 0.04899999999999993 0
0 0.823 0.6034999999999999 0 0.041000000000000036
0 0.9455 0.621 0 0.07600000000000007
0 0.1975 0.664 0.099 0
0 0.304921875 0.7935000000000001 0 0.259
0 0.366 0.724 0 0.12
0 0.4248984375 0.7805 0 0.23299999999999998
0 0.58775 0.6695 0 0.08499999999999996
0 0.623875 0.6759999999999999 0 0.08199999999999996
0 1.022125 0.6935 0 0.05899999999999994
0 0.4375 0.704 0.10899999999999999 0
0 0.2651875 0.7665 0 0.09499999999999997
0 0.444 0.744 0.122 0
0 0.47550000000000003 0.784 0.15500000000000003 0
0 1.42425 0.783 0 0.040000000000000036
0 1.5195 0.784 0.07699999999999996 0
0 0.256 0.824 0.1 0
0 0.47550000000000003 0.824 0.15500000000000003 0
0 0.58275 0.8145 0 0.040999999999999925
0 1.10525 0.8495 0 0.09099999999999997
0 0.20750000000000002 0.864 0.04500000000000001 0
0 0.322 0.864 0.040000000000000036 0
0 0.41300000000000003 0.864 0.06 0
0 0.18925 1.015 0 0.23799999999999988
0 0.744 0.9305 0 0.052999999999999936
0 0.9845 0.982 0 0.16800000000000004
0 0.17099999999999999 0.944 0.132 0
0 0.518 0.944 0.07200000000000006 0
0 0.9045 0.9744999999999999 0 0.18899999999999995
0 1.18525 0.9685 0 0.06699999999999995
0 1.5605 0.944 0.04899999999999993 0
0 0.1545 0.984 0.09899999999999999 0
0 0.348375 0.9824999999999999 0 0.05900000000000005
0 0.907 0.984 0.06000000000000005 0
0 0.1545 1.024 0.09899999999999999 0
0 0.465625 1.0514999999999999 0 0.0930000000000002
0 0.54625 0.928 0 0.502
0 0.964 1.024 0.05799999999999994 0
0 1.075 1.024 0.07200000000000006 0
0 0.146 1.064 0.082 0
0 1.559 1.064 0.052000000000000046 0
0 0.17149999999999999 1.104 0.133 0
0 0.6585000000000001 1.104 0.22899999999999998 0
0 1.34475 1.1325 0 0.09299999999999997
0 1.4645 1.1145 0 0.05699999999999994
0 0.3225 1.144 0.05099999999999999 0
0 0.755 1.144 0.05800000000000005 0
0 1.024984375 1.2235 0 0.22299999999999986
0 1.30025 1.164 0 0.040000000000000036
0 0.2835 1.184 0.155 0
0 0.645 1.184 0.22799999999999998 0
0 1.029 1.184 0.19999999999999996 0
0 1.2654999999999998 1.184 0.09499999999999997 0
0 1.536 1.184 0.09799999999999986 0
0 1.145 1.26 0 0.1499999999999999
0 1.2248125 1.2545 0 0.19700000000000006
0 1.3250000000000002 1.264 0.08200000000000007 0
0 1.448 1.264 0.09000000000000008 0
0 0.105 1.0274999999999999 0 0.17100000000000004
0 0.145 1.0274999999999999 0 0.17100000000000004
0 0.225 0.8445 0 0.05300000000000005
0 0.225 1.175 0 0.09600000000000009
0 0.265 0.9275 0 0.07499999999999996
0 0.265 1.1375 0 0.08899999999999997
0 0.385 0.5915 0 0.07299999999999995
0 0.385 0.9039999999999999 0 0.11599999999999999
0 0.425 1.182 0 0.05800000000000005
0 0.425 1.299 0 0.04600000000000004
0 0.465 0.767 0 0.22799999999999998
0 0.505 0.7805 0 0.20699999999999996
0 0.505 0.9455 0 0.05899999999999994
0 0.545 0.6154999999999999 0 0.06900000000000006
0 0.585 1.135 0 0.07799999999999985
0 0.705 1.1375 0 0.08899999999999997
0 0.745 1.226 0 0.16599999999999993
0 0.785 1.2025000000000001 0 0.21299999999999986
0 0.825 1.2025000000000001 0 0.21299999999999986
0 0.865 1.2145000000000001 0 0.18899999999999983
0 0.905 0.481 0 0.03999999999999998
0 0.905 1.2294999999999998 0 0.14700000000000002
0 0.945 1.0594999999999999 0 0.5109999999999999
0 0.985 0.6815 0 0.06699999999999995
0 0.985 1.2349999999999999 0 0.15800000000000014
0 1.065 1.023 0 0.06799999999999995
0 1.065 1.2189999999999999 0 0.252
0 1.105 1.0145 0 0.08099999999999996
0 1.105 1.2425 0 0.20500000000000007
0 1.185 1.2545 0 0.19700000000000006
0 1.225 0.9889999999999999 0 0.039999999999999925
0 1.385 0.813 0 0.09999999999999998
0 1.385 1.1764999999999999 0 0.050999999999999934
0 1.545 0.6545 0 0.7809999999999999
1 1.1815 0.4855 0.03700337822415677 0.05
1 0.96525 0.6535 0.041003048667141814 0.05
1 0.3755 0.6695 0.04070626487409524 0.05
1 0.24509375 0.816 0.04038607626707502 0.05
1 0.304 0.844 0.04019950248448356 0.05
1 0.3625 0.864 0.041 0.05
1 0.207125 0.976 0.043624104575337705 0.05
1 0.207125 1.1305 0.036428869046403294 0.05
1 0.3666875 0.929 0.03771459432368324 0.05
1 0.936 1.004 0.04004996878900158 0.05
1 0.545625 0.88 0.027028919697242804 0.05
1 1.3845 1.264 0.037 0.05
1 0.245 0.8805 0.04428317965096906 0.05
1 1.065 1.075 0.036 0.05
3 0.475 0.53625 0.74 0.5445
3 1.2149999999999999 0.53625 0.74 0.5445
3 0.475 1.08075 0.74 0.5445
3 1.2149999999999999 1.08075 0.74 0.5445