0 0.382 0.28 0.44599999999999995 0
0 1.3655 0.82 0.20700000000000007 0
0 1.1885 1.32 0.11099999999999999 0
0 0.185 0.9845 0 0.27500000000000013
0 0.8 1.2255 0 0.21499999999999986
0 1.205 1.1840000000000002 0 0.1319999999999999
0 1.61 0.6465000000000001 0 0.8590000000000001
0 1.61 1.268 0 0.16800000000000015
2 0.8 1.2255 0.035 0.05
2 1.61 0.36016666666666663 0.035 0.05
2 1.61 0.5033333333333333 0.035 0.05
2 1.61 0.6465 0.035 0.05
2 1.61 0.7896666666666666 0.035 0.05
2 1.61 0.9328333333333334 0.035 0.05
3 0.5217499999999999 0.50075 0.7254999999999999 0.5675
3 1.24725 0.50075 0.7255000000000001 0.5675
3 0.5217499999999999 1.06825 0.7254999999999999 0.5675000000000001
3 1.24725 1.06825 0.7255000000000001 0.5675000000000001