0 0.699 0.179 1.224 0
0 0.699 0.219 1.224 0
0 0.699 0.259 1.224 0
0 0.699 0.299 1.224 0
0 0.699 0.339 1.224 0
0 0.699 0.379 1.224 0
0 0.699 0.419 1.224 0
0 0.699 0.459 1.224 0
0 0.699 0.499 1.224 0
0 0.699 0.539 1.224 0
0 0.699 0.579 1.224 0
0 0.699 0.619 1.224 0
0 0.699 0.659 1.224 0
0 0.699 0.699 1.224 0
0 0.699 0.739 1.224 0
0 0.699 0.779 1.224 0
0 0.127 0.465 0 0.652
0 0.167 0.465 0 0.652
0 0.207 0.465 0 0.652
0 0.247 0.465 0 0.652
0 0.287 0.465 0 0.652
0 0.327 0.465 0 0.652
0 0.367 0.465 0 0.652
0 0.407 0.465 0 0.652
0 0.447 0.465 0 0.652
0 0.487 0.465 0 0.652
0 0.527 0.465 0 0.652
0 0.567 0.465 0 0.652
0 0.607 0.465 0 0.652
0 0.647 0.465 0 0.652
0 0.687 0.465 0 0.652
0 0.727 0.465 0 0.652
0 0.767 0.465 0 0.652
0 0.807 0.465 0 0.652
0 0.847 0.465 0 0.652
0 0.887 0.465 0 0.652
0 0.927 0.465 0 0.652
0 0.967 0.465 0 0.652
0 1.007 0.465 0 0.652
0 1.047 0.465 0 0.652
0 1.087 0.465 0 0.652
0 1.127 0.465 0 0.652
0 1.167 0.465 0 0.652
0 1.207 0.465 0 0.652
0 1.247 0.465 0 0.652
0 1.287 0.465 0 0.652
3 0.39299999999999996 0.30200000000000005 0.612 0.326
3 1.005 0.30200000000000005 0.612 0.326
3 0.39299999999999996 0.628 0.612 0.326
3 1.005 0.628 0.612 0.326