0 0.276 0.215 0.484 0
0 0.276 0.255 0.484 0
0 0.276 0.295 0.484 0
0 0.276 0.335 0.484 0
0 0.276 0.375 0.484 0
0 0.276 0.415 0.484 0
0 0.276 0.455 0.484 0
0 0.276 0.495 0.484 0
0 0.276 0.535 0.484 0
0 0.276 0.575 0.484 0
0 0.276 0.615 0.484 0
0 0.276 0.655 0.484 0
0 0.276 0.695 0.484 0
0 0.276 0.735 0.484 0
0 0.276 0.775 0.484 0
0 0.276 0.815 0.484 0
0 0.276 0.855 0.484 0
0 0.276 0.895 0.484 0
0 0.276 0.935 0.484 0
0 0.276 0.975 0.484 0
0 0.074 0.586 0 0.8220000000000001
0 0.114 0.586 0 0.8220000000000001
0 0.154 0.586 0 0.8220000000000001
0 0.194 0.586 0 0.8220000000000001
0 0.234 0.586 0 0.8220000000000001
0 0.274 0.586 0 0.8220000000000001
0 0.314 0.586 0 0.8220000000000001
0 0.354 0.586 0 0.8220000000000001
0 0.394 0.586 0 0.8220000000000001
0 0.434 0.586 0 0.8220000000000001
0 0.474 0.586 0 0.8220000000000001
0 0.514 0.586 0 0.8220000000000001
3 0.15500000000000003 0.38049999999999995 0.24200000000000002 0.411
3 0.397 0.38049999999999995 0.242 0.411
3 0.15500000000000003 0.7915 0.24200000000000002 0.41100000000000003
3 0.397 0.7915 0.242 0.41100000000000003