0 0.608125 0.191 0 0.11599999999999999
0 0.3935 0.213 0.689 0
0 0.41625 0.222 0 0.062
0 0.38249999999999995 0.293 0.07300000000000001 0
0 0.4165 0.36050000000000004 0 0.05499999999999999
0 0.65275 0.33499999999999996 0 0.057999999999999996
0 0.384 0.373 0.07600000000000001 0
0 0.4425 0.413 0.05499999999999999 0
0 0.5305 0.4525 0 0.121
0 0.46849999999999997 0.453 0.245 0
0 0.404 0.493 0.11600000000000005 0
0 0.4895 0.487 0 0.07600000000000001
0 0.657 0.573 0.16200000000000003 0
0 0.155 0.613 0.21200000000000002 0
0 0.4655 0.613 0.24899999999999994 0
0 0.290375 0.655 0 0.04400000000000004
0 0.56475 0.6275 0 0.051000000000000045
0 0.1255 0.7244999999999999 0 0.06300000000000006
0 0.10550000000000001 0.733 0.113 0
0 0.35350000000000004 0.733 0.05299999999999999 0
0 0.089 0.5800000000000001 0 0.05799999999999994
0 0.129 0.5820000000000001 0 0.061999999999999944
0 0.169 0.7284999999999999 0 0.05500000000000005
0 0.249 0.5854999999999999 0 0.04300000000000004
0 0.329 0.725 0 0.062000000000000055
0 0.369 0.2365 0 0.09099999999999997
0 0.369 0.40800000000000003 0 0.14799999999999996
0 0.409 0.474 0 0.062
0 0.449 0.41600000000000004 0 0.055999999999999994
0 0.529 0.6975 0 0.04899999999999993
0 0.569 0.1805 0 0.095
0 0.649 0.2295 0 0.07500000000000001
0 0.689 0.2205 0 0.056999999999999995
1 0.43275 0.388 0.0325 0.05
1 0.650875 0.278 0.03917987365982693 0.05
1 0.46925 0.4565 0.040807474805481414 0.05
1 0.5395 0.593 0.04237924020083418 0.05
1 0.3096875 0.6855 0.042200599818012066 0.05
1 0.546875 0.663 0.040964161165584725 0.05
3 0.22125 0.28875 0.34450000000000003 0.3115
3 0.56575 0.28875 0.3445 0.3115
3 0.22125 0.60025 0.34450000000000003 0.3115
3 0.56575 0.60025 0.3445 0.3115