0 0.5389999999999999 0.261 0.13 0
0 0.094 0.3345 0 0.067
0 0.28700000000000003 0.301 0.04799999999999999 0
0 0.469 0.301 0.242 0
0 0.97 0.433 0 0.42400000000000004
0 0.5569999999999999 0.341 0.10199999999999998 0
0 0.5529999999999999 0.381 0.09399999999999997 0
0 0.2875 0.441 0 0.040000000000000036
0 0.5515 0.421 0.09099999999999997 0
0 0.092 0.5175 0 0.11299999999999993
0 0.369 0.461 0.35400000000000004 0
0 1.0055 0.461 0.07899999999999996 0
0 0.1265 0.501 0.061 0
0 0.302 0.501 0.040000000000000036 0
0 0.544 0.501 0.039999999999999925 0
0 0.9550000000000001 0.501 0.05999999999999994 0
0 1.04925 0.503 0 0.11400000000000005
0 0.3145 0.541 0.065 0
0 0.464 0.541 0.17200000000000004 0
0 1.0045 0.541 0.07699999999999996 0
0 0.446 0.581 0.132 0
0 0.092 0.6485000000000001 0 0.05700000000000005
0 0.134 0.7010000000000001 0 0.07999999999999996
0 0.4155 0.661 0.07100000000000001 0
0 0.519 0.661 0.040000000000000036 0
0 0.57225 0.661 0 0.05799999999999994
0 0.40149999999999997 0.701 0.07100000000000001 0
0 0.1505 0.741 0.121 0
0 0.092 0.751 0 0.06000000000000005
0 0.1765 0.781 0.065 0
0 0.28675 0.8009999999999999 0 0.039999999999999925
0 0.449125 0.7825 0 0.06299999999999994
0 0.2845 0.821 0.07500000000000001 0
0 0.48975 0.8240000000000001 0 0.039999999999999925
0 0.654 0.861 0.05400000000000005 0
0 0.57675 0.8525 0 0.09699999999999998
0 1.17025 1.056 0 0.262
0 1.053 0.9864999999999999 0 0.05900000000000005
0 0.092 1.001 0 0.04200000000000004
0 0.5509999999999999 1.021 0.039999999999999925 0
0 0.888 1.0354999999999999 0 0.04699999999999993
0 0.9955 1.021 0.04500000000000004 0
0 0.894 1.061 0.08400000000000007 0
0 1.1465 1.141 0.09499999999999997 0
0 1.3035 1.141 0.0930000000000002 0
0 0.5365 1.181 0.683 0
0 0.9450000000000001 1.181 0.05399999999999994 0
0 1.1475 1.181 0.17500000000000004 0
0 0.528 1.199 0 0.04400000000000004
0 0.57325 1.199 0 0.04400000000000004
0 0.97425 1.199 0 0.04400000000000004
0 0.17 0.7435 0 0.1090000000000001
0 0.21 0.7075 0 0.973
0 0.33 0.525 0 0.07400000000000007
0 0.37 0.661 0 0.08999999999999997
0 0.41 0.424 0 0.406
0 0.45 0.3005 0 0.046999999999999986
0 0.45 0.558 0 0.22800000000000004
0 0.49 0.2735 0 0.10500000000000001
0 0.49 0.5275000000000001 0 0.04300000000000004
0 0.53 0.3815 0 0.32100000000000006
0 0.53 0.8295 0 0.04699999999999993
0 0.57 0.3305 0 0.219
0 0.61 0.432 0 0.42200000000000004
0 0.77 0.992 0 0.052000000000000046
0 0.93 0.5045 0 0.061000000000000054
0 1.09 1.0354999999999999 0 0.04699999999999993
0 1.13 1.153 0 0.07200000000000006
0 1.29 1.157 0 0.08400000000000007
0 1.33 1.1524999999999999 0 0.07499999999999996
1 0.3295 0.301 0.037 0.05
1 0.985 0.481 0.04428317965096906 0.05
1 0.3625 0.541 0.031 0.05
1 0.113 0.669 0.044944410108488465 0.05
1 0.591125 0.4555 0.03932000127161748 0.05
1 0.4694375 0.809 0.0418376699279489 0.05
1 1.0715 1.014 0.03721558813185679 0.05
1 0.898 1.181 0.04 0.05
1 0.39 0.4635 0.041484937025383084 0.05
3 0.40499999999999997 0.471 0.63 0.5
3 1.0350000000000001 0.471 0.6300000000000001 0.5
3 0.40499999999999997 0.9710000000000001 0.63 0.5000000000000001
3 1.0350000000000001 0.9710000000000001 0.6300000000000001 0.5000000000000001