0 0.434 0.277 0 0.13200000000000003
0 0.03625 0.3225 0 0.063
0 0.197625 0.31799999999999995 0 0.05399999999999999
0 0.4825 0.313 0 0.04400000000000004
0 0.44899999999999995 0.331 0.07400000000000001 0
0 0.3525 0.36550000000000005 0 0.04899999999999999
0 0.4325 0.6465000000000001 0 0.18699999999999994
0 0.4535 0.611 0.063 0
0 0.47825 0.6355 0 0.051000000000000045
0 0.2755 0.7869999999999999 0 0.10999999999999999
0 0.351 0.875 0 0.06800000000000006
0 0.0685 0.891 0.06699999999999999 0
0 0.15425 0.8945000000000001 0 0.049000000000000044
0 0.3165 0.891 0.08099999999999996 0
0 0.35275 1.086 0 0.2300000000000001
0 0.509 1.091 0.04600000000000004 0
0 0.075 1.084 0 0.1519999999999999
0 0.155 0.4105 0 0.044999999999999984
0 0.515 1.1535000000000002 0 0.09499999999999997
3 0.15925 0.45849999999999996 0.24849999999999997 0.495
3 0.40775 0.45849999999999996 0.24850000000000005 0.495
3 0.15925 0.9535 0.24849999999999997 0.4950000000000001
3 0.40775 0.9535 0.24850000000000005 0.4950000000000001