0 0.9099999999999999 0.23 0.2619999999999999 0
0 1.2305 0.23 0.16900000000000004 0
0 0.241 0.725 0.11599999999999999 0
0 0.9475 0.725 0.10699999999999987 0
0 0.415 0.605 0 0.248
0 1.425 0.365 0 0.30200000000000005
0 0.6125 0.221 0.051000000000000045 0
0 0.8295 0.221 0.052999999999999936 0
0 1.249 0.221 0.1100000000000001 0
0 1.3615 0.221 0.06099999999999994 0
0 0.1225 0.421 0.056999999999999995 0
0 0.122 0.445 0.055999999999999994 0
0 0.122 0.469 0.055999999999999994 0
0 0.2255 0.469 0.061 0
0 0.122 0.493 0.055999999999999994 0
0 0.225 0.493 0.062 0
0 0.9445 0.525 0.05899999999999994 0
0 1.01 0.525 0.06999999999999995 0
0 1.2770000000000001 0.525 0.05400000000000005 0
0 0.125 0.4625 0 0.05299999999999999
1 1.3175 0.221 0.027 0.05
1 0.172 0.493 0.044 0.05
2 1.425 0.31466666666666665 0.035 0.05
2 1.425 0.41533333333333333 0.035 0.05
3 0.42674999999999996 0.34275 0.6655 0.25749999999999995
3 1.09225 0.34275 0.6655000000000001 0.25749999999999995
3 0.42674999999999996 0.60025 0.6655 0.2575
3 1.09225 0.60025 0.6655000000000001 0.2575