0 0.97 0.212 0.040000000000000036 0
0 1.033 0.49649999999999994 0 0.649
0 1.064 0.452 0.08000000000000007 0
0 0.91625 0.575 0 0.07799999999999996
0 0.883 0.612 0.09200000000000008 0
0 1.064 0.692 0.08000000000000007 0
0 0.91875 0.7925 0 0.040999999999999925
0 1.0655000000000001 0.772 0.07700000000000018 0
0 0.882 0.812 0.09400000000000008 0
0 1.032 0.9339999999999999 0 0.08399999999999996
0 1.0585 0.972 0.09100000000000019 0
0 0.833 0.7444999999999999 0 0.10100000000000009
0 0.873 0.215 0 0.08600000000000002
0 0.953 0.22949999999999998 0 0.047000000000000014
3 0.9007499999999999 0.373 0.13550000000000006 0.40199999999999997
3 1.0362500000000001 0.373 0.13550000000000006 0.40199999999999997
3 0.9007499999999999 0.7749999999999999 0.13550000000000006 0.402
3 1.0362500000000001 0.7749999999999999 0.13550000000000006 0.402