0 0.5255000000000001 0.425 0.29500000000000004 0
0 0.1825 0.485 0.18100000000000002 0
0 0.487 0.57 0.294 0
0 0.51 0.49949999999999994 0 0.15099999999999997
0 0.545 0.49549999999999994 0 0.14299999999999996
0 0.685 0.492 0 0.716
0 0.175 0.477 0.066 0
0 0.677 0.7949999999999999 0 0.12
2 0.5255 0.425 0.035 0.05
2 0.1825 0.485 0.035 0.05
2 0.51 0.4995 0.035 0.05
3 0.24025000000000002 0.31425000000000003 0.2965 0.3605
3 0.5367500000000001 0.31425000000000003 0.29650000000000004 0.3605
3 0.24025000000000002 0.67475 0.2965 0.3605
3 0.5367500000000001 0.67475 0.29650000000000004 0.3605