0 0.338 0.34299999999999997 0 0.06
0 0.48250000000000004 0.313 0.07900000000000001 0
0 0.54225 0.3425 0 0.13899999999999996
0 0.513 0.353 0.09200000000000003 0
0 0.22899999999999998 0.393 0.16 0
0 0.5135000000000001 0.393 0.09500000000000003 0
0 0.5195000000000001 0.433 0.07900000000000007 0
0 0.519 0.473 0.07200000000000006 0
0 0.592 0.513 0.242 0
0 0.179 0.553 0.06 0
0 0.279 0.553 0.05199999999999999 0
0 0.4585625 0.6445000000000001 0 0.245
0 0.5914999999999999 0.553 0.237 0
0 0.189 0.593 0.08000000000000002 0
0 0.568 0.593 0.306 0
0 0.4205 0.612 0 0.07800000000000007
0 0.49450000000000005 0.633 0.08500000000000002 0
0 0.3405 0.6875 0 0.129
0 0.49950000000000006 0.673 0.09100000000000003 0
0 0.683 0.673 0.04999999999999993 0
0 0.4155 0.713 0.22500000000000003 0
0 0.6915 0.713 0.040999999999999925 0
0 0.458 0.753 0.14200000000000002 0
0 0.619 0.768 0 0.07200000000000006
0 0.663375 0.756 0 0.04800000000000004
0 0.358 0.793 0.07800000000000001 0
0 0.508 0.793 0.08600000000000002 0
0 0.8465 0.793 0.125 0
0 0.48950000000000005 0.833 0.10300000000000004 0
0 0.734 0.8125 0 0.040999999999999925
0 0.181 0.8955 0 0.04500000000000004
0 0.299625 0.888 0 0.06000000000000005
0 0.508 0.873 0.07000000000000006 0
0 0.5755 0.9 0 0.05400000000000005
0 0.3665 0.913 0.43499999999999994 0
0 0.82325 1.149 0 0.472
0 0.49850000000000005 0.953 0.09900000000000003 0
0 0.700046875 1.1455 0 0.495
0 0.73990625 1.0175 0 0.12900000000000011
0 0.77975 0.9704999999999999 0 0.11299999999999988
0 0.49150000000000005 0.993 0.11500000000000005 0
0 0.57965625 1.0935 0 0.20099999999999996
0 0.618 1.015 0 0.05999999999999994
0 0.6895 0.993 0.050999999999999934 0
0 0.4955 1.033 0.18499999999999994 0
0 0.659875 1.0335 0 0.05899999999999994
0 0.3801875 1.208 0 0.29400000000000004
0 0.503 1.073 0.184 0
0 0.7030000000000001 1.073 0.04799999999999993 0
0 0.5449999999999999 1.113 0.33599999999999997 0
0 0.47550000000000003 1.153 0.327 0
0 0.66025 1.185 0 0.08200000000000007
0 0.7404375 1.2694999999999999 0 0.23299999999999987
0 0.4295 1.193 0.26300000000000007 0
0 0.69 1.193 0.07399999999999995 0
0 0.780875 1.2845 0 0.18299999999999983
0 0.4265 1.233 0.24100000000000005 0
0 0.5794375 1.262 0 0.06199999999999983
0 0.717 1.233 0.22999999999999998 0
0 0.45899999999999996 1.273 0.288 0
0 0.622125 1.2614999999999998 0 0.04299999999999993
0 0.716 1.273 0.061999999999999944 0
0 0.42600000000000005 1.313 0.22400000000000003 0
0 0.623875 1.3455 0 0.06499999999999995
0 0.756 1.313 0.1100000000000001 0
0 0.394 1.353 0.494 0
0 0.7605 1.353 0.131 0
0 0.517 1.393 0.784 0
0 0.18 0.5660000000000001 0 0.04799999999999993
0 0.22 0.5755 0 0.06699999999999995
0 0.3 0.36150000000000004 0 0.08300000000000002
0 0.34 1.267 0 0.242
0 0.42 0.7050000000000001 0 0.039999999999999925
0 0.42 1.0335 0 0.06900000000000006
0 0.42 1.1625 0 0.125
0 0.42 1.3199999999999998 0 0.1279999999999999
0 0.46 1.1425 0 0.4869999999999999
0 0.5 0.8285 0 1.1109999999999998
0 0.54 0.9165 0 0.937
0 0.58 0.5435 0 0.127
0 0.58 1.3525 0 0.05699999999999994
0 0.62 0.5595 0 0.14100000000000001
0 0.62 1.127 0 0.06999999999999984
0 0.66 0.5635 0 0.14500000000000002
0 0.7 0.6285000000000001 0 0.30300000000000005
0 0.9 1.3695 0 0.04699999999999993
1 0.541125 0.43 0.03607024396923315 0.05
1 0.231 0.553 0.044 0.05
1 0.42025 0.668 0.034003676271838604 0.05
1 0.424 0.773 0.04123105625617661 0.05
1 0.717 0.655 0.03605551275463989 0.05
1 0.579546875 1.2125 0.03700064663708595 0.05
1 0.40009375 1.177 0.04042320071753349 0.05
1 0.646 1.173 0.04237924020083418 0.05
1 0.6411875 1.233 0.04061422934145126 0.05
1 0.57971875 1.3085 0.031005102906618454 0.05
1 0.42 1.084 0.032 0.05
1 0.42 1.2405 0.031 0.05
3 0.321 0.5529999999999999 0.392 0.5599999999999999
3 0.7130000000000001 0.5529999999999999 0.392 0.5599999999999999
3 0.321 1.113 0.392 0.56
3 0.7130000000000001 1.113 0.392 0.56