0 0.365 0.22599999999999998 0 0.13599999999999998
0 0.0925 0.309 0.05099999999999999 0
0 0.1845 0.797 0.063 0
0 0.144 0.845 0.06399999999999999 0
0 0.145 0.957 0.05399999999999999 0
0 0.23500000000000001 0.957 0.068 0
0 0.556 0.957 0.06399999999999995 0
0 0.742 0.957 0.062000000000000055 0
0 0.117 0.876 0 0.07200000000000006
0 0.285 0.878 0 0.06000000000000005
0 0.493 1.002 0 0.07600000000000007
1 0.1865 0.957 0.029 0.05
3 0.2435 0.3785 0.353 0.44099999999999995
3 0.5965 0.3785 0.35300000000000004 0.44099999999999995
3 0.2435 0.8195 0.353 0.44100000000000006
3 0.5965 0.8195 0.35300000000000004 0.44100000000000006