0 0.495 0.8654999999999999 0 0.1489999999999999
0 0.515 0.21600000000000003 0 0.10800000000000001
0 0.533 0.245 0.052000000000000046 0
0 0.506 0.789 0.06000000000000005 0
0 0.0945 0.909 0.061 0
0 0.404 0.909 0.05399999999999999 0
0 0.029 0.5855 0 0.09299999999999997
0 0.029 0.7464999999999999 0 0.08300000000000007
0 0.357 0.8425 0 0.15100000000000002
0 0.501 0.28400000000000003 0 0.068
0 0.501 0.8325 0 0.16900000000000004
0 0.509 0.14200000000000002 0 0.184
0 0.517 0.3715 0 0.08299999999999996
0 0.517 0.8580000000000001 0 0.118
3 0.1615 0.2725 0.26499999999999996 0.445
3 0.4265 0.2725 0.26500000000000007 0.445
3 0.1615 0.7175 0.26499999999999996 0.44499999999999995
3 0.4265 0.7175 0.26500000000000007 0.44499999999999995