0 0.03875 0.1395 0 0.10300000000000001
0 0.197125 0.2595 0 0.34299999999999997
0 0.21200000000000002 0.128 0.04200000000000001 0
0 0.3175625 0.16799999999999998 0 0.158
0 0.46399999999999997 0.128 0.22799999999999998 0
0 0.2378125 0.2375 0 0.147
0 0.437875 0.20450000000000002 0 0.14700000000000002
0 0.33299999999999996 0.208 0.04199999999999998 0
0 0.396125 0.207 0 0.068
0 0.5529999999999999 0.248 0.04999999999999993 0
0 0.2535 0.288 0.167 0
0 0.477125 0.29700000000000004 0 0.043999999999999984
0 0.515875 0.2975 0 0.044999999999999984
0 0.399 0.346 0 0.11600000000000005
0 0.477375 0.4215 0 0.11299999999999999
0 0.5255000000000001 0.368 0.05500000000000005 0
0 0.0825 0.408 0.089 0
0 0.32075 0.401 0 0.04799999999999999
0 0.519125 0.41900000000000004 0 0.04999999999999999
0 0.435625 0.472 0 0.057999999999999996
0 0.406 0.488 0.11200000000000004 0
0 0.278 0.41100000000000003 0 0.064
0 0.358 0.1135 0 0.049000000000000016
0 0.478 0.108 0 0.04000000000000001
0 0.518 0.108 0 0.04000000000000001
1 0.4575 0.2765 0.039364482722372966 0.05
1 0.4579375 0.183 0.04023699324005212 0.05
3 0.173 0.19124999999999998 0.27 0.2065
3 0.44299999999999995 0.19124999999999998 0.26999999999999996 0.2065
3 0.173 0.39775 0.27 0.20650000000000002
3 0.44299999999999995 0.39775 0.26999999999999996 0.20650000000000002