0 0.729 0.149 0.19999999999999996 0
0 0.8245 0.1935 0 0.16900000000000004
0 0.7045 0.269 0.15300000000000002 0
0 0.70375 0.3045 0 0.07500000000000001
0 0.1775 0.4535 0 0.04899999999999999
0 0.7848125 0.5275 0 0.11699999999999999
0 0.305 0.546 0 0.14800000000000002
0 0.343375 0.534 0 0.124
0 0.3855 0.5 0 0.05600000000000005
0 0.546125 0.5015000000000001 0 0.05900000000000005
0 0.90225 0.5025 0 0.051000000000000045
0 0.27 0.549 0.05199999999999999 0
0 0.5945 0.549 0.051000000000000045 0
0 0.8275 0.5845 0 0.07099999999999995
0 0.423 0.5675 0 0.10499999999999998
0 0.8045 0.589 0.052999999999999936 0
0 0.8645 0.5965 0 0.04700000000000004
0 0.104 0.498 0 0.07200000000000001
0 0.184 0.5515 0 0.06499999999999995
0 0.464 0.497 0 0.050000000000000044
1 0.18075 0.4985 0.04151204644437564 0.05
1 0.40425 0.5215 0.039689419244932266 0.05
3 0.3035625 0.23675 0.39912500000000006 0.2555
3 0.7026875 0.23675 0.39912499999999995 0.2555
3 0.3035625 0.49224999999999997 0.39912500000000006 0.2555
3 0.7026875 0.49224999999999997 0.39912499999999995 0.2555