0 0.489 0.369 0.10800000000000004 0
0 0.656 0.369 0.05400000000000005 0
0 0.364625 0.7065 0 0.631
0 0.3265 0.6085 0 0.36100000000000004
0 0.363 0.729 0.07600000000000001 0
0 0.527 0.768 0 0.05600000000000005
0 0.4115 0.809 0.16899999999999998 0
0 0.347 0.849 0.03999999999999998 0
0 0.363 0.889 0.07200000000000001 0
0 0.646875 0.8915 0 0.051000000000000045
0 0.2845 0.9975 0 0.14500000000000002
0 0.45225 0.9889999999999999 0 0.039999999999999925
0 0.5115000000000001 0.969 0.04700000000000004 0
0 0.4395 1.009 0.48700000000000004 0
0 0.639 1.169 0.08800000000000008 0
0 0.325 0.27149999999999996 0 0.059
0 0.485 0.9924999999999999 0 0.05500000000000005
0 0.525 0.9924999999999999 0 0.052999999999999936
0 0.605 0.9535 0 0.1469999999999999
0 0.645 1.076 0 0.17599999999999993
3 0.31775 0.47375 0.2435 0.4635
3 0.56125 0.47375 0.24350000000000005 0.4635
3 0.31775 0.93725 0.2435 0.4635
3 0.56125 0.93725 0.24350000000000005 0.4635