0 0.17450000000000002 0.32 0.115 0
0 0.7915 0.32 0.11499999999999999 0
0 0.2475 0.62 0.46299999999999997 0
0 0.55 0.221 0 0.16199999999999998
0 0.685 0.3775 0 0.21899999999999997
0 0.157 0.309 0.07600000000000001 0
0 0.404 0.317 0.06 0
0 0.5555 0.317 0.11499999999999999 0
0 0.768 0.317 0.062000000000000055 0
0 0.5605 0.613 0.05499999999999994 0
0 0.5489999999999999 0.645 0.14600000000000002 0
0 0.165 0.2855 0 0.08300000000000002
0 0.173 0.6355 0 0.129
0 0.189 0.3 0 0.11199999999999999
0 0.197 0.6355 0 0.129
0 0.333 0.6525000000000001 0 0.06300000000000006
0 0.685 0.33999999999999997 0 0.05199999999999999
0 0.717 0.61 0 0.16199999999999992
1 0.4775 0.6325 0.025179356624028343 0.05
2 0.13175 0.62 0.035 0.05
2 0.2475 0.62 0.035 0.05
2 0.36325 0.62 0.035 0.05
3 0.22425 0.28 0.4165 0.27999999999999997
3 0.6407499999999999 0.28 0.4165 0.27999999999999997
3 0.22425 0.5599999999999999 0.4165 0.27999999999999997
3 0.6407499999999999 0.5599999999999999 0.4165 0.27999999999999997