0 0.562 0.147 0.47000000000000003 0
0 0.05525 0.2455 0 0.277
0 0.331875 0.17149999999999999 0 0.101
0 0.6599999999999999 0.187 0.06799999999999995 0
0 0.7495 0.187 0.04700000000000004 0
0 0.5735 0.2485 0 0.061000000000000026
0 0.216 0.387 0.062 0
0 0.532 0.507 0.30600000000000005 0
0 0.3755 0.5465 0 0.06699999999999995
0 0.5469999999999999 0.547 0.07999999999999996 0
0 0.61525 0.573 0 0.07599999999999996
0 0.333 0.35850000000000004 0 0.065
0 0.453 0.528 0 0.05600000000000005
0 0.533 0.5409999999999999 0 0.08399999999999996
0 0.573 0.1605 0 0.069
0 0.573 0.33299999999999996 0 0.03999999999999998
0 0.693 0.16949999999999998 0 0.087
1 0.71 0.187 0.032 0.05
1 0.57325 0.296 0.034003676271838604 0.05
3 0.2406875 0.23299999999999998 0.37087499999999995 0.252
3 0.6115625 0.23299999999999998 0.37087500000000007 0.252
3 0.2406875 0.485 0.37087499999999995 0.252
3 0.6115625 0.485 0.37087500000000007 0.252