0 0.0675 0.33299999999999996 0 0.46599999999999997
0 0.051 0.14 0.039999999999999994 0
0 0.3135 0.14 0.30500000000000005 0
0 0.091 0.22 0.07 0
0 0.2485 0.26 0.43500000000000005 0
0 0.1106875 0.366 0 0.33
0 0.352625 0.3335 0 0.14899999999999997
0 0.076 0.34 0.057999999999999996 0
0 0.19075 0.3035 0 0.09299999999999997
0 0.39075 0.3325 0 0.04299999999999998
0 0.442 0.34 0.04800000000000004 0
0 0.0745 0.38 0.07300000000000001 0
0 0.2855 0.38 0.061 0
0 0.399 0.402 0 0.043999999999999984
0 0.432875 0.357 0 0.09200000000000003
0 0.1325 0.42 0.155 0
0 0.277 0.42 0.045999999999999985 0
0 0.366 0.42 0.04400000000000004 0
0 0.186 0.46 0.045999999999999985 0
0 0.1375 0.5 0.213 0
0 0.43225 0.504 0 0.04400000000000004
0 0.147 0.54 0.055999999999999994 0
0 0.22699999999999998 0.54 0.04400000000000001 0
0 0.3165 0.54 0.059 0
0 0.111 0.1425 0 0.06499999999999999
0 0.151 0.28400000000000003 0 0.05399999999999999
0 0.151 0.41400000000000003 0 0.04999999999999999
0 0.151 0.5235 0 0.08499999999999996
0 0.191 0.455 0 0.10199999999999998
0 0.271 0.3375 0 0.15899999999999997
0 0.311 0.196 0 0.17000000000000004
0 0.311 0.36950000000000005 0 0.061
0 0.351 0.505 0 0.04800000000000004
1 0.11084375 0.3205 0.02600187793698755 0.05
1 0.394875 0.367 0.027277509050497993 0.05
1 0.232 0.42 0.044 0.05
1 0.322 0.42 0.044 0.05
1 0.19 0.54 0.03 0.05
1 0.268 0.54 0.038 0.05
1 0.151 0.46 0.042 0.05
3 0.13974999999999999 0.21650000000000003 0.2175 0.233
3 0.35725 0.21650000000000003 0.21750000000000003 0.233
3 0.13974999999999999 0.4495 0.2175 0.23299999999999993
3 0.35725 0.4495 0.21750000000000003 0.23299999999999993