0 0.350375 0.251 0 0.06199999999999997
0 0.67075 0.249 0 0.058000000000000024
0 0.392 0.26 0.11399999999999999 0
0 0.5485 0.26 0.08499999999999996 0
0 0.9829999999999999 0.3 0.06799999999999995 0
0 0.49250000000000005 0.34 0.065 0
0 0.42475 0.3195 0 0.121
0 0.6289921875 0.687 0 0.31599999999999995
0 0.42625 0.64 0 0.22599999999999998
0 0.629 0.62 0.06600000000000006 0
0 0.789375 0.658 0 0.052000000000000046
0 0.633 0.7 0.07400000000000007 0
0 0.22825 0.7985 0 0.10099999999999998
0 0.265625 0.7775000000000001 0 0.05900000000000005
0 0.82825 0.7775000000000001 0 0.05900000000000005
0 0.871375 0.783 0 0.052000000000000046
0 0.9083125 0.7805 0 0.061000000000000054
0 0.95175 0.778 0 0.06400000000000006
0 0.1485 0.888 0 0.17199999999999993
0 0.42875 0.866 0 0.09200000000000008
0 0.6315 0.82 0.07500000000000007 0
0 0.786 0.8295 0 0.04699999999999993
0 0.907625 0.863 0 0.08600000000000008
0 0.590375 0.8634999999999999 0 0.049000000000000044
0 0.752 0.866 0 0.040000000000000036
0 0.467125 0.9305 0 0.06099999999999994
0 0.98865625 0.944 0 0.1339999999999999
0 0.22825 0.9215 0 0.052999999999999936
0 0.874 0.94 0.04800000000000004 0
0 0.22825 1.0025 0 0.04499999999999993
0 0.39175 1.0915 0 0.31299999999999994
0 0.23 1.02 0.29 0
0 0.8795 1.02 0.33499999999999996 0
0 0.86 1.06 0.15799999999999992 0
0 0.26375 1.124 0 0.04799999999999982
0 0.207 1.14 0.27599999999999997 0
0 0.8805 1.14 0.33299999999999996 0
0 0.2275 1.18 0.04899999999999999 0
0 0.8805 1.22 0.33299999999999996 0
0 0.109 0.258 0 0.05199999999999996
0 0.149 1.109 0 0.08400000000000007
0 0.669 0.7915 0 0.7030000000000001
0 0.749 1.2255 0 0.04499999999999993
0 0.789 1.1745 0 0.14700000000000002
0 0.829 1.2255 0 0.04499999999999993
0 0.869 1.1745 0 0.14700000000000002
0 0.909 1.1745 0 0.14700000000000002
0 0.949 1.2255 0 0.04499999999999993
0 0.989 1.1745 0 0.14700000000000002
0 1.029 0.5940000000000001 0 0.08999999999999997
0 1.029 0.9829999999999999 0 0.05599999999999994
0 1.029 1.2255 0 0.04499999999999993
1 0.60968359375 0.842 0.039080521624079635 0.05
1 0.807125 0.8065 0.042261832662581024 0.05
1 0.8895 0.8145 0.03788221878401528 0.05
1 0.4479375 0.906 0.040207469766201404 0.05
1 0.22825 0.964 0.032 0.05
3 0.3135 0.477 0.48900000000000005 0.514
3 0.8025 0.477 0.4889999999999999 0.514
3 0.3135 0.991 0.48900000000000005 0.514
3 0.8025 0.991 0.4889999999999999 0.514