0 0.40075 0.3375 0 0.347
0 0.083 0.204 0.058 0
0 0.3615 0.33899999999999997 0 0.314
0 0.4935 0.244 0.269 0
0 0.178 0.284 0.17 0
0 0.47850000000000004 0.284 0.299 0
0 0.21650000000000003 0.324 0.12300000000000003 0
0 0.378 0.324 0.04400000000000004 0
0 0.5585 0.324 0.06499999999999995 0
0 0.359 0.364 0.08200000000000002 0
0 0.0795 0.404 0.07699999999999999 0
0 0.399 0.404 0.08600000000000002 0
0 0.087 0.444 0.041999999999999996 0
0 0.36650000000000005 0.444 0.181 0
0 0.222 0.484 0.36200000000000004 0
0 0.5555 0.484 0.04899999999999993 0
0 0.0805 0.524 0.07899999999999999 0
0 0.523125 0.5215000000000001 0 0.049000000000000044
0 0.073 0.564 0.064 0
0 0.237 0.564 0.04200000000000001 0
0 0.079 0.604 0.07600000000000001 0
0 0.1585 0.7095 0 0.050999999999999934
0 0.23875 0.7195 0 0.07099999999999995
0 0.353 0.684 0.09400000000000003 0
0 0.5860000000000001 0.684 0.08399999999999996 0
0 0.2775 0.7444999999999999 0 0.041000000000000036
0 0.48025 0.812 0 0.2400000000000001
0 0.0905 0.764 0.049 0
0 0.44025 0.8049999999999999 0 0.10999999999999999
0 0.04225 0.8680000000000001 0 0.128
0 0.20700000000000002 0.804 0.07399999999999998 0
0 0.42000000000000004 0.804 0.062 0
0 0.6025 0.804 0.051000000000000045 0
0 0.0935 0.844 0.05499999999999999 0
0 0.284 0.844 0.13599999999999998 0
0 0.41900000000000004 0.844 0.06 0
0 0.2345 0.884 0.11299999999999999 0
0 0.36050000000000004 0.884 0.07900000000000001 0
0 0.3345 0.924 0.587 0
0 0.081 0.186 0 0.043999999999999984
0 0.081 0.434 0 0.11399999999999999
0 0.081 0.5740000000000001 0 0.09999999999999998
0 0.081 0.7905 0 0.10499999999999998
0 0.081 0.903 0 0.05800000000000005
0 0.121 0.26949999999999996 0 0.04099999999999998
0 0.121 0.5625 0 0.040999999999999925
0 0.121 0.7615000000000001 0 0.04700000000000004
0 0.121 0.903 0 0.05800000000000005
0 0.161 0.298 0 0.09199999999999997
0 0.161 0.8105 0 0.05899999999999994
0 0.161 0.903 0 0.05800000000000005
0 0.201 0.29500000000000004 0 0.08600000000000002
0 0.201 0.7715000000000001 0 0.061000000000000054
0 0.241 0.29500000000000004 0 0.08600000000000002
0 0.241 0.5680000000000001 0 0.051999999999999935
0 0.241 0.8655 0 0.133
0 0.281 0.45299999999999996 0 0.09200000000000003
0 0.281 0.8835 0 0.09700000000000009
0 0.321 0.274 0 0.043999999999999984
0 0.321 0.4635 0 0.046999999999999986
0 0.321 0.5449999999999999 0 0.041999999999999926
0 0.321 0.882 0 0.10000000000000009
0 0.361 0.86 0 0.04400000000000004
0 0.401 0.5855 0 0.08899999999999997
0 0.441 0.247 0 0.11199999999999999
0 0.441 0.428 0 0.04200000000000004
0 0.521 0.2575 0 0.041000000000000036
0 0.521 0.647 0 0.11199999999999999
0 0.521 0.8595 0 0.14500000000000002
0 0.561 0.257 0 0.040000000000000036
0 0.561 0.6755 0 0.04699999999999993
0 0.601 0.2575 0 0.041000000000000036
0 0.601 0.628 0 0.08400000000000007
1 0.400875 0.526 0.0300010416485828 0.05
1 0.13975 0.7365 0.03761980861195336 0.05
1 0.500625 0.7615 0.04220855955845923 0.05
1 0.3705 0.844 0.037 0.05
1 0.306 0.884 0.03 0.05
1 0.081 0.5075 0.033 0.05
1 0.081 0.8585 0.031 0.05
1 0.161 0.857 0.034 0.05
1 0.321 0.5055 0.037 0.05
1 0.581 0.6425 0.043863424398922615 0.05
3 0.18775 0.35600000000000004 0.29350000000000004 0.384
3 0.48125 0.35600000000000004 0.2935 0.384
3 0.18775 0.74 0.29350000000000004 0.384
3 0.48125 0.74 0.2935 0.384