0 0.1105 0.618 0 0.8659999999999999
0 0.428625 0.4425 0 0.041000000000000036
0 0.74875 0.48550000000000004 0 0.059
0 0.787 0.49150000000000005 0 0.05299999999999999
0 0.308625 0.56 0 0.12
0 0.5355 0.505 0.09299999999999997 0
0 1.2505 0.505 0.137 0
0 0.5225 0.545 0.06700000000000006 0
0 1.1315 0.545 0.04299999999999993 0
0 1.352 0.5740000000000001 0 0.08799999999999997
0 0.1635 0.585 0.109 0
0 0.371 0.585 0.068 0
0 0.552 0.585 0.192 0
0 1.3325 0.585 0.09099999999999997 0
0 1.5295 0.585 0.07699999999999996 0
0 0.304 0.6990000000000001 0 0.14800000000000002
0 0.69 0.625 0.396 0
0 1.067125 0.6639999999999999 0 0.07799999999999996
0 0.353 0.665 0.11599999999999999 0
0 0.43125 0.6715 0 0.05699999999999994
0 0.723 0.665 0.05400000000000005 0
0 0.788125 0.651 0 0.08199999999999996
0 1.19425 0.6895 0 0.04899999999999993
0 0.39149999999999996 0.705 0.197 0
0 0.591875 0.6915 0 0.05699999999999994
0 1.4645 0.705 0.355 0
0 0.39 0.745 0.194 0
0 0.7775 0.745 0.10699999999999998 0
0 1.4135 0.745 0.08099999999999996 0
0 0.188625 0.8045 0 0.050999999999999934
0 0.32999999999999996 0.785 0.07400000000000001 0
0 1.07225 0.8420000000000001 0 0.11399999999999999
0 1.11625 0.8109999999999999 0 0.051999999999999935
0 0.1575 0.825 0.09699999999999999 0
0 1.092 0.825 0.16799999999999993 0
0 0.41900000000000004 0.905 0.15799999999999997 0
0 1.0325 0.905 0.04899999999999993 0
0 1.10875 0.9255 0 0.04499999999999993
0 1.234 0.905 0.1379999999999999 0
0 0.45899999999999996 0.945 0.09600000000000003 0
0 1.0350000000000001 0.945 0.05400000000000005 0
0 0.430375 1.018 0 0.06599999999999995
0 0.6285 1.002 0 0.09799999999999998
0 1.10725 1.018 0 0.06599999999999995
0 0.4265 1.025 0.635 0
0 0.9359999999999999 1.025 0.18800000000000006 0
0 1.135 1.025 0.06599999999999984 0
0 1.3210000000000002 1.025 0.09000000000000008 0
0 0.189 1.003 0 0.09599999999999997
0 0.229 1.003 0 0.09599999999999997
0 0.269 0.5915 0 0.06099999999999994
0 0.389 1.002 0 0.09799999999999998
0 0.429 0.5475 0 0.10099999999999998
0 0.429 0.7875 0 0.07299999999999995
0 0.429 0.9219999999999999 0 0.05399999999999994
0 0.509 0.544 0 0.128
0 0.509 1.0295 0 0.04299999999999993
0 0.549 0.546 0 0.132
0 0.589 0.596 0 0.06000000000000005
0 0.589 1.002 0 0.09799999999999998
0 0.629 0.5615 0 0.123
0 0.869 0.6485000000000001 0 0.07700000000000007
0 1.029 0.35750000000000004 0 0.34500000000000003
0 1.029 0.8460000000000001 0 0.06799999999999995
0 1.229 0.46599999999999997 0 0.06
0 1.309 0.34750000000000003 0 0.325
0 1.469 0.6559999999999999 0 0.11399999999999999
1 0.4288125 0.48 0.03400206795181728 0.05
1 0.2865 0.667 0.03512833614050059 0.05
1 0.5904375 0.643 0.03711152954271758 0.05
1 1.0905 0.901 0.03671852393547432 0.05
1 1.108 0.9665 0.03703039292257105 0.05
1 0.4296875 0.973 0.036026249110891355 0.05
3 0.49224999999999997 0.40149999999999997 0.7665 0.433
3 1.25875 0.40149999999999997 0.7665 0.433
3 0.49224999999999997 0.8345 0.7665 0.43299999999999994
3 1.25875 0.8345 0.7665 0.43299999999999994