0 2.175 0.465 0.17799999999999994 0
0 0.338 0.745 0.21 0
0 1.996 1.295 0.20199999999999996 0
0 1.3855 1.495 0.18300000000000005 0
0 0.445 2.08 0.40800000000000003 0
0 0.3665 2.135 0.251 0
0 2.1545 3.145 0.20500000000000007 0
0 1.7685 3.15 0.15700000000000003 0
0 0.235 0.7915000000000001 0 0.6250000000000001
0 0.275 1.383 0 0.252
0 0.465 0.857 0 0.29400000000000004
0 0.56 0.915 0 0.30200000000000005
0 0.58 1.6155 0 0.23299999999999987
0 0.96 0.9985 0 0.131
0 2.3 1.451 0 0.10799999999999987
0 1.765 1.285 0 0.06800000000000006
2 0.338 0.745 0.035 0.05
2 0.3665 2.135 0.035 0.05
2 0.235 0.604 0.035 0.05
2 0.235 0.729 0.035 0.05
2 0.235 0.854 0.035 0.05
2 0.235 0.979 0.035 0.05
2 0.275 1.383 0.035 0.05
2 0.56 0.8646666666666666 0.035 0.05
2 0.56 0.9653333333333333 0.035 0.05
3 0.74975 1.13625 1.0334999999999999 1.3425
3 1.7832499999999998 1.13625 1.0334999999999999 1.3425
3 0.74975 2.47875 1.0334999999999999 1.3424999999999998
3 1.7832499999999998 2.47875 1.0334999999999999 1.3424999999999998