0 1.22875 0.239 0 0.04600000000000001
0 0.6665 0.256 1.111 0
0 1.5 0.256 0.34399999999999986 0
0 0.1125 0.3115 0 0.161
0 0.79 0.2805 0 0.099
0 1.445 0.296 0.16199999999999992 0
0 1.07025 0.391 0 0.11599999999999999
0 1.4700000000000002 0.336 0.21199999999999997 0
0 1.2405 0.376 0.2569999999999999 0
0 1.51925 0.3035 0 0.145
0 1.159 0.416 0.06800000000000006 0
0 1.2375 0.39449999999999996 0 0.04299999999999998
0 1.5510000000000002 0.416 0.07000000000000006 0
0 1.1065 0.456 0.08299999999999996 0
0 0.1116875 0.8225 0 0.573
0 1.070375 0.5595 0 0.15900000000000003
0 1.107625 0.5625 0 0.11699999999999999
0 1.634 0.536 0 0.06399999999999995
0 0.872 0.5955 0 0.07299999999999995
0 1.018 0.576 0.21599999999999986 0
0 1.3926875 0.5955 0 0.07899999999999996
0 0.9085 0.616 0.07499999999999996 0
0 1.103 0.616 0.08000000000000007 0
0 0.2045 0.656 0.187 0
0 0.353625 0.737 0 0.05600000000000005
0 0.2045 0.776 0.187 0
0 1.331 0.776 0.21599999999999997 0
0 1.070375 0.962 0 0.254
0 1.6440000000000001 0.856 0.05599999999999983 0
0 1.592125 1.0455 0 0.139
0 0.1575 1.096 0.09299999999999999 0
0 0.475 1.096 0.19999999999999996 0
0 0.9135 1.096 0.127 0
0 1.3645 1.096 0.07299999999999995 0
0 1.6065 1.096 0.08499999999999996 0
0 0.191 0.673 0 0.09599999999999997
0 0.231 0.657 0 0.06399999999999995
0 0.711 0.246 0 0.04000000000000001
0 0.951 1.0995 0 0.04100000000000015
0 1.071 0.266 0 0.06999999999999998
0 1.111 0.4165 0 0.05099999999999999
0 1.151 0.4485 0 0.04099999999999998
0 1.351 1.154 0 0.15000000000000013
0 1.391 0.249 0 0.04600000000000001
0 1.431 0.253 0 0.05000000000000002
0 1.471 0.299 0 0.146
0 1.551 0.25 0 0.048000000000000015
0 1.551 0.3795 0 0.15100000000000002
1 1.0703125 0.4645 0.03100025201510465 0.05
1 1.070625 0.34 0.03200878785583734 0.05
1 1.344 0.356 0.04031128874149274 0.05
1 1.131 0.435 0.04237924020083418 0.05
1 1.551 0.289 0.03 0.05
3 0.50125 0.46925 0.7805 0.5065000000000001
3 1.28175 0.46925 0.7805 0.5065000000000001
3 0.50125 0.9757500000000001 0.7805 0.5065000000000001
3 1.28175 0.9757500000000001 0.7805 0.5065000000000001