0 1.9579999999999997 0.255 1.1199999999999999 0
0 1.2265 0.425 0.471 0
0 2.1420000000000003 0.545 0.544 0
0 1.888 0.55 0.1439999999999999 0
0 1.1225 0.63 0.263 0
0 2.4025 0.675 0.10899999999999999 0
0 0.9945 0.705 0.127 0
0 0.9045 0.72 0.2649999999999999 0
0 1.4135 0.985 0.10099999999999998 0
0 1.8195000000000001 1.145 1.0370000000000001 0
0 1.929 1.44 1.262 0
0 1.714 1.505 0.8319999999999999 0
0 2.392 1.505 0.31599999999999984 0
0 0.775 0.5415 0 0.185
0 1 0.5389999999999999 0 0.58
0 1.22 0.9125 0 0.23699999999999988
0 1.24 0.356 0 0.21400000000000002
0 1.29 0.8089999999999999 0 0.366
0 2.115 1.2530000000000001 0 0.46199999999999997
0 2.175 1.376 0 0.21999999999999997
0 2.43 0.755 0 0.16199999999999992
0 2.515 0.7055 0 0.31499999999999995
0 1.057 0.285 0.05600000000000005 0
0 1.2075 0.285 0.051000000000000156 0
0 1.085 0.461 0.12400000000000011 0
0 1.1065 0.629 0.052999999999999936 0
0 1.222 0.637 0.1379999999999999 0
0 1.2375 0.645 0.09299999999999997 0
0 0.9530000000000001 0.709 0.08199999999999996 0
0 1.532 1.149 0.18599999999999994 0
0 1.897 1.149 0.3500000000000001 0
0 2.3655 1.149 0.054999999999999716 0
0 0.781 0.3335 0 0.05099999999999999
0 1.461 0.623 0 0.08600000000000008
0 1.613 1.1875 0 0.06899999999999995
0 1.893 1.1800000000000002 0 0.07000000000000006
0 2.181 1.3439999999999999 0 0.14200000000000013
0 2.333 1.083 0 0.1459999999999999
2 1.538 0.255 0.035 0.05
2 1.678 0.255 0.035 0.05
2 1.818 0.255 0.035 0.05
2 1.958 0.255 0.035 0.05
2 2.098 0.255 0.035 0.05
2 2.238 0.255 0.035 0.05
2 2.378 0.255 0.035 0.05
2 1.10875 0.425 0.035 0.05
2 1.2265 0.425 0.035 0.05
2 1.34425 0.425 0.035 0.05
2 1.1225 0.63 0.035 0.05
2 0.9045 0.72 0.035 0.05
2 1.449142857142857 1.145 0.035 0.05
2 1.5972857142857142 1.145 0.035 0.05
2 1.7454285714285713 1.145 0.035 0.05
2 1.8935714285714285 1.145 0.035 0.05
2 2.041714285714286 1.145 0.035 0.05
2 2.1898571428571425 1.145 0.035 0.05
2 1 0.394 0.035 0.05
2 1 0.539 0.035 0.05
2 1 0.684 0.035 0.05
2 1.24 0.356 0.035 0.05
2 2.115 1.1375 0.035 0.05
2 2.115 1.253 0.035 0.05
2 2.115 1.3685 0.035 0.05
2 2.515 0.653 0.035 0.05
2 2.515 0.758 0.035 0.05
3 1.2189999999999999 0.563 0.8939999999999999 0.628
3 2.113 0.563 0.8940000000000001 0.628
3 1.2189999999999999 1.1909999999999998 0.8939999999999999 0.6279999999999999
3 2.113 1.1909999999999998 0.8940000000000001 0.6279999999999999