0 0.69 0.52 0.11199999999999999 0
0 0.26 0.792 0 0.118
0 0.6 0.833 0 0.118
0 0.955 0.6255 0 0.16299999999999992
0 0.07250000000000001 0.149 0.05500000000000001 0
0 0.07250000000000001 0.173 0.05500000000000001 0
0 0.07250000000000001 0.197 0.05500000000000001 0
0 0.07250000000000001 0.221 0.05500000000000001 0
0 0.07250000000000001 0.269 0.05500000000000001 0
0 0.07250000000000001 0.293 0.05500000000000001 0
0 0.07250000000000001 0.317 0.05500000000000001 0
0 0.0695 0.341 0.061000000000000006 0
0 0.065 0.365 0.07 0
0 0.991 0.365 0.05400000000000005 0
0 0.065 0.389 0.07 0
0 0.991 0.389 0.05400000000000005 0
0 0.0695 0.413 0.061000000000000006 0
0 0.9804999999999999 0.413 0.07500000000000007 0
0 0.991 0.421 0.05400000000000005 0
0 0.991 0.477 0.05400000000000005 0
0 0.33 0.485 0.09999999999999998 0
0 0.618 0.485 0.25 0
0 0.8580000000000001 0.485 0.10199999999999998 0
0 0.7135 0.525 0.05499999999999994 0
0 0.524 0.565 0.062000000000000055 0
0 0.9795 0.573 0.07700000000000007 0
0 0.815 0.597 0.051999999999999935 0
0 0.08249999999999999 0.733 0.075 0
0 0.073 0.757 0.064 0
0 0.2315 0.765 0.059 0
0 0.5205 0.765 0.20900000000000002 0
0 0.991 0.765 0.05400000000000005 0
0 0.4615 0.773 0.05499999999999999 0
0 0.2305 0.789 0.056999999999999995 0
0 0.992 0.789 0.052000000000000046 0
0 0.23750000000000002 0.813 0.07100000000000001 0
0 0.085 0.3935 0 0.727
0 0.333 0.76 0 0.052000000000000046
0 0.357 0.526 0 0.07999999999999996
0 0.365 0.21400000000000002 0 0.368
0 0.381 0.52 0 0.08200000000000007
0 0.429 0.7929999999999999 0 0.11399999999999999
0 0.453 0.792 0 0.11199999999999999
0 0.469 0.77 0 0.06800000000000006
0 0.493 0.5375 0 0.10299999999999998
0 0.517 0.5315 0 0.09099999999999997
0 0.541 0.5455 0 0.06299999999999994
0 0.693 0.5235000000000001 0 0.07500000000000007
0 0.717 0.524 0 0.07000000000000006
0 0.725 0.32699999999999996 0 0.068
0 0.797 0.5940000000000001 0 0.10199999999999998
0 0.933 0.4305 0 0.056999999999999995
0 0.997 0.6679999999999999 0 0.09999999999999998
0 1.021 0.76 0 0.08000000000000007
0 1.029 0.191 0 0.204
3 0.27975 0.2455 0.49949999999999994 0.43100000000000005
3 0.77925 0.2455 0.49949999999999994 0.43100000000000005
3 0.27975 0.6765 0.49949999999999994 0.431
3 0.77925 0.6765 0.49949999999999994 0.431