0 0.4900625 0.4525 0 0.635
0 0.53125 0.4525 0 0.635
0 0.568625 0.1975 0 0.04300000000000001
0 0.65 0.215 0.07200000000000006 0
0 0.25325 0.397 0 0.05399999999999999
0 0.517 0.415 0.040000000000000036 0
0 0.171625 0.5095000000000001 0 0.05900000000000005
0 0.20925 0.47650000000000003 0 0.13500000000000006
0 0.1605 0.535 0.08699999999999998 0
0 0.5925 0.575 0.05900000000000005 0
0 0.61225 0.577 0 0.07599999999999996
0 0.32899999999999996 0.655 0.04999999999999999 0
0 0.688 0.6905 0 0.09099999999999997
0 0.28400000000000003 0.695 0.045999999999999985 0
0 0.332 0.7230000000000001 0 0.09399999999999997
0 0.6759999999999999 0.695 0.07399999999999995 0
0 0.23299999999999998 0.735 0.13799999999999998 0
0 0.6695 0.735 0.06099999999999994 0
0 0.09 0.479 0 0.14000000000000007
0 0.13 0.4545 0 0.09100000000000003
0 0.25 0.522 0 0.040000000000000036
0 0.29 0.7070000000000001 0 0.07799999999999996
0 0.65 0.199 0 0.04400000000000001
0 0.65 0.732 0 0.07600000000000007
1 0.3075 0.675 0.04011234224026316 0.05
3 0.24575000000000002 0.29375 0.3115 0.3175
3 0.55725 0.29375 0.31149999999999994 0.3175
3 0.24575000000000002 0.6112500000000001 0.3115 0.3175
3 0.55725 0.6112500000000001 0.31149999999999994 0.3175