0 0.43100000000000005 0.15 0.064 0
0 0.8045 0.15 0.4089999999999999 0
0 0.509375 0.20850000000000002 0 0.087
0 0.8034999999999999 0.19 0.4109999999999999 0
0 0.48450000000000004 0.23 0.063 0
0 0.8034999999999999 0.23 0.4109999999999999 0
0 0.1455 0.2855 0 0.05299999999999999
0 0.8074999999999999 0.27 0.4029999999999999 0
0 0.8079999999999999 0.31 0.4019999999999999 0
0 0.8074999999999999 0.35 0.4029999999999999 0
0 0.48 0.39 0.055999999999999994 0
0 0.8034999999999999 0.39 0.4109999999999999 0
0 0.8029999999999999 0.43 0.4119999999999999 0
0 0.8029999999999999 0.47 0.4119999999999999 0
0 0.8019999999999999 0.51 0.4139999999999999 0
0 0.7849999999999999 0.55 0.44799999999999984 0
0 0.1985 0.59 0.263 0
0 0.4385 0.59 0.049000000000000044 0
0 0.7849999999999999 0.59 0.44799999999999984 0
0 0.147 0.5920000000000001 0 0.06599999999999995
0 0.267 0.5915 0 0.06699999999999995
0 0.307 0.5915 0 0.06699999999999995
0 0.427 0.161 0 0.09999999999999999
0 0.427 0.5905 0 0.06899999999999995
0 0.467 0.1775 0 0.135
0 0.467 0.5900000000000001 0 0.06999999999999995
0 0.587 0.5715 0 0.10699999999999998
0 0.627 0.3675 0 0.515
0 0.667 0.3675 0 0.515
0 0.707 0.3675 0 0.515
0 0.747 0.3675 0 0.515
0 0.787 0.3675 0 0.515
0 0.827 0.3675 0 0.515
0 0.867 0.3675 0 0.515
0 0.907 0.3675 0 0.515
0 0.947 0.3675 0 0.515
0 0.987 0.3675 0 0.515
3 0.3025 0.23875 0.47100000000000003 0.2575
3 0.7735 0.23875 0.47099999999999986 0.2575
3 0.3025 0.49624999999999997 0.47100000000000003 0.2575
3 0.7735 0.49624999999999997 0.47099999999999986 0.2575