0 1.355 0.25 0.236 0
0 1.0175 0.29 0.07300000000000006 0
0 1.3205 0.29 0.2909999999999999 0
0 1.9825 0.29 0.04299999999999993 0
0 1.186625 0.307 0 0.07399999999999995
0 1.375 0.33 0.3380000000000001 0
0 1.6825 0.33 0.06500000000000017 0
0 1.751125 0.352 0 0.043999999999999984
0 1.832 0.34099999999999997 0 0.068
0 1.556 0.37 0.6379999999999999 0
0 1.9815 0.37 0.0409999999999997 0
0 0.4345 0.41 0.04300000000000004 0
0 1.018 0.41 0.07399999999999995 0
0 1.855 0.41 0.06800000000000006 0
0 2.058 0.41 0.19399999999999973 0
0 0.42500000000000004 0.45 0.04999999999999999 0
0 0.988 0.48 0 0.09200000000000003
0 1.86975 0.7015 0 0.9830000000000001
0 1.983 0.45 0.04399999999999982 0
0 2.1085 0.44499999999999995 0 0.07
0 0.365 0.49 0.05399999999999999 0
0 0.430625 0.354 0 0.28800000000000003
0 1.9845000000000002 0.49 0.04699999999999993 0
0 0.27249999999999996 0.53 0.197 0
0 1.9845000000000002 0.53 0.04699999999999993 0
0 0.1945 0.57 0.04100000000000001 0
0 0.601 0.57 0.10199999999999998 0
0 1.9809999999999999 0.57 0.039999999999999813 0
0 0.54875 0.6365 0 0.125
0 1.9815 0.61 0.0409999999999997 0
0 0.189 0.65 0.043999999999999984 0
0 0.522 0.65 0.040000000000000036 0
0 1.43 0.6575 0 0.05700000000000005
0 1.983 0.65 0.04399999999999982 0
0 0.5920000000000001 0.69 0.18000000000000005 0
0 0.79075 0.718 0 0.05600000000000005
0 1.139 0.69 0.04999999999999982 0
0 0.5089609375 0.8414999999999999 0 0.269
0 0.6145 0.73 0.08700000000000008 0
0 0.8300000000000001 0.73 0.10199999999999998 0
0 1.43 0.761 0 0.062000000000000055
0 2.0755 0.73 0.22899999999999987 0
0 0.532 0.77 0.06000000000000005 0
0 0.7845 0.7945 0 0.04899999999999993
0 0.98915625 0.8895 0 0.2749999999999999
0 1.030375 0.7889999999999999 0 0.07399999999999995
0 1.983 0.77 0.04399999999999982 0
0 2.10575 0.8109999999999999 0 0.18000000000000005
0 2.14975 0.8109999999999999 0 0.16600000000000004
0 0.5375 0.81 0.07099999999999995 0
0 0.9655 0.81 0.271 0
0 2.081 0.81 0.24 0
0 0.5255000000000001 0.85 0.04700000000000004 0
0 0.9555 0.85 0.052999999999999936 0
0 1.983 0.85 0.04399999999999982 0
0 0.536 0.89 0.06799999999999995 0
0 1.22925 0.9405 0 0.15900000000000003
0 1.43 0.89 0.07200000000000006 0
0 1.9845000000000002 0.89 0.04699999999999993 0
0 0.532 0.93 0.06000000000000005 0
0 1.468 0.93 0.11399999999999988 0
0 1.82 0.93 0.08000000000000007 0
0 1.983 0.93 0.04399999999999982 0
0 0.192875 1.073 0 0.2400000000000001
0 0.5485 0.867 0 0.22999999999999998
0 0.9110625 0.9904999999999999 0 0.08099999999999996
0 1.2665 0.9964999999999999 0 0.052999999999999936
0 1.4465 0.97 0.07099999999999995 0
0 1.51175 0.9884999999999999 0 0.09100000000000008
0 1.8345 0.97 0.06700000000000017 0
0 1.9885000000000002 0.97 0.05499999999999994 0
0 0.1945 1.01 0.04100000000000001 0
0 0.3478125 1.0295 0 0.08500000000000008
0 0.392875 1.012 0 0.06400000000000006
0 0.78875 1.0445 0 0.1150000000000001
0 0.841 1.01 0.05600000000000005 0
0 0.97 1.01 0.06000000000000005 0
0 1.3595000000000002 1.01 0.361 0
0 1.8295 1.01 0.09099999999999997 0
0 1.9865 1.01 0.050999999999999934 0
0 2.2155 1.01 0.04300000000000015 0
0 0.1945 1.05 0.04100000000000001 0
0 0.7989999999999999 1.05 0.05399999999999994 0
0 1.355 1.0135 0 0.23699999999999988
0 1.469 0.9535 0 0.19300000000000006
0 0.1945 1.09 0.04100000000000001 0
0 0.7615000000000001 1.09 0.061000000000000054 0
0 2.069 1.09 0.2759999999999998 0
0 0.1945 1.13 0.04100000000000001 0
0 0.7235 1.13 0.05900000000000005 0
0 0.198 1.17 0.048000000000000015 0
0 0.6825 1.17 0.05899999999999994 0
0 0.149 0.944 0 0.06399999999999995
0 0.189 0.5935 0 0.17500000000000004
0 0.349 0.52 0 0.050000000000000044
0 0.509 0.659 0 0.04800000000000004
0 0.589 0.6515 0 0.08099999999999996
0 0.669 0.724 0 0.07399999999999995
0 0.709 1.1535000000000002 0 0.07899999999999996
0 0.749 1.1025 0 0.05899999999999994
0 0.829 0.7735 0 0.09099999999999997
0 0.829 1.0225 0 0.05699999999999994
0 0.869 0.99 0 0.06000000000000005
0 0.909 0.7715000000000001 0 0.05300000000000005
0 0.949 0.5700000000000001 0 0.039999999999999925
0 0.949 0.8075 0 0.07699999999999996
0 0.949 1.0055 0 0.04299999999999993
0 0.989 0.3095 0 0.19899999999999998
0 1.029 1.0055 0 0.050999999999999934
0 1.069 0.77 0 0.09199999999999997
0 1.069 0.8875 0 0.061000000000000054
0 1.069 1.0055 0 0.050999999999999934
0 1.109 0.8009999999999999 0 0.07799999999999996
0 1.109 1.0055 0 0.050999999999999934
0 1.149 0.7425 0 0.125
0 1.149 1.0055 0 0.050999999999999934
0 1.189 0.8734999999999999 0 0.29899999999999993
0 1.229 0.32699999999999996 0 0.03999999999999998
0 1.269 0.2865 0 0.149
0 1.309 0.272 0 0.12000000000000002
0 1.309 0.867 0 0.05400000000000005
0 1.349 0.23249999999999998 0 0.04500000000000001
0 1.429 0.563 0 0.06799999999999995
0 1.429 0.9315 0 0.15499999999999992
0 1.469 0.5205 0 0.501
0 1.509 0.33399999999999996 0 0.05399999999999999
0 1.709 0.289 0 0.158
0 1.789 1.0055 0 0.050999999999999934
0 1.829 0.956 0 0.1419999999999999
0 1.989 0.6204999999999999 0 0.821
0 2.029 0.44699999999999995 0 0.07400000000000001
0 2.029 0.7565 0 0.07100000000000006
0 2.029 0.8585 0 0.05700000000000005
0 2.029 0.9864999999999999 0 0.052999999999999936
0 2.069 0.7565 0 0.07100000000000006
0 2.069 0.862 0 0.06400000000000006
0 2.069 1.0074999999999998 0 0.04699999999999993
0 2.109 1.009 0 0.050000000000000044
0 2.149 1.0074999999999998 0 0.04699999999999993
0 2.189 0.76 0 0.06400000000000006
0 2.189 0.8585 0 0.05700000000000005
0 2.189 0.9955 0 0.05700000000000005
0 2.229 0.611 0 0.04600000000000004
0 2.229 1.006 0 0.04400000000000004
1 0.394 0.47 0.040792156108742275 0.05
1 0.9885 0.368 0.02501999200639361 0.05
1 0.52885546875 0.703 0.04058533595559985 0.05
1 1.43 0.708 0.044 0.05
1 1.4295 0.6075 0.032015621187164243 0.05
1 0.809875 0.737 0.04227366201312586 0.05
1 0.58 0.75 0.041 0.05
1 0.8205 1.03 0.042059481689626185 0.05
1 0.703 1.15 0.043863424398922615 0.05
1 1.069 0.8365 0.041 0.05
1 2.029 0.811 0.038 0.05
1 2.189 0.811 0.038 0.05
3 0.671 0.45575 1.044 0.49150000000000005
3 1.715 0.45575 1.044 0.49150000000000005
3 0.671 0.94725 1.044 0.49150000000000005
3 1.715 0.94725 1.044 0.49150000000000005