0 0.31253125 0.41100000000000003 0 0.14199999999999996
0 0.79275 0.392 0 0.10399999999999998
0 0.238 0.38 0.05000000000000002 0
0 0.4723125 0.9495 0 1.1909999999999998
0 0.831625 0.3755 0 0.05900000000000005
0 1.03 0.4135 0 0.067
0 0.2716875 0.44 0 0.07399999999999995
0 0.469 0.42 0.09600000000000003 0
0 0.2355 0.54 0.04100000000000001 0
0 1.02975 0.6165 0 0.07300000000000006
0 0.593 0.82 0.06999999999999995 0
0 0.79325 0.864 0 0.08800000000000008
0 0.924 0.86 0.32800000000000007 0
0 0.5895 0.9 0.06299999999999994 0
0 0.7895 0.9 0.05899999999999994 0
0 0.90675 0.9575 0 0.21899999999999997
0 0.8708125 0.9584999999999999 0 0.10099999999999987
0 0.579 0.98 0.67 0
0 1.029375 1.0065 0 0.052999999999999936
0 0.792875 1.0085 0 0.05900000000000005
0 0.394 1.1 0.05199999999999999 0
0 0.5915 1.1 0.06299999999999994 0
0 0.992125 1.18 0 0.09200000000000008
0 0.2345 1.18 0.04300000000000001 0
0 0.393 1.1915 0 0.06499999999999995
0 0.531 1.18 0.16199999999999998 0
0 0.6323125 1.1925 0 0.09899999999999998
0 1.02675 1.3265 0 0.052999999999999936
0 0.62925 1.5385 0 0.42300000000000004
0 0.786 1.38 0.052000000000000046 0
0 0.8725 1.38 0.04300000000000004 0
0 0.23099999999999998 1.42 0.04200000000000001 0
0 0.8835 1.46 0.05700000000000005 0
0 1.02675 1.5205 0 0.040999999999999925
0 0.427 1.54 0.42800000000000005 0
0 0.9305 1.54 0.2350000000000001 0
0 0.7485 1.5474999999999999 0 0.06500000000000017
0 0.952 1.6644999999999999 0 0.09899999999999998
0 0.79225 1.668 0 0.31400000000000006
0 0.9365 1.66 0.08299999999999996 0
0 1.030875 1.7035 0 0.08700000000000019
0 0.23925 1.8045 0 0.04899999999999993
0 0.8985000000000001 1.82 0.3790000000000001 0
0 0.232 0.4635 0 0.16900000000000004
0 0.232 0.8089999999999999 0 0.17000000000000004
0 0.232 1.157 0 0.17399999999999993
0 0.232 1.4825 0 0.133
0 0.272 1.1524999999999999 0 0.04100000000000015
0 0.352 1.252 0 0.04999999999999982
0 0.392 0.4615 0 0.04099999999999998
0 0.512 0.4405 0 0.07899999999999996
0 0.512 1.5354999999999999 0 0.04100000000000015
0 0.512 1.8475 0 0.16900000000000004
0 0.552 0.4415 0 0.08099999999999996
0 0.592 0.4615 0 0.04099999999999998
0 0.632 0.4065 0 0.13299999999999995
0 0.712 1.3719999999999999 0 0.04600000000000004
0 0.712 1.8455 0 0.08499999999999996
0 0.872 1.3875000000000002 0 0.06699999999999995
0 0.912 0.395 0 0.09800000000000003
0 0.912 1.3775 0 0.18100000000000005
0 0.912 1.524 0 0.052000000000000046
0 0.952 0.5015000000000001 0 0.041000000000000036
0 1.072 1.6524999999999999 0 0.04299999999999993
1 0.3725 1.2255 0.04110960958218893 0.05
1 0.8315 1.38 0.039 0.05
1 1.0514375 1.689 0.04344267055557243 0.05
1 0.912 1.483 0.03 0.05
3 0.4295 0.738 0.43900000000000006 0.7959999999999998
3 0.8685 0.738 0.43900000000000006 0.7959999999999998
3 0.4295 1.5339999999999998 0.43900000000000006 0.796
3 0.8685 1.5339999999999998 0.43900000000000006 0.796