0 1.1135 0.682 0.17300000000000004 0
0 0.513 0.922 0.30800000000000005 0
0 0.875 0.922 0.2759999999999999 0
0 1.0425 0.889 0 0.09200000000000008
0 0.3625 0.937 0 0.04999999999999993
0 0.3615 1.2725 0 0.5409999999999999
0 1.0975 1.002 0.06099999999999994 0
0 1.0755 1.0695000000000001 0 0.2630000000000001
0 0.6975 1.122 0.04499999999999993 0
0 1.1795 1.122 0.040999999999999925 0
0 0.678 1.0534999999999999 0 0.21699999999999997
0 1.178 1.162 0.04400000000000004 0
0 0.24075 1.3319999999999999 0 0.12200000000000011
0 0.72025 1.397 0 0.06800000000000006
0 1.0335 1.402 0.07099999999999995 0
0 0.6775 1.653 0 0.3420000000000001
0 1.00021875 1.5455 0 0.1609999999999998
0 0.658 1.522 0.052000000000000046 0
0 0.9325 1.522 0.127 0
0 0.5505 1.562 0.08099999999999996 0
0 0.8405 1.5685 0 0.0950000000000002
0 1.017 1.602 0.06600000000000006 0
0 0.878375 1.6179999999999999 0 0.3579999999999999
0 1.0025 1.6869999999999998 0 0.09000000000000008
0 1.0255 1.682 0.049000000000000155 0
0 0.956 1.722 0.18000000000000005 0
0 0.32 1.699 0 0.25
0 0.4 1.3399999999999999 0 0.07199999999999984
0 0.52 1.124 0 0.04200000000000004
0 0.72 0.794 0 0.07399999999999995
0 0.72 0.9624999999999999 0 0.10099999999999987
0 0.72 1.2705 0 0.09699999999999998
0 0.84 1.025 0 0.07400000000000007
0 0.84 1.465 0 0.052000000000000046
0 0.92 1.3955 0 0.05699999999999994
0 0.92 1.796 0 0.05600000000000005
0 0.96 0.9219999999999999 0 0.039999999999999925
0 0.96 1.478 0 0.1299999999999999
0 1 0.9219999999999999 0 0.039999999999999925
0 1 1.391 0 0.04800000000000004
0 1.04 0.7390000000000001 0 0.134
0 1.04 1.5945 0 0.05500000000000016
0 1.04 1.745 0 0.05800000000000005
0 1.12 1.0215 0 0.05499999999999994
0 1.16 1.177 0 0.11399999999999988
1 1.059 0.9365 0.033136083051561786 0.05
1 1.04125 0.8035 0.03708436328157732 0.05
1 0.362 0.982 0.04001249804748511 0.05
1 0.720125 1.3265 0.04400071022154074 0.05
1 0.84025 1.5275 0.030004166377354993 0.05
1 0.8991875 1.582 0.044245232794053645 0.05
1 1.02125 1.6495 0.0425 0.05
1 1.02125 1.724 0.04077070026379238 0.05
1 0.94 1.4185 0.041484937025383084 0.05
3 0.4805625 0.96 0.47962499999999997 0.576
3 0.9601875 0.96 0.47962499999999997 0.576
3 0.4805625 1.536 0.47962499999999997 0.5760000000000001
3 0.9601875 1.536 0.47962499999999997 0.5760000000000001