0 0.502 0.938 0.07800000000000001 0
0 0.6675 0.938 0.052999999999999936 0
0 1.1480000000000001 0.938 0.748 0
0 0.5855 0.978 0.24499999999999994 0
0 0.8049999999999999 0.978 0.11199999999999999 0
0 0.9359999999999999 0.978 0.04799999999999993 0
0 0.837 1.058 0.15600000000000003 0
0 0.9724999999999999 1.098 0.04300000000000004 0
0 0.862 1.138 0.08800000000000008 0
0 1.3015 1.0985 0 0.07899999999999996
0 0.8965 1.178 0.15700000000000003 0
0 1.54825 1.284 0 0.052000000000000046
0 0.709 1.298 0.256 0
0 1.285 1.298 0.608 0
0 0.9875 1.3170000000000002 0 0.04200000000000004
0 0.7685 1.378 0.137 0
0 1.1035 1.378 0.2350000000000001 0
0 0.74675 1.399 0 0.04800000000000004
0 1.14625 1.448 0 0.07800000000000007
0 1.236 1.458 0.05799999999999983 0
0 0.6625 1.498 0.052999999999999936 0
0 1.409 1.498 0.04800000000000004 0
0 0.66475 1.5030000000000001 0 0.07000000000000006
0 1.1404999999999998 1.538 0.06299999999999994 0
0 1.148125 1.638 0 0.11199999999999988
0 1.096 1.658 0.10200000000000009 0
0 0.6575 1.698 0.37899999999999995 0
0 1.089 1.698 0.11799999999999988 0
0 0.867 1.778 0.05800000000000005 0
0 0.465 0.9675 0 0.09299999999999997
0 0.585 0.97 0 0.08799999999999997
0 0.625 0.97 0 0.08799999999999997
0 0.665 0.965 0 0.08799999999999986
0 0.705 1.3375 0 0.08299999999999996
0 0.745 1.286 0 0.05800000000000005
0 0.785 0.9555 0 0.07699999999999996
0 0.785 1.3105 0 0.04899999999999993
0 0.825 1.0615 0 0.29900000000000004
0 0.825 1.483 0 0.40400000000000014
0 0.865 0.9505 0 0.07699999999999996
0 0.865 1.059 0 0.06800000000000006
0 0.905 0.9359999999999999 0 0.04799999999999993
0 0.905 1.101 0 0.15200000000000014
0 0.945 0.958 0 0.08199999999999996
0 0.985 0.9385 0 0.04299999999999993
0 1.065 1.66 0 0.04800000000000004
0 1.105 1.3375 0 0.09299999999999997
0 1.105 1.4580000000000002 0 0.05800000000000005
0 1.105 1.665 0 0.05800000000000005
0 1.145 1.325 0 0.06800000000000006
0 1.185 1.5514999999999999 0 0.16700000000000004
0 1.225 1.6135 0 0.16100000000000003
0 1.265 1.096 0 0.06399999999999983
0 1.425 1.4855 0 0.052999999999999936
1 0.7285 0.978 0.041 0.05
1 0.725875 1.3595 0.04194117904875827 0.05
1 1.165625 1.4775 0.043157415353563516 0.05
1 0.865 1.007 0.036 0.05
3 0.7445 1.1285 0.563 0.43299999999999994
3 1.3075 1.1285 0.563 0.43299999999999994
3 0.7445 1.5615 0.563 0.43300000000000005
3 1.3075 1.5615 0.563 0.43300000000000005