0 0.109 0.364 0 0.040000000000000036
0 0.4465 0.344 0.08699999999999997 0
0 0.86625 0.629 0 0.49
0 0.46599999999999997 0.424 0.03999999999999998 0
0 0.6819999999999999 0.424 0.08999999999999997 0
0 0.4645 0.464 0.04099999999999998 0
0 0.688 0.464 0.08799999999999997 0
0 0.46599999999999997 0.504 0.043999999999999984 0
0 0.6875 0.504 0.06099999999999994 0
0 0.444 0.544 0.08199999999999996 0
0 0.46499999999999997 0.584 0.04199999999999998 0
0 0.8895 0.584 0.06900000000000006 0
0 0.22275 0.7745 0 0.33499999999999996
0 0.1595 0.664 0.197 0
0 0.5365 0.644 0 0.040000000000000036
0 0.253 0.704 0.06399999999999997 0
0 0.26275 0.7825 0 0.07699999999999996
0 0.482 0.784 0.04199999999999998 0
0 0.677 0.784 0.17200000000000004 0
0 0.247 0.824 0.05200000000000002 0
0 0.47850000000000004 0.824 0.09500000000000003 0
0 0.8554999999999999 0.824 0.051000000000000045 0
0 0.09825 0.903 0 0.07799999999999996
0 0.444 0.864 0.08199999999999996 0
0 0.8655 0.864 0.11699999999999999 0
0 0.482 0.904 0.04199999999999998 0
0 0.6925 0.944 0.463 0
0 0.6235 1.0285 0 0.040999999999999925
0 0.875 1.024 0.040000000000000036 0
0 0.6 1.064 0.27199999999999996 0
0 0.81975 1.108 0 0.08799999999999986
0 0.874 1.064 0.05400000000000005 0
0 0.804 1.104 0.10399999999999998 0
0 0.06225 1.4335 0 0.5790000000000002
0 0.539875 1.1465 0 0.10699999999999998
0 0.6603125 1.2045 0 0.121
0 0.8895 1.144 0.06900000000000006 0
0 0.69925 1.178 0 0.08000000000000007
0 0.8895 1.184 0.06900000000000006 0
0 0.6375 1.224 0.1529999999999999 0
0 0.81975 1.2494999999999998 0 0.050999999999999934
0 0.5935 1.264 0.25899999999999995 0
0 0.86375 1.3195000000000001 0 0.11099999999999999
0 0.5365 1.3335 0 0.05899999999999994
0 0.7284999999999999 1.304 0.06900000000000006 0
0 0.81975 1.331 0 0.05400000000000005
0 0.7 1.344 0.07599999999999996 0
0 0.50775 1.519 0 0.27
0 0.622 1.384 0.04200000000000004 0
0 0.8895 1.424 0.06900000000000006 0
0 0.144 1.486 0 0.04400000000000004
0 0.515 1.464 0.10199999999999992 0
0 0.7045 1.464 0.10099999999999998 0
0 0.8474999999999999 1.464 0.06700000000000006 0
0 0.6585 1.4815 0 0.04499999999999993
0 0.738 1.4815 0 0.04499999999999993
0 0.6245 1.534 0 0.06400000000000006
0 0.48450000000000004 1.584 0.04099999999999998 0
0 0.7015 1.584 0.04499999999999993 0
0 0.804 1.624 0.18400000000000005 0
0 0.6950000000000001 1.664 0.388 0
0 0.6940000000000001 1.704 0.46 0
0 0.141 1.232 0 0.16800000000000015
0 0.181 0.917 0 0.04999999999999993
0 0.461 0.3655 0 0.123
0 0.461 0.847 0 0.19999999999999996
0 0.461 1.4915 0 0.040999999999999925
0 0.501 1.2115 0 0.10699999999999998
0 0.581 1.2125 0 0.09899999999999998
0 0.621 1.362 0 0.07199999999999984
0 0.661 0.46599999999999997 0 0.09400000000000003
0 0.661 0.606 0 0.06400000000000006
0 0.661 1.633 0 0.07200000000000006
0 0.701 0.4395 0 0.04700000000000004
0 0.701 1.323 0 0.04400000000000004
0 0.701 1.466 0 0.040000000000000036
0 0.741 1.6440000000000001 0 0.04399999999999982
0 0.781 0.913 0 0.07199999999999995
0 0.821 0.6575 0 0.08099999999999996
0 0.821 1.6925 0 0.061000000000000165
0 0.861 1.016 0 0.15600000000000014
0 0.861 1.1680000000000001 0 0.05400000000000005
0 0.861 1.4585 0 0.04500000000000015
0 0.901 0.9895 0 0.14900000000000002
0 0.901 1.1695 0 0.09299999999999997
1 0.744 1.084 0.04308131845707603 0.05
1 0.840375 1.1465 0.042691480414715065 0.05
1 0.8265 1.084 0.041 0.05
1 0.81975 1.2895 0.029 0.05
1 0.522125 1.3735 0.03560284398752436 0.05
1 0.6695 1.364 0.04428317965096906 0.05
1 0.6415 1.503 0.03405877273185281 0.05
1 0.718 1.604 0.0417612260356422 0.05
3 0.27675 0.6587500000000001 0.4315 0.7095
3 0.70825 0.6587500000000001 0.43150000000000005 0.7095
3 0.27675 1.3682500000000002 0.4315 0.7095
3 0.70825 1.3682500000000002 0.43150000000000005 0.7095