0 0.3315 0.3255 0 0.211
0 0.209 0.262 0 0.06599999999999998
0 0.8305 0.26 0.04499999999999993 0
0 1.087 0.26 0.374 0
0 0.41000000000000003 0.3 0.04199999999999998 0
0 0.8140000000000001 0.3 0.04799999999999993 0
0 0.9890000000000001 0.3 0.17000000000000004 0
0 1.1985000000000001 0.3 0.18099999999999983 0
0 0.39949999999999997 0.34 0.04899999999999999 0
0 0.8305 0.34 0.04499999999999993 0
0 1.098 0.34 0.388 0
0 0.291625 0.394 0 0.08800000000000002
0 0.39749999999999996 0.38 0.044999999999999984 0
0 0.8305 0.38 0.04499999999999993 0
0 1.1 0.38 0.392 0
0 0.261 0.42 0.33999999999999997 0
0 0.8285 0.42 0.040999999999999925 0
0 1.096 0.42 0.392 0
0 0.13475 0.46199999999999997 0 0.09600000000000003
0 0.8305 0.46 0.04499999999999993 0
0 0.8305 0.5 0.04499999999999993 0
0 0.651125 0.5780000000000001 0 0.09199999999999997
0 0.8305 0.54 0.04499999999999993 0
0 0.8305 0.58 0.04499999999999993 0
0 0.8285 0.62 0.040999999999999925 0
0 0.9335 0.62 0.04499999999999993 0
0 0.8325 0.66 0.04899999999999993 0
0 1.2715 0.66 0.04100000000000015 0
0 0.115 0.7 0.048000000000000015 0
0 0.8325 0.7 0.04899999999999993 0
0 0.22899999999999998 0.74 0.276 0
0 0.6645 0.74 0.17900000000000005 0
0 0.8325 0.74 0.04899999999999993 0
0 1.241 0.74 0.10200000000000009 0
0 0.09225 0.75 0 0.1419999999999999
0 0.174125 0.798 0 0.051999999999999935
0 0.23149999999999998 0.78 0.04100000000000001 0
0 0.5994999999999999 0.78 0.049000000000000044 0
0 0.7384999999999999 0.78 0.041000000000000036 0
0 0.8325 0.78 0.04899999999999993 0
0 0.9315 0.78 0.06299999999999994 0
0 1.21275 0.7805 0 0.08899999999999997
0 0.261 0.82 0.33999999999999997 0
0 0.7104999999999999 0.82 0.263 0
0 1.0965 0.82 0.399 0
0 0.610375 0.8745 0 0.1130000000000001
0 0.65525 0.848 0 0.06000000000000005
0 0.69275 0.841 0 0.04600000000000004
0 0.7695 0.8049999999999999 0 0.138
0 0.8285 0.86 0.04899999999999993 0
0 0.4085 0.9 0.044999999999999984 0
0 0.7285 0.937 0 0.07399999999999995
0 0.8325 0.9 0.04899999999999993 0
0 0.6890000000000001 0.94 0.04799999999999993 0
0 0.8235 0.94 0.06699999999999995 0
0 1.2335 0.94 0.04499999999999993 0
0 1.2905 0.998 0 0.17399999999999993
0 0.7949999999999999 0.98 0.118 0
0 1.25 0.98 0.07799999999999985 0
0 0.657 1.02 0.05600000000000005 0
0 0.8035 1.02 0.09899999999999998 0
0 0.6619999999999999 1.06 0.07399999999999995 0
0 0.8055 1.06 0.07499999999999996 0
0 0.4535 1.1 0.19900000000000007 0
0 0.755 1.1 0.04600000000000004 0
0 0.8325 1.1 0.04899999999999993 0
0 0.6945 1.14 0.30899999999999994 0
0 0.9339999999999999 1.14 0.04599999999999993 0
0 1.2445 1.14 0.05899999999999994 0
0 0.46699999999999997 1.18 0.752 0
0 0.989 1.18 0.19199999999999995 0
0 1.291 1.18 0.16600000000000015 0
0 1.29 1.2095 0 0.07500000000000018
0 0.131 0.7785 0 0.07899999999999996
0 0.211 0.7765 0 0.07499999999999996
0 0.251 0.7765 0 0.07499999999999996
0 0.331 0.78 0 0.08199999999999996
0 0.371 0.3155 0 0.05300000000000005
0 0.371 1.15 0 0.1060000000000001
0 0.411 0.46099999999999997 0 0.482
0 0.491 1.01 0 0.041999999999999926
0 0.531 1.073 0 0.08800000000000008
0 0.571 1.155 0 0.07399999999999984
0 0.611 0.7290000000000001 0 0.09999999999999998
0 0.611 1.1355 0 0.127
0 0.651 0.7085 0 0.05899999999999994
0 0.651 1.1475 0 0.08099999999999996
0 0.691 0.7375 0 0.11699999999999999
0 0.691 0.9235 0 0.052999999999999936
0 0.691 1.0230000000000001 0 0.07400000000000007
0 0.691 1.1565 0 0.07699999999999996
0 0.731 1.1355 0 0.09899999999999998
0 0.771 1.1095000000000002 0 0.27500000000000013
0 0.811 0.715 0 0.99
0 0.851 0.715 0 0.99
0 0.931 0.807 0 0.8
0 0.971 0.7855 0 0.07699999999999996
0 1.011 0.7355 0 0.049000000000000044
0 1.011 1.175 0 0.05600000000000005
0 1.051 0.363 0 0.11199999999999999
0 1.091 0.3675 0 0.127
0 1.091 0.784 0 0.07399999999999995
0 1.131 0.327 0 0.214
0 1.211 0.3235 0 0.207
0 1.211 0.9715 0 0.121
0 1.251 0.3275 0 0.215
0 1.251 0.9450000000000001 0 0.07599999999999996
0 1.291 0.524 0 0.608
0 1.331 0.5905 0 0.09499999999999997
0 1.331 0.9 0 0.04200000000000004
0 1.371 0.4315 0 0.063
1 1.091 0.3 0.034 0.05
1 0.8785 0.78 0.043 0.05
1 0.6106875 0.805 0.03900500769132087 0.05
1 0.673125 0.7785 0.041976928186802806 0.05
1 0.673125 0.8875 0.04048533685175412 0.05
1 0.70975 0.98 0.03937321424522006 0.05
1 1.31075 0.982 0.0417163037672323 0.05
1 0.7875 1.08 0.04123105625617661 0.05
1 0.5465 1.12 0.042059481689626185 0.05
1 0.511 1.03 0.04004996878900158 0.05
1 0.991 0.7675 0.042059481689626185 0.05
3 0.41175 0.47675 0.6415000000000001 0.5135000000000001
3 1.05325 0.47675 0.6415000000000001 0.5135000000000001
3 0.41175 0.9902500000000001 0.6415000000000001 0.5135000000000001
3 1.05325 0.9902500000000001 0.6415000000000001 0.5135000000000001