0 0.074 0.533 0 0.746
0 0.5349999999999999 0.4 0.06999999999999995 0
0 0.114 0.5125 0 0.05300000000000005
0 0.8340000000000001 0.56 0.07999999999999996 0
0 1.006 0.56 0.20199999999999996 0
0 0.386 0.64 0.15600000000000003 0
0 0.5525 0.64 0.040999999999999925 0
0 0.5585 0.68 0.04699999999999993 0
0 0.874625 0.6705 0 0.05899999999999994
0 0.43025 0.7184999999999999 0 0.05700000000000005
0 0.3415 0.76 0.09100000000000003 0
0 0.6695 0.833 0 0.14600000000000002
0 0.7945 0.7555000000000001 0 0.04300000000000004
0 0.87625 0.7995 0 0.07899999999999996
0 0.344 0.8 0.07200000000000001 0
0 0.3995 0.769 0 0.274
0 0.434625 0.8300000000000001 0 0.05999999999999994
0 0.52 0.8 0.08599999999999997 0
0 0.91275 0.8385 0 0.135
0 0.7925 0.8694999999999999 0 0.07300000000000006
0 0.5549999999999999 0.88 0.04999999999999993 0
0 0.654 0.88 0.04400000000000004 0
0 0.9239999999999999 0.88 0.366 0
0 0.153 0.8605 0 0.09100000000000008
0 0.193 0.849 0 0.06800000000000006
0 0.233 0.859 0 0.09399999999999997
0 0.353 0.7335 0 0.05500000000000005
0 0.753 0.804 0 0.06599999999999995
1 0.8895 0.56 0.031 0.05
1 0.77375 0.774 0.04193149174546501 0.05
1 0.77275 0.8385 0.03970201506221063 0.05
3 0.33225 0.34650000000000003 0.5165000000000001 0.373
3 0.84875 0.34650000000000003 0.5165 0.373
3 0.33225 0.7195 0.5165000000000001 0.373
3 0.84875 0.7195 0.5165 0.373