0 1.5465 0.155 0.31700000000000017 0
0 1.2650000000000001 0.335 0.11999999999999988 0
0 0.5509999999999999 0.45 0.138 0
0 1.3555 0.5 0.10099999999999998 0
0 0.615 0.3865 0 0.119
2 1.4936666666666667 0.155 0.035 0.05
2 1.5993333333333333 0.155 0.035 0.05
3 0.78775 0.24125000000000002 0.6114999999999999 0.17250000000000001
3 1.3992499999999999 0.24125000000000002 0.6115000000000002 0.17250000000000001
3 0.78775 0.41375 0.6114999999999999 0.1725
3 1.3992499999999999 0.41375 0.6115000000000002 0.1725