0 0.543625 0.349 0 0.05199999999999999
0 1.06175 0.41700000000000004 0 0.188
0 1.18925 0.35550000000000004 0 0.065
0 1.5409873046875 0.46099999999999997 0 0.27599999999999997
0 0.582 0.48950000000000005 0 0.327
0 1.2970000000000002 0.363 0.478 0
0 1.74025 0.978 0 1.262
0 1.981875 0.358 0 0.064
0 2.02175 0.358 0 0.064
0 2.062125 0.358 0 0.064
0 2.102375 0.358 0 0.064
0 2.142625 0.358 0 0.064
0 2.183125 0.358 0 0.064
0 2.223 0.358 0 0.064
0 2.263375 0.358 0 0.064
0 2.303375 0.358 0 0.064
0 0.780125 0.4415 0 0.07699999999999996
0 0.940875 0.42000000000000004 0 0.08200000000000002
0 1.0805 0.403 0.040999999999999925 0
0 1.13825 0.375 0 0.05600000000000005
0 1.3285 0.403 0.08499999999999996 0
0 1.5115 0.403 0.040999999999999925 0
0 2.50175 0.4215 0 0.069
0 0.8230000000000001 0.443 0.55 0
0 1.4335 0.443 0.04700000000000015 0
0 2.5389999999999997 0.443 0.3759999999999999 0
0 1.100375 0.471 0 0.055999999999999994
0 1.3285 0.483 0.08499999999999996 0
0 0.500375 0.515 0 0.04600000000000004
0 0.544125 0.526 0 0.06800000000000006
0 0.752 0.523 0.1200000000000001 0
0 0.8885000000000001 0.523 0.04500000000000004 0
0 1.52 0.523 0.05799999999999983 0
0 2.142625 0.5840000000000001 0 0.122
0 2.26575 0.5840000000000001 0 0.122
0 0.464375 0.5545 0 0.04699999999999993
0 0.503375 1.0539999999999998 0 0.982
0 0.544125 0.6074999999999999 0 0.08900000000000008
0 1.218 0.563 0.06000000000000005 0
0 1.596 0.563 0.29000000000000004 0
0 1.98275 0.6715 0 0.21700000000000008
0 2.0225 0.601 0 0.07600000000000007
0 2.062125 0.604 0 0.08200000000000007
0 2.102375 0.604 0 0.08200000000000007
0 2.183125 0.6094999999999999 0 0.09300000000000008
0 2.30575 0.601 0 0.07600000000000007
0 2.3785 0.563 0.06300000000000017 0
0 2.499375 0.5945 0 0.07299999999999995
0 0.349 0.603 0.10800000000000004 0
0 0.93775 0.624 0 0.04200000000000004
0 1.514 0.603 0.06599999999999984 0
0 2.1605 0.603 0.129 0
0 0.387 0.643 0.412 0
0 0.8075 0.643 0.06299999999999994 0
0 0.9315 0.643 0.05699999999999994 0
0 1.1009931640625 0.8565 0 0.42700000000000005
0 1.5190000000000001 0.643 0.05599999999999983 0
0 2.1675 0.643 0.45300000000000007 0
0 0.182 0.6565 0 0.09099999999999997
0 1.5401875 0.72 0 0.08799999999999997
0 1.9625 0.683 0.04299999999999993 0
0 2.5001875 0.751 0 0.1359999999999999
0 0.28300000000000003 0.723 0.05199999999999999 0
0 0.339875 0.719 0 0.050000000000000044
0 0.41200000000000003 0.723 0.07200000000000001 0
0 0.77925 0.6775 0 0.09099999999999997
0 1.1099999999999999 0.723 0.04399999999999982 0
0 1.183125 0.7585 0 0.07100000000000006
0 1.3419375 0.7505 0 0.08700000000000008
0 1.5205000000000002 0.723 0.05899999999999994 0
0 1.580625 0.7395 0 0.049000000000000044
0 0.28300000000000003 0.763 0.05199999999999999 0
0 0.4335 0.763 0.051000000000000045 0
0 0.780125 0.7889999999999999 0 0.051999999999999935
0 1.0765 0.763 0.052999999999999936 0
0 1.139625 0.7695000000000001 0 0.04500000000000004
0 1.300375 0.7705 0 0.04700000000000004
0 1.38025 0.7705 0 0.04700000000000004
0 1.46115625 0.8265 0 0.15900000000000003
0 2.138375 0.7929999999999999 0 0.05999999999999994
0 0.841 0.803 0.138 0
0 1.0765 0.803 0.052999999999999936 0
0 1.471 0.803 0.12200000000000011 0
0 1.949 0.931 0 1.21
0 0.314 0.843 0.11399999999999999 0
0 0.4305 0.843 0.056999999999999995 0
0 1.0775000000000001 0.843 0.05499999999999994 0
0 1.98275 1.0539999999999998 0 0.42199999999999993
0 2.38375 0.875 0 0.06400000000000006
0 1.0755 0.883 0.050999999999999934 0
0 1.419125 0.8360000000000001 0 0.12
0 1.9635 0.883 0.04499999999999993 0
0 0.1813125 1.053 0 0.26
0 0.69975 0.9155 0 0.04499999999999993
0 1.586 0.923 0.29400000000000004 0
0 1.9620000000000002 0.923 0.04200000000000004 0
0 2.138375 0.9590000000000001 0 0.07199999999999995
0 0.3404375 0.9745 0 0.08299999999999996
0 0.8865000000000001 0.963 0.09900000000000009 0
0 1.419125 1.0355 0 0.14500000000000013
0 1.586 0.963 0.29400000000000004 0
0 1.9615 0.963 0.040999999999999925 0
0 2.3011875 1.0350000000000001 0 0.14600000000000013
0 2.382125 1.0355 0 0.14500000000000013
0 0.2145 1.003 0.067 0
0 0.5760000000000001 1.003 0.15600000000000003 0
0 1.2585000000000002 1.003 0.9650000000000001 0
0 2.1665 1.003 0.45099999999999985 0
0 0.8095 1.043 0.07099999999999995 0
0 1.0805 1.043 0.16100000000000003 0
0 1.182625 1.034 0 0.07600000000000007
0 1.338625 1.034 0 0.07600000000000007
0 1.4304999999999999 1.043 0.04100000000000015 0
0 2.139125 1.0775000000000001 0 0.06900000000000017
0 2.295 1.043 0.19799999999999995 0
0 0.621375 1.0985 0 0.20500000000000007
0 0.9019375 1.092 0 0.09599999999999986
0 1.0265 1.083 0.09100000000000008 0
0 1.142625 1.0545 0 0.11699999999999999
0 1.22325 1.1275 0 0.08899999999999997
0 1.4020000000000001 1.083 0.1060000000000001 0
0 1.9615 1.083 0.040999999999999925 0
0 2.2835 1.083 0.04899999999999993 0
0 2.339125 1.0845 0 0.04300000000000015
0 2.49925 1.108 0 0.050000000000000044
0 0.54525 1.197 0 0.1479999999999999
0 0.820625 1.1139999999999999 0 0.05999999999999983
0 0.86125 1.125 0 0.04999999999999982
0 1.063125 1.1095000000000002 0 0.050999999999999934
0 1.2015 1.123 0.04300000000000015 0
0 1.338625 1.1275 0 0.04699999999999993
0 1.9615 1.123 0.040999999999999925 0
0 2.100125 1.1245 0 0.06099999999999994
0 2.138375 1.163 0 0.08000000000000007
0 2.284 1.123 0.21399999999999997 0
0 0.384625 1.1789999999999998 0 0.06600000000000006
0 1.217 1.163 0.07999999999999985 0
0 1.338625 1.1920000000000002 0 0.05800000000000005
0 2.17725 1.143 0 0.040000000000000036
0 2.3 1.164 0 0.040000000000000036
0 1.4689999999999999 1.203 0.1180000000000001 0
0 1.9615 1.203 0.040999999999999925 0
0 0.214 1.243 0.064 0
0 0.5065 1.243 0.04700000000000004 0
0 0.2115 1.283 0.059 0
0 0.9401875 1.3304999999999998 0 0.09499999999999997
0 1.063 1.283 0.1259999999999999 0
0 1.3675 1.283 0.359 0
0 2.138375 1.315 0 0.06400000000000006
0 0.3755 1.323 0.07699999999999996 0
0 0.57975 1.2355 0 0.17500000000000004
0 1.034 1.323 0.06800000000000006 0
0 1.1015625 1.3315000000000001 0 0.08699999999999997
0 1.142625 1.342 0 0.06600000000000006
0 1.3205 1.323 0.26900000000000013 0
0 0.182125 1.4245 0 0.19299999999999984
0 0.8535 1.363 0.09699999999999998 0
0 0.9804375 1.3835 0 0.08899999999999997
0 1.0755 1.363 0.15100000000000002 0
0 1.3175 1.363 0.2630000000000001 0
0 1.9635 1.363 0.04499999999999993 0
0 0.8959999999999999 1.403 0.124 0
0 1.062 1.4155 0 0.04899999999999993
0 1.3435000000000001 1.403 0.19500000000000006 0
0 0.9004375 1.5105 0 0.135
0 1.102125 1.499 0 0.11199999999999988
0 1.142625 1.499 0 0.11199999999999988
0 1.3125 1.443 0.2530000000000001 0
0 2.342 1.443 0.10400000000000009 0
0 2.6626875 1.4895 0 0.09299999999999997
0 0.218 1.508 0 0.04999999999999982
0 0.45825 1.5070000000000001 0 0.04799999999999982
0 0.9426875 1.524 0 0.1080000000000001
0 1.2175 1.483 0.44300000000000006 0
0 2.343 1.483 0.10599999999999987 0
0 0.9590000000000001 1.523 1.556 0
0 2.334 1.523 0.7859999999999998 0
0 0.619625 1.5355 0 0.08499999999999996
0 0.661 1.5505 0 0.05500000000000016
0 0.704375 1.5505 0 0.05500000000000016
0 2.46825 1.55 0 0.11799999999999988
0 2.505125 1.5514999999999999 0 0.061000000000000165
0 0.181 0.35050000000000003 0 0.04899999999999999
0 0.221 0.35050000000000003 0 0.04899999999999999
0 0.221 1.2334999999999998 0 0.10699999999999998
0 0.261 0.34950000000000003 0 0.046999999999999986
0 0.261 0.6205 0 0.05300000000000005
0 0.301 0.34650000000000003 0 0.04099999999999998
0 0.301 0.539 0 0.040000000000000036
0 0.301 0.6214999999999999 0 0.05500000000000005
0 0.341 0.34650000000000003 0 0.04099999999999998
0 0.341 0.539 0 0.040000000000000036
0 0.341 0.626 0 0.06400000000000006
0 0.341 1.524 0 0.06199999999999983
0 0.381 0.34650000000000003 0 0.04099999999999998
0 0.381 0.539 0 0.040000000000000036
0 0.381 0.626 0 0.06400000000000006
0 0.381 1.487 0 0.10799999999999987
0 0.421 0.34950000000000003 0 0.046999999999999986
0 0.421 0.626 0 0.06400000000000006
0 0.421 1.524 0 0.06199999999999983
0 0.461 0.35050000000000003 0 0.04899999999999999
0 0.501 0.35050000000000003 0 0.04899999999999999
0 0.541 1.4809999999999999 0 0.09599999999999986
0 0.581 1.0605 0 0.129
0 0.581 1.5065 0 0.20500000000000007
0 0.701 0.5235000000000001 0 0.04700000000000004
0 0.781 1.5355 0 0.08499999999999996
0 0.821 0.47850000000000004 0 0.13300000000000006
0 0.821 1.0245 0 0.05699999999999994
0 0.821 1.5015 0 0.07499999999999996
0 0.861 0.434 0 0.04400000000000004
0 0.861 0.5225 0 0.04500000000000004
0 0.861 0.8285 0 0.10099999999999998
0 0.861 0.9965 0 0.123
0 0.861 1.3505 0 0.07699999999999996
0 0.861 1.4735 0 0.10699999999999998
0 0.901 0.47450000000000003 0 0.12500000000000006
0 0.901 0.972 0 0.07399999999999984
0 0.941 0.704 0 0.04799999999999993
0 0.941 1.0725 0 0.2370000000000001
0 0.981 0.4505 0 0.04299999999999998
0 0.981 1.1305 0 0.04299999999999993
0 0.981 1.5345 0 0.14900000000000002
0 1.021 1.216 0 0.43999999999999995
0 1.021 1.5510000000000002 0 0.11599999999999988
0 1.061 0.8045 0 0.19500000000000006
0 1.061 1.0285 0 0.06499999999999995
0 1.061 1.3085 0 0.119
0 1.101 0.383 0 0.07600000000000001
0 1.141 1.254 0 0.052000000000000046
0 1.181 1.1505 0 0.09299999999999997
0 1.181 1.3130000000000002 0 0.09000000000000008
0 1.181 1.4775 0 0.08899999999999997
0 1.221 0.3695 0 0.04500000000000004
0 1.221 0.7705 0 0.04700000000000004
0 1.221 1.2865000000000002 0 0.07499999999999996
0 1.221 1.4735 0 0.131
0 1.261 0.35850000000000004 0 0.05099999999999999
0 1.261 0.7715000000000001 0 0.049000000000000044
0 1.261 1.0234999999999999 0 0.05499999999999994
0 1.261 1.357 0 0.15799999999999992
0 1.261 1.508 0 0.04599999999999982
0 1.301 0.39949999999999997 0 0.13899999999999996
0 1.301 1.333 0 0.10999999999999988
0 1.301 1.482 0 0.09799999999999986
0 1.341 0.36750000000000005 0 0.07500000000000001
0 1.341 1.405 0 0.254
0 1.381 0.3695 0 0.04500000000000004
0 1.381 1.4085 0 0.2609999999999999
0 1.421 0.4105 0 0.127
0 1.421 1.2825000000000002 0 0.15100000000000002
0 1.421 1.4769999999999999 0 0.09199999999999986
0 1.461 0.9644999999999999 0 0.04700000000000004
0 1.461 1.1275 0 0.04699999999999993
0 1.501 0.404 0 0.11800000000000005
0 1.501 0.7989999999999999 0 0.21000000000000008
0 1.501 0.9644999999999999 0 0.04700000000000004
0 1.501 1.1275 0 0.04699999999999993
0 1.501 1.4125 0 0.08499999999999996
0 1.581 0.473 0 0.252
0 1.621 0.473 0 0.252
0 1.621 1.516 0 0.04599999999999982
0 1.661 0.473 0 0.252
0 1.661 1.516 0 0.04599999999999982
0 1.701 0.473 0 0.252
0 1.701 1.516 0 0.04599999999999982
0 1.981 1.429 0 0.20199999999999996
0 2.101 0.7565 0 0.04500000000000004
0 2.101 1.3915000000000002 0 0.04299999999999993
0 2.101 1.5115 0 0.040999999999999925
0 2.141 1.4969999999999999 0 0.11199999999999988
0 2.181 1.5145 0 0.04699999999999993
0 2.221 0.624 0 0.06400000000000006
0 2.221 1.051 0 0.124
0 2.221 1.5185 0 0.05499999999999994
0 2.261 1.0725 0 0.16699999999999993
0 2.301 1.5115 0 0.040999999999999925
0 2.341 0.6225 0 0.061000000000000054
0 2.341 1.0075 0 0.041000000000000036
0 2.381 0.54 0 0.22600000000000003
0 2.381 1.5125000000000002 0 0.04299999999999993
0 2.421 0.4485 0 0.04299999999999998
0 2.421 1.103 0 0.07200000000000006
0 2.421 1.5115 0 0.040999999999999925
0 2.461 0.4475 0 0.041000000000000036
0 2.461 0.7975 0 0.04299999999999993
0 2.541 0.7965 0 0.040999999999999925
0 2.541 1.514 0 0.04599999999999982
0 2.581 0.4505 0 0.04299999999999998
0 2.581 0.7985 0 0.04499999999999993
0 2.621 0.4335 0 0.04700000000000004
0 2.621 1.29 0 0.05800000000000005
0 2.621 1.498 0 0.07200000000000006
0 2.661 0.4335 0 0.04700000000000004
0 2.661 1.29 0 0.05800000000000005
0 2.661 1.38 0 0.04399999999999982
0 2.701 0.4335 0 0.04700000000000004
0 2.701 1.499 0 0.08600000000000008
1 0.482375 0.5345 0.0366742416417845 0.05
1 0.939375 0.6625 0.03515056898543749 0.05
1 1.08205908203125 1.077 0.040373231843195516 0.05
1 0.3404375 0.669 0.03601757383555977 0.05
1 0.7796875 0.743 0.040009569167887823 0.05
1 1.091 0.743 0.04272001872658766 0.05
1 1.3996875 0.785 0.04284000029178338 0.05
1 1.461078125 0.9235 0.0350003487705837 0.05
1 2.1196875 0.7785 0.04065575758733318 0.05
1 0.3865 0.843 0.031 0.05
1 0.20115625 1.1815 0.03980072431815783 0.05
1 1.4400625 1.106 0.042065610954792984 0.05
1 2.30059375 1.126 0.036019580178702805 0.05
1 1.2029375 1.0775 0.04208789166731924 0.05
1 1.338625 1.088 0.032 0.05
1 2.119625 1.103 0.04295346318982906 0.05
1 0.88146875 1.0375 0.043265215892793134 0.05
1 2.3400625 1.0465 0.03505018723202488 0.05
1 0.563125 1.1335 0.03580590035175767 0.05
1 0.8208125 1.07 0.031002268062191838 0.05
1 2.1196875 1.3585 0.043884970377112024 0.05
1 1.08178125 1.383 0.04267541922758346 0.05
1 1.12128125 1.3015 0.04024073068732724 0.05
1 0.98071875 1.444 0.03200494346581478 0.05
1 1.1685 1.363 0.035 0.05
1 1.0820625 1.4415 0.04023699324005212 0.05
1 2.66184375 1.447 0.041034712820367095 0.05
1 2.5230625 1.5365 0.03928123756960822 0.05
1 0.301 0.5765 0.035 0.05
1 0.861 0.478 0.044 0.05
1 0.861 1.4045 0.031 0.05
1 1.281 1.4345 0.04011234224026316 0.05
1 2.661 1.3385 0.039 0.05
3 0.8175 0.6445 1.273 0.643
3 2.0905 0.6445 1.273 0.643
3 0.8175 1.2875 1.273 0.643
3 2.0905 1.2875 1.273 0.643