0 0.398 0.93 0.11599999999999999 0
0 0.45 0.45499999999999996 0 0.282
0 0.525 0.8180000000000001 0 0.20000000000000007
0 0.5045 0.301 0.05500000000000005 0
0 0.48850000000000005 0.325 0.08700000000000002 0
0 0.2705 0.349 0.139 0
0 0.48850000000000005 0.349 0.08700000000000002 0
0 0.48650000000000004 0.661 0.08700000000000002 0
0 0.2215 0.829 0.27499999999999997 0
0 0.3385 1.021 0.09100000000000003 0
0 0.053 0.2865 0 0.056999999999999995
0 0.077 0.989 0 0.1519999999999999
0 0.341 0.9870000000000001 0 0.10599999999999998
0 0.477 0.3295 0 0.05499999999999999
0 0.485 0.94 0 0.16400000000000003
0 0.501 0.3305 0 0.05299999999999999
0 0.533 0.511 0 0.414
2 0.45 0.455 0.035 0.05
3 0.173 0.45975 0.24 0.40349999999999997
3 0.41300000000000003 0.45975 0.24000000000000005 0.40349999999999997
3 0.173 0.86325 0.24 0.40349999999999997
3 0.41300000000000003 0.86325 0.24000000000000005 0.40349999999999997