0 0.44899999999999995 1.045 0.292 0
0 0.505 0.9435 0 0.15899999999999992
0 0.2625 0.349 0.093 0
0 0.6325000000000001 0.357 0.061000000000000054 0
0 0.889 0.357 0.08000000000000007 0
0 0.2665 0.373 0.101 0
0 0.631 0.381 0.05800000000000005 0
0 0.889 0.381 0.08000000000000007 0
0 0.361 0.629 0.29600000000000004 0
0 0.26649999999999996 0.733 0.059 0
0 0.277 0.813 0.12800000000000003 0
0 0.46099999999999997 0.821 0.09600000000000003 0
0 0.2715 0.837 0.11700000000000002 0
0 0.406 1.005 0.2 0
0 0.4115 1.029 0.21100000000000002 0
0 0.213 0.4925 0 0.693
0 0.237 0.386 0 0.48
0 0.301 0.944 0 0.20000000000000007
0 0.325 0.9255 0 0.237
0 0.501 0.6719999999999999 0 0.08199999999999996
0 0.613 0.9954999999999999 0 0.05899999999999994
0 0.637 1.0074999999999998 0 0.08299999999999996
0 0.685 0.868 0 0.23399999999999999
0 0.909 0.6735 0 0.629
0 0.933 0.4975 0 0.277
3 0.39299999999999996 0.37175 0.36 0.4515
3 0.753 0.37175 0.3600000000000001 0.4515
3 0.39299999999999996 0.82325 0.36 0.4514999999999999
3 0.753 0.82325 0.3600000000000001 0.4514999999999999