0 1.225 0.615 0.12200000000000011 0
0 1.091 0.745 0.1419999999999999 0
0 0.511 1.275 0.28600000000000003 0
0 0.395 1.438 0 0.10400000000000009
0 0.495 1.294 0 0.16799999999999993
0 0.83 1.3275000000000001 0 0.23699999999999988
0 1.04 1.4315 0 0.121
0 1.17 0.7275 0 0.261
0 1.25 0.7535000000000001 0 0.28700000000000003
0 1.0105 0.293 0.051000000000000045 0
0 1.1085 0.309 0.08099999999999996 0
0 0.7070000000000001 0.621 0.05999999999999994 0
0 1.2425 0.621 0.052999999999999936 0
0 1.0905 0.749 0.09899999999999998 0
0 0.7435 1.029 0.06300000000000006 0
0 0.7855 1.221 0.05499999999999994 0
0 0.5005 1.277 0.15099999999999997 0
0 0.6910000000000001 1.277 0.09199999999999997 0
0 0.5275000000000001 1.437 0.05700000000000005 0
0 0.389 1.3860000000000001 0 0.1399999999999999
0 0.397 0.9295 0 0.05899999999999994
0 0.397 0.9869999999999999 0 0.051999999999999935
0 0.397 1.2265000000000001 0 0.09899999999999998
0 0.405 1.051 0 0.052000000000000046
0 0.421 0.923 0 0.05599999999999994
0 0.421 1.116 0 0.06600000000000006
0 0.429 1.4235 0 0.052999999999999936
0 0.573 1.407 0 0.08800000000000008
0 0.637 0.622 0 0.06000000000000005
0 0.637 0.6925 0 0.07899999999999996
0 0.637 0.7975 0 0.07099999999999995
0 0.645 0.55 0 0.05999999999999994
0 0.829 1.064 0 0.05600000000000005
0 0.829 1.2605 0 0.08299999999999996
0 1.029 0.743 0 0.06400000000000006
0 1.037 0.4345 0 0.061
0 1.037 0.5635 0 0.06099999999999994
0 1.037 1.0035 0 0.07300000000000006
0 1.037 1.1365 0 0.05699999999999994
0 1.213 0.6515 0 0.05700000000000005
0 1.213 1.093 0 0.11799999999999988
0 1.213 1.271 0 0.07999999999999985
1 1.052 0.301 0.03577708763999664 0.05
1 0.393 1.3165 0.040792156108742275 0.05
1 0.409 0.954 0.026 0.05
1 0.409 1.1795 0.03687817782917155 0.05
1 0.637 0.747 0.03 0.05
2 0.511 1.275 0.035 0.05
2 0.83 1.3275 0.035 0.05
2 1.25 0.7535 0.035 0.05
3 0.5974999999999999 0.59275 0.45899999999999996 0.5994999999999999
3 1.0565 0.59275 0.4590000000000001 0.5994999999999999
3 0.5974999999999999 1.19225 0.45899999999999996 0.5995
3 1.0565 1.19225 0.4590000000000001 0.5995