0 0.23675 0.3185 0 0.067
0 1.11225 0.369 0 0.08799999999999997
0 1.556875 0.31899999999999995 0 0.066
0 1.9576875 0.349 0 0.128
0 2.11325 0.4335 0 0.297
0 0.395375 0.429 0 0.16200000000000003
0 2.0385 0.40549999999999997 0 0.061
0 2.0665 0.445 0.06899999999999995 0
0 1.11546875 0.5845 0 0.25099999999999995
0 0.48450000000000004 0.525 0.09100000000000003 0
0 0.554875 0.556 0 0.05999999999999994
0 0.5995 0.603 0 0.07600000000000007
0 0.636 0.6214999999999999 0 0.1130000000000001
0 1.9205 0.565 0.09899999999999998 0
0 2.19775 0.5635 0 0.04299999999999993
0 1.1115 0.605 0.07699999999999996 0
0 1.608 0.605 0.039999999999999813 0
0 2.036 0.6154999999999999 0 0.07900000000000007
0 2.234375 0.611 0 0.06600000000000006
0 1.1145 0.645 0.06099999999999994 0
0 1.27375 0.624 0 0.04200000000000004
0 1.8345 0.6725 0 0.05499999999999994
0 0.2358125 0.7185 0 0.07899999999999996
0 1.0325 0.685 0.040999999999999925 0
0 1.8079999999999998 0.685 0.05800000000000005 0
0 2.234375 0.7085 0 0.05499999999999994
0 0.889 0.725 0.16599999999999993 0
0 1.113 0.725 0.040000000000000036 0
0 1.55625 0.738 0 0.09600000000000009
0 0.235875 0.798 0 0.06599999999999995
0 0.221 0.805 0.04799999999999999 0
0 0.35975 0.8095 0 0.06699999999999995
0 0.4774375 0.8455 0 0.08099999999999996
0 0.963 0.7995 0 0.20900000000000007
0 0.26 0.845 0.05799999999999997 0
0 0.5275000000000001 0.845 0.30500000000000005 0
0 0.617 0.885 0.09400000000000008 0
0 1.1204999999999998 0.885 0.05499999999999994 0
0 1.8755 0.885 0.31499999999999995 0
0 2.2945 0.885 0.11900000000000022 0
0 0.19875 0.946 0 0.041999999999999926
0 0.7959296875 1.0090000000000001 0 0.2220000000000001
0 0.2135 0.965 0.04299999999999998 0
0 1.3555 0.8825000000000001 0 0.21899999999999997
0 0.23596875 1.038 0 0.14600000000000002
0 1.1175 1.005 0.04899999999999993 0
0 1.5315 1.005 0.42700000000000005 0
0 1.12 1.045 0.05400000000000005 0
0 0.59375 1.1385 0 0.10699999999999998
0 1.4765 1.0825 0 0.05699999999999994
0 2.013 1.085 0.04400000000000004 0
0 0.396 1.137 0 0.04400000000000004
0 0.612 1.125 0.07800000000000007 0
0 1.995875 1.134 0 0.09800000000000009
0 2.04 1.165 0.10400000000000009 0
0 0.43425 1.2265000000000001 0 0.04299999999999993
0 0.79571875 1.2875 0 0.16500000000000004
0 0.9165 1.241 0 0.09599999999999986
0 2.199125 1.2375 0 0.06499999999999995
0 2.3165 1.204 0 0.07200000000000006
0 0.385 1.245 0.31400000000000006 0
0 1.08475 1.267 0 0.04399999999999982
0 1.1166875 1.2970000000000002 0 0.12399999999999989
0 1.5963125 1.2695 0 0.125
0 2.2935 1.245 0.121 0
0 0.715875 1.2755 0 0.09299999999999997
0 0.7989999999999999 1.285 0.10199999999999998 0
0 0.9895 1.285 0.14900000000000002 0
0 1.659 1.285 0.06999999999999984 0
0 0.6054999999999999 1.365 0.05900000000000005 0
0 0.6355 1.4095 0 0.14900000000000002
0 0.2355 1.4594999999999998 0 0.09899999999999998
0 0.843 1.485 0.21199999999999997 0
0 1.0435 1.485 0.12900000000000011 0
0 0.5125 1.525 0.269 0
0 0.839625 1.5045 0 0.04899999999999993
0 1.665 1.525 0.07200000000000006 0
0 1.758 1.525 0.052000000000000046 0
0 2.239 1.545 0 0.040000000000000036
0 2.315 1.549 0 0.04800000000000004
0 2.1795 1.565 0.3490000000000002 0
0 0.236 0.5835 0 0.04299999999999993
0 0.316 1.059 0 0.1160000000000001
0 0.436 0.6599999999999999 0 0.06799999999999995
0 0.436 1.3415 0 0.07499999999999996
0 0.476 0.546 0 0.04599999999999993
0 0.476 0.632 0 0.05800000000000005
0 0.556 0.9604999999999999 0 0.041000000000000036
0 0.596 0.9045 0 0.129
0 0.596 1.29 0 0.06000000000000005
0 0.596 1.5030000000000001 0 0.04600000000000004
0 0.636 0.872 0 0.06400000000000006
0 0.676 0.6355 0 0.06900000000000006
0 0.676 0.8755 0 0.06500000000000006
0 0.716 1.0115 0 0.09300000000000008
0 0.716 1.5015 0 0.04299999999999993
0 0.756 1.5045 0 0.04899999999999993
0 0.796 1.459 0 0.1140000000000001
0 0.876 1.491 0 0.062000000000000055
0 0.916 1.5065 0 0.04899999999999993
0 0.996 1.5065 0 0.04899999999999993
0 1.036 1.5065 0 0.04899999999999993
0 1.076 1.5065 0 0.04899999999999993
0 1.116 0.9239999999999999 0 0.05799999999999994
0 1.156 0.33199999999999996 0 0.05199999999999999
0 1.156 0.6365000000000001 0 0.08300000000000007
0 1.156 0.751 0 0.04400000000000004
0 1.356 0.5155 0 0.459
0 1.556 0.9994999999999999 0 0.04699999999999993
0 1.636 1.2925 0 0.17099999999999982
0 1.676 1.3010000000000002 0 0.18799999999999994
0 1.676 1.5265 0 0.05499999999999994
0 1.716 0.7404999999999999 0 0.09700000000000009
0 1.756 0.56 0 0.039999999999999925
0 1.756 0.891 0 0.10199999999999998
0 1.796 0.40449999999999997 0 0.063
0 1.796 0.865 0 0.050000000000000044
0 1.876 0.571 0 0.039999999999999925
0 1.996 0.496 0 0.15199999999999997
0 1.996 1.3679999999999999 0 0.12200000000000011
0 2.036 0.8965000000000001 0 0.18099999999999994
0 2.036 1.2285 0 0.07699999999999996
0 2.036 1.506 0 0.1200000000000001
0 2.076 0.565 0 0.04999999999999993
0 2.076 0.9435 0 0.1349999999999999
0 2.236 1.2065000000000001 0 0.07700000000000018
0 2.276 0.905 0 0.052000000000000046
0 2.276 1.2035 0 0.07100000000000017
0 2.316 0.998 0 0.06000000000000005
1 1.97684375 0.4165 0.038946728440910156 0.05
1 1.135734375 0.7195 0.04476362615519994 0.05
1 2.2160625 0.5815 0.03728794208588079 0.05
1 2.016 0.5375 0.04019950248448356 0.05
1 2.056 0.5975 0.04237924020083418 0.05
1 2.234375 0.6625 0.037 0.05
1 0.238 0.825 0.04237924020083418 0.05
1 0.217359375 0.966 0.037272447619689536 0.05
1 1.35575 0.639 0.02800446392988089 0.05
1 2.0159375 1.1865 0.040731015516434155 0.05
1 0.795859375 1.386 0.032001235938046206 0.05
1 0.61575 1.372 0.04225221887664599 0.05
1 0.61575 1.482 0.03970201506221063 0.05
1 0.964 1.485 0.03 0.05
1 1.7165 1.525 0.031 0.05
1 0.476 0.586 0.034 0.05
1 2.016 1.4375 0.04346262762420146 0.05
3 0.7324999999999999 0.607 1.081 0.6440000000000001
3 1.8135 0.607 1.0810000000000002 0.6440000000000001
3 0.7324999999999999 1.251 1.081 0.6439999999999999
3 1.8135 1.251 1.0810000000000002 0.6439999999999999