0 0.824 0.2495 0 0.06499999999999997
0 0.852 0.297 0.040000000000000036 0
0 0.301 0.377 0.41600000000000004 0
0 0.9404999999999999 0.377 0.12499999999999989 0
0 0.1895 0.457 0.044999999999999984 0
0 0.573 0.457 0.039999999999999925 0
0 0.1135 0.657 0.04100000000000001 0
0 0.4285 0.7335 0 0.07300000000000006
0 0.1135 0.737 0.04100000000000001 0
0 0.2275 0.7424999999999999 0 0.04500000000000004
0 0.634 0.737 0.08800000000000008 0
0 0.708 0.7264999999999999 0 0.041000000000000036
0 0.271 0.777 0.04999999999999999 0
0 0.48 0.777 0.08600000000000002 0
0 0.1875 0.817 0.04099999999999998 0
0 0.3845 0.84 0 0.05400000000000005
0 0.4285 0.891 0 0.14800000000000002
0 0.617 0.817 0.09200000000000008 0
0 0.882 0.817 0.05400000000000005 0
0 0.42900000000000005 0.897 0.057999999999999996 0
0 0.5900000000000001 0.897 0.06399999999999995 0
0 0.3755 0.937 0.18500000000000005 0
0 0.5095 0.9515 0 0.06299999999999994
0 0.90525 0.9864999999999999 0 0.08700000000000008
0 0.7335 1.017 0.11099999999999999 0
0 0.434 1.097 0.04200000000000004 0
0 0.58775 1.0955 0 0.07299999999999995
0 0.629625 1.1095 0 0.04499999999999993
0 0.5409999999999999 1.177 0.124 0
0 0.7310000000000001 1.177 0.14200000000000002 0
0 0.1135 1.217 0.04100000000000001 0
0 0.106 0.7055 0 0.6669999999999999
0 0.106 1.1865 0 0.08900000000000019
0 0.146 0.9215 0 0.07899999999999996
0 0.186 0.9355 0 0.040999999999999925
0 0.426 1.07 0 0.040000000000000036
0 0.466 0.903 0 0.124
0 0.506 0.2965 0 0.07300000000000001
0 0.506 0.6495 0 0.04500000000000004
0 0.546 1.1815 0 0.040999999999999925
0 0.586 0.28500000000000003 0 0.04999999999999999
0 0.586 0.9075 0 0.09699999999999998
0 0.626 0.28500000000000003 0 0.04999999999999999
0 0.626 0.9165 0 0.09699999999999998
0 0.666 0.28500000000000003 0 0.04999999999999999
0 0.666 1.1495 0 0.06899999999999995
0 0.706 0.28500000000000003 0 0.04999999999999999
0 0.746 0.28500000000000003 0 0.04999999999999999
0 0.746 0.8959999999999999 0 0.10999999999999999
0 0.786 0.7404999999999999 0 0.06900000000000006
0 0.826 0.9215 0 0.07899999999999996
0 0.866 0.919 0 0.07399999999999995
0 0.906 1.1095 0 0.04499999999999993
0 0.946 0.4545 0 0.16500000000000004
0 0.946 0.7055 0 0.04499999999999993
0 0.946 1.133 0 0.09200000000000008
0 0.986 1.087 0 0.28800000000000014
1 0.885625 0.956 0.04134685598688249 0.05
1 0.6478125 1.1235 0.040151471019129546 0.05
3 0.3205 0.4705 0.45500000000000007 0.507
3 0.7755 0.4705 0.45499999999999985 0.507
3 0.3205 0.9775 0.45500000000000007 0.5070000000000001
3 0.7755 0.9775 0.45499999999999985 0.5070000000000001