0 0.777 0.237 1.252 0
0 1.463 0.237 0.050000000000000044 0
0 1.514 0.217 0 0.03999999999999998
0 1.55525 0.217 0 0.03999999999999998
0 1.8805 0.237 0.46699999999999986 0
0 2.14575 0.217 0 0.03999999999999998
0 2.2275 0.237 0.08099999999999996 0
0 0.8220000000000001 0.277 1.342 0
0 1.59107421875 0.604 0 0.8139999999999998
0 1.7109765625 0.6345000000000001 0 0.763
0 1.8309765625 0.6485000000000001 0 0.743
0 1.870640625 0.5465 0 0.6990000000000001
0 2.038 0.277 0.1439999999999999 0
0 2.1908828125 0.5765 0 0.639
0 0.846 0.317 1.39 0
0 1.722 0.317 0.30200000000000005 0
0 1.9109892578125 0.648 0 0.688
0 2.1014999999999997 0.317 0.33299999999999974 0
0 0.834 0.357 1.3659999999999999 0
0 1.550375 0.49950000000000006 0 0.35500000000000004
0 1.7105000000000001 0.357 0.2689999999999999 0
0 2.1155 0.357 0.3049999999999997 0
0 1.016 0.397 1.73 0
0 2.0445 0.397 0.2650000000000001 0
0 2.23096875 0.6639999999999999 0 0.57
0 1.0385 0.437 1.775 0
0 2.1125 0.437 0.3109999999999997 0
0 1.2094999999999998 0.477 2.117 0
0 0.8195 0.517 1.337 0
0 1.8184999999999998 0.517 0.591 0
0 2.2165 0.517 0.10299999999999976 0
0 0.9535 0.557 1.605 0
0 2.027 0.557 0.48199999999999976 0
0 0.827 0.597 1.3519999999999999 0
0 1.569 0.597 0.04400000000000004 0
0 1.63059375 0.783 0 0.45799999999999996
0 1.9605 0.597 0.6149999999999998 0
0 1.2094999999999998 0.637 2.117 0
0 0.8715 0.677 1.441 0
0 1.9505 0.677 0.6349999999999998 0
0 1.2094999999999998 0.717 2.117 0
0 1.2094999999999998 0.757 2.117 0
0 1.2094999999999998 0.797 2.117 0
0 1.2094999999999998 0.837 2.117 0
0 1.1915 0.877 2.0810000000000004 0
0 1.0265 0.917 1.751 0
0 1.9860000000000002 0.917 0.09000000000000008 0
0 2.073125 0.853 0 0.31000000000000005
0 2.11475 0.7495 0 0.3410000000000001
0 1.0975 0.957 1.893 0
0 2.107 0.957 0.04400000000000004 0
0 2.22925 0.992 0 0.06999999999999995
0 1.0919999999999999 0.997 1.882 0
0 2.1185 0.997 0.05699999999999994 0
0 2.188875 1.0005 0 0.04499999999999993
0 0.7765 1.037 1.251 0
0 0.151 0.631 0 0.8679999999999999
0 0.191 0.631 0 0.8679999999999999
0 0.231 0.631 0 0.8679999999999999
0 0.271 0.631 0 0.8679999999999999
0 0.311 0.631 0 0.8679999999999999
0 0.351 0.631 0 0.8679999999999999
0 0.391 0.631 0 0.8679999999999999
0 0.431 0.631 0 0.8679999999999999
0 0.471 0.631 0 0.8679999999999999
0 0.511 0.631 0 0.8679999999999999
0 0.551 0.631 0 0.8679999999999999
0 0.591 0.631 0 0.8679999999999999
0 0.631 0.631 0 0.8679999999999999
0 0.671 0.631 0 0.8679999999999999
0 0.711 0.631 0 0.8679999999999999
0 0.751 0.631 0 0.8679999999999999
0 0.791 0.631 0 0.8679999999999999
0 0.831 0.631 0 0.8679999999999999
0 0.871 0.631 0 0.8679999999999999
0 0.911 0.631 0 0.8679999999999999
0 0.951 0.631 0 0.8679999999999999
0 0.991 0.631 0 0.8679999999999999
0 1.031 0.631 0 0.8679999999999999
0 1.071 0.631 0 0.8679999999999999
0 1.111 0.631 0 0.8679999999999999
0 1.151 0.631 0 0.8679999999999999
0 1.191 0.631 0 0.8679999999999999
0 1.231 0.631 0 0.8679999999999999
0 1.271 0.631 0 0.8679999999999999
0 1.311 0.631 0 0.8679999999999999
0 1.351 0.631 0 0.8679999999999999
0 1.391 0.631 0 0.8679999999999999
0 1.431 0.6425000000000001 0 0.735
0 1.471 0.605 0 0.8159999999999998
0 1.511 0.425 0 0.09999999999999998
0 1.511 0.7745 0 0.47699999999999987
0 1.551 0.796 0 0.16000000000000003
0 1.551 0.968 0 0.11799999999999988
0 1.631 0.3905 0 0.275
0 1.671 0.4435 0 0.49299999999999994
0 1.671 0.8704999999999999 0 0.30099999999999993
0 1.751 0.604 0 0.8139999999999998
0 1.791 0.22 0 0.045999999999999985
0 1.791 0.6699999999999999 0 0.71
0 1.831 0.219 0 0.043999999999999984
0 1.871 0.9745 0 0.08299999999999996
0 1.911 0.232 0 0.07
0 1.951 0.6105 0 0.6749999999999999
0 1.991 0.604 0 0.8139999999999998
0 2.031 0.607 0 0.8199999999999998
0 2.071 0.4345 0 0.47500000000000003
0 2.111 0.2335 0 0.07300000000000001
0 2.111 0.4285 0 0.25500000000000006
0 2.111 0.9804999999999999 0 0.05500000000000005
0 2.151 0.3275 0 0.046999999999999986
0 2.151 0.4415 0 0.09299999999999997
0 2.151 0.7275 0 0.387
1 1.4205 0.237 0.035 0.05
1 1.83098828125 0.6085 0.03600000762939372 0.05
1 1.8708203125 0.9145 0.03700174523438894 0.05
1 1.556 0.317 0.03 0.05
1 1.91099462890625 0.5945 0.03700000155938635 0.05
1 1.5506875 0.6965 0.03900500769132087 0.05
1 1.8965 0.397 0.031 0.05
1 1.164 0.417 0.04237924020083418 0.05
1 1.5055 0.517 0.035 0.05
1 1.771 0.557 0.03 0.05
1 1.525 0.597 0.044 0.05
1 1.630796875 0.6325 0.02600317363443355 0.05
1 1.9215 0.917 0.039 0.05
1 2.0720625 0.6025 0.02608669440538605 0.05
1 2.112875 0.9365 0.0332123847382268 0.05
1 1.551 0.8925 0.033 0.05
1 1.671 0.705 0.03 0.05
1 1.931 0.27 0.04044749683231337 0.05
1 2.111 0.2855 0.031 0.05
1 2.151 0.373 0.044 0.05
3 0.68025 0.41400000000000003 1.0585 0.434
3 1.73875 0.41400000000000003 1.0584999999999998 0.434
3 0.68025 0.848 1.0585 0.43399999999999994
3 1.73875 0.848 1.0584999999999998 0.43399999999999994