0 0.033375 0.11649999999999999 0 0.123
0 0.31278125 0.11599999999999999 0 0.122
0 0.1938125 0.14300000000000002 0 0.096
0 0.1535 0.135 0.07100000000000001 0
0 0.271 0.1595 0 0.07300000000000001
0 0.0335625 0.243 0 0.06400000000000003
0 0.233625 0.2285 0 0.10500000000000004
0 0.32699999999999996 0.215 0.043999999999999984 0
0 0.393 0.212 0 0.20400000000000001
0 0.313 0.22949999999999998 0 0.04500000000000001
1 0.03346875 0.1945 0.03300053266615556 0.05
1 0.312890625 0.192 0.030000797515441154 0.05
1 0.21371875 0.1835 0.042544507944621945 0.05
3 0.12328125000000001 0.11975 0.1798125 0.1295
3 0.30309375 0.11975 0.17981250000000001 0.1295
3 0.12328125000000001 0.24925 0.1798125 0.1295
3 0.30309375 0.24925 0.17981250000000001 0.1295