0 0.8795 0.225 0.10100000000000009 0
0 0.7315 0.34 0.18099999999999994 0
0 0.8320000000000001 0.269 0.061999999999999944 0
0 0.7085 0.461 0.08099999999999996 0
0 0.7695000000000001 0.469 0.06500000000000006 0
0 0.8805000000000001 0.517 0.1409999999999999 0
0 0.4285 0.533 0.07300000000000001 0
0 0.941 0.5465 0 0.08099999999999996
3 0.53175 0.3155 0.27949999999999997 0.18100000000000002
3 0.81125 0.3155 0.27949999999999997 0.18100000000000002
3 0.53175 0.4965 0.27949999999999997 0.18099999999999994
3 0.81125 0.4965 0.27949999999999997 0.18099999999999994