0 0.7585 0.44599999999999995 0 0.045999999999999985
0 0.19375 0.5005000000000001 0 0.09300000000000003
0 0.63325 0.9530000000000001 0 0.04399999999999993
0 0.27725 0.978 0 0.04599999999999993
0 0.87325 0.9775 0 0.07700000000000007
0 0.868 1.011 0.1080000000000001 0
0 1.0625 1.011 0.1429999999999999 0
0 0.31375 1.0779999999999998 0 0.05400000000000005
0 0.23425 1.0845 0 0.051000000000000156
0 0.435 1.2675 0 0.040999999999999925
0 0.2335 1.326 0 0.07000000000000006
0 0.319 1.3094999999999999 0 0.08299999999999996
0 0.555 1.3175 0 0.05700000000000016
0 1.03375 1.3235000000000001 0 0.06500000000000017
0 0.165 1.331 0.18 0
0 0.39649999999999996 1.331 0.063 0
0 0.6799999999999999 1.331 0.09799999999999998 0
0 0.876 1.331 0.17599999999999993 0
0 0.9985 1.343 0 0.04600000000000004
0 1.0915 1.331 0.08499999999999996 0
0 0.714 1.371 0.040000000000000036 0
0 0.8085 1.371 0.040999999999999925 0
0 1.1044999999999998 1.371 0.05899999999999994 0
0 0.6930000000000001 1.411 0.039999999999999925 0
0 0.714 1.451 0.040000000000000036 0
0 0.792 1.451 0.040000000000000036 0
0 0.7555000000000001 1.491 0.1449999999999999 0
0 0.07675 1.826 0 1.0119999999999998
0 0.709 1.531 0.040000000000000036 0
0 0.709 1.571 0.040000000000000036 0
0 0.95425 1.6065 0 0.07099999999999995
0 0.7585 1.611 0.129 0
0 0.709 1.651 0.040000000000000036 0
0 0.7895000000000001 1.651 0.04500000000000004 0
0 0.6930000000000001 1.691 0.07199999999999995 0
0 0.8029999999999999 1.691 0.039999999999999925 0
0 0.3125 1.742 0 0.040000000000000036
0 0.512 1.7315 0 0.040999999999999925
0 0.709 1.731 0.040000000000000036 0
0 1.0825 1.731 0.04700000000000015 0
0 0.7035 1.771 0.040999999999999925 0
0 0.8055 1.771 0.04499999999999993 0
0 0.983 1.771 0.04600000000000004 0
0 1.085 1.771 0.052000000000000046 0
0 0.5365 1.811 0.11299999999999999 0
0 0.688 1.811 0.061999999999999944 0
0 0.8105 1.811 0.04499999999999993 0
0 1.034375 1.828 0 0.08800000000000008
0 0.555625 1.9245 0 0.27100000000000013
0 0.596125 1.956 0 0.3340000000000003
0 0.64075 1.9135 0 0.125
0 0.709 1.851 0.040000000000000036 0
0 0.7945 1.851 0.04499999999999993 0
0 0.51725 1.9125 0 0.04299999999999993
0 0.7505 1.891 0.1130000000000001 0
0 0.9855 1.891 0.041000000000000036 0
0 0.542 1.931 0.11399999999999999 0
0 0.709 1.931 0.040000000000000036 0
0 0.9275 1.931 0.10299999999999998 0
0 0.51725 2.0155000000000003 0 0.08899999999999997
0 0.7115 1.971 0.04500000000000004 0
0 0.7975 1.971 0.040999999999999925 0
0 0.9175 1.971 0.08299999999999996 0
0 0.20400000000000001 2.011 0.258 0
0 0.6930000000000001 2.011 0.05999999999999994 0
0 0.8714999999999999 2.011 0.17699999999999994 0
0 1.081 2.1715 0 0.32099999999999973
0 0.11249999999999999 2.051 0.075 0
0 0.5475 2.051 0.040999999999999925 0
0 0.6855 2.051 0.08699999999999997 0
0 0.889 2.051 0.21199999999999997 0
0 1.0964999999999998 2.051 0.07499999999999996 0
0 0.10700000000000001 2.091 0.06400000000000002 0
0 0.5894999999999999 2.091 0.041000000000000036 0
0 0.6799999999999999 2.091 0.07599999999999996 0
0 0.8285 2.091 0.11299999999999999 0
0 1.0765 2.091 0.04499999999999993 0
0 0.10750000000000001 2.131 0.06500000000000002 0
0 0.5605 2.131 0.07699999999999996 0
0 0.8055 2.131 0.04499999999999993 0
0 0.5765 2.171 0.06699999999999995 0
0 0.714 2.171 0.040000000000000036 0
0 0.868 2.171 0.20199999999999996 0
0 1.0499999999999998 2.171 0.06600000000000006 0
0 0.4515 2.211 0.056999999999999995 0
0 0.636 2.211 0.18599999999999994 0
0 0.8445 2.211 0.11299999999999999 0
0 1.0499999999999998 2.211 0.06600000000000006 0
0 0.10949999999999999 2.251 0.06899999999999999 0
0 0.28900000000000003 2.251 0.08800000000000002 0
0 0.7115 2.251 0.04500000000000004 0
0 0.8654999999999999 2.251 0.16499999999999992 0
0 1.0539999999999998 2.251 0.062000000000000055 0
0 0.201 2.291 0.252 0
0 0.3995 2.2695 0 0.042999999999999705
0 0.435 2.2954999999999997 0 0.07299999999999995
0 0.7115 2.291 0.04500000000000004 0
0 0.8029999999999999 2.291 0.039999999999999925 0
0 0.9205 2.291 0.119 0
0 1.061 2.291 0.07600000000000007 0
0 0.10450000000000001 2.331 0.05900000000000001 0
0 0.6905 2.331 0.07699999999999996 0
0 0.8029999999999999 2.331 0.039999999999999925 0
0 0.967 2.331 0.21199999999999997 0
0 0.115 1.0635 0 0.061000000000000165
0 0.115 1.3325 0 0.04700000000000015
0 0.115 1.7055 0 0.040999999999999925
0 0.115 2.045 0 0.08400000000000007
0 0.155 0.7244999999999999 0 0.041000000000000036
0 0.155 1.3275000000000001 0 0.06699999999999995
0 0.155 1.5645 0 0.040999999999999925
0 0.155 2.0235000000000003 0 0.040999999999999925
0 0.195 1.3455 0 0.04100000000000015
0 0.275 1.3375 0 0.05700000000000016
0 0.275 2.279 0 0.06199999999999983
0 0.315 2.1545 0 0.35499999999999976
0 0.355 1.3325 0 0.05699999999999994
0 0.395 1.3405 0 0.040999999999999925
0 0.435 1.9295 0 0.040999999999999925
0 0.515 0.579 0 0.07199999999999995
0 0.515 2.141 0 0.04600000000000026
0 0.555 0.5469999999999999 0 0.07199999999999995
0 0.555 2.2249999999999996 0 0.21399999999999997
0 0.595 1.5675 0 0.06699999999999995
0 0.595 2.1959999999999997 0 0.06199999999999983
0 0.635 0.633 0 0.09800000000000009
0 0.635 1.3325 0 0.06700000000000017
0 0.675 1.338 0 0.04600000000000004
0 0.675 1.794 0 0.062000000000000055
0 0.675 2.0629999999999997 0 0.09800000000000031
0 0.715 1.3715 0 1.9209999999999998
0 0.795 1.818 0 1.0279999999999998
0 0.835 1.3405 0 0.040999999999999925
0 0.835 1.6955 0 0.040999999999999925
0 0.835 1.7685 0 0.040999999999999925
0 0.835 2.1225 0 0.2909999999999997
0 0.875 1.3455 0 0.04100000000000015
0 0.875 1.885 0 0.06599999999999984
0 0.875 2.0755 0 0.2490000000000001
0 0.875 2.2824999999999998 0 0.09899999999999975
0 0.915 1.3295 0 0.050999999999999934
0 0.915 1.9405000000000001 0 0.135
0 0.915 2.284 0 0.040000000000000036
0 0.955 1.3455 0 0.04100000000000015
0 0.955 1.7974999999999999 0 0.04699999999999993
0 0.955 1.9325 0 0.06699999999999995
0 0.955 2.159 0 0.07199999999999962
0 0.955 2.298 0 0.06800000000000006
0 0.995 1.095 0 0.040000000000000036
0 0.995 1.7995 0 0.04100000000000015
0 0.995 2.0365 0 0.07700000000000018
0 1.035 2.005 0 0.04600000000000004
0 1.035 2.2560000000000002 0 0.09800000000000031
0 1.075 1.351 0 0.06199999999999983
0 1.075 1.763 0 0.04200000000000004
0 1.115 1.3535 0 0.16100000000000003
0 1.115 1.7525 0 0.09299999999999997
0 1.115 2.0835 0 0.08699999999999974
1 0.7035 1.391 0.04428317965096906 0.05
1 0.748 1.651 0.038 0.05
1 1.0546875 1.807 0.040625 0.05
1 0.5755625 2.1205 0.04142783635431616 0.05
1 0.657875 1.8695 0.04300072673804479 0.05
1 0.7505 1.851 0.043 0.05
1 0.51725 1.9525 0.037 0.05
1 0.941 1.911 0.04237924020083418 0.05
1 0.7555 1.971 0.043 0.05
1 0.626 2.091 0.032 0.05
1 0.7505 2.171 0.033 0.05
1 0.842 2.291 0.038 0.05
1 1.0015 2.291 0.043 0.05
1 0.835 1.732 0.032 0.05
1 0.875 1.9345 0.033 0.05
1 0.875 2.2165 0.033 0.05
3 0.33975 0.89125 0.5295000000000001 0.9604999999999999
3 0.86925 0.89125 0.5294999999999999 0.9604999999999999
3 0.33975 1.85175 0.5295000000000001 0.9604999999999999
3 0.86925 1.85175 0.5294999999999999 0.9604999999999999