0 1.43 0.27 0.528 0
0 0.3795 0.62 0.3330000000000001 0
0 0.9915 0.805 0.16900000000000004 0
0 1.198 0.825 0.22999999999999998 0
0 1.238 0.925 0.31000000000000005 0
0 0.5215 1.08 0.13699999999999996 0
0 0.9565 1.115 0.21900000000000008 0
0 0.9924999999999999 1.26 0.19299999999999995 0
0 0.574 1.295 0.23799999999999993 0
0 1.377 1.435 0.48 0
0 0.9464999999999999 1.48 0.16099999999999992 0
0 0.215 0.8945000000000001 0 0.23099999999999998
0 0.225 0.4935 0 0.241
0 0.5 1.073 0 0.1499999999999999
0 0.615 0.4225 0 0.583
0 0.62 1.088 0 0.17999999999999994
0 0.675 1.359 0 0.16199999999999992
0 1.3 0.948 0 0.12
0 0.423 0.269 0.362 0
0 0.704 0.733 0.06999999999999995 0
0 0.9450000000000001 0.733 0.07399999999999995 0
0 1.194 0.741 0.06400000000000006 0
0 1.1955 0.765 0.05699999999999994 0
0 0.946 0.773 0.07199999999999995 0
0 1.0545 0.773 0.06700000000000017 0
0 1.3265 0.925 0.05699999999999994 0
0 0.354 0.933 0.07600000000000001 0
0 0.1795 0.997 0.101 0
0 0.5 0.997 0.536 0
0 1.1275 0.997 0.08299999999999996 0
0 0.4475 1.021 0.641 0
0 0.9490000000000001 1.261 0.07799999999999996 0
0 0.374 1.429 0.14 0
0 0.9415 1.429 0.06299999999999994 0
0 1.4849999999999999 1.429 0.09000000000000008 0
0 1.1949999999999998 1.445 0.07000000000000006 0
0 1.3035 1.445 0.121 0
0 0.191 1.453 0.124 0
0 0.3625 1.453 0.121 0
0 0.7250000000000001 1.453 0.08999999999999997 0
0 0.9405 1.453 0.08699999999999997 0
0 0.9365 1.477 0.052999999999999936 0
0 0.221 0.34550000000000003 0 0.10300000000000004
0 0.229 0.3275 0 0.059
0 0.461 1.2469999999999999 0 0.07800000000000007
0 0.597 0.30700000000000005 0 0.055999999999999994
0 0.597 0.6725 0 0.125
0 0.917 1.0655 0 0.1329999999999999
0 1.165 0.22199999999999998 0 0.12799999999999997
0 1.165 0.6479999999999999 0 0.08399999999999996
0 1.189 0.21450000000000002 0 0.11300000000000002
0 1.189 0.6695 0 0.127
0 1.365 0.954 0 0.06799999999999995
0 1.549 0.305 0 0.08399999999999996
0 1.557 0.6910000000000001 0 0.07599999999999996
1 1.0015 0.773 0.039 0.05
2 0.324 0.62 0.035 0.05
2 0.435 0.62 0.035 0.05
2 0.9565 1.115 0.035 0.05
2 0.9925 1.26 0.035 0.05
2 0.574 1.295 0.035 0.05
2 1.257 1.435 0.035 0.05
2 1.377 1.435 0.035 0.05
2 1.497 1.435 0.035 0.05
2 0.9465 1.48 0.035 0.05
3 0.51875 0.46825 0.7835 0.6745
3 1.30225 0.46825 0.7835 0.6745
3 0.51875 1.14275 0.7835 0.6745
3 1.30225 1.14275 0.7835 0.6745