0 0.41250000000000003 0.205 0.263 0
0 0.27049999999999996 0.225 0.407 0
0 0.8215 0.685 0.15700000000000003 0
0 0.742 0.705 0.14 0
0 0.4 0.7090000000000001 0 0.16400000000000003
0 0.631 0.717 0.09000000000000008 0
0 0.0995 0.725 0.053000000000000005 0
2 0.4125 0.205 0.035 0.05
2 0.4 0.709 0.035 0.05
3 0.27525 0.3515 0.4165 0.29300000000000004
3 0.69175 0.3515 0.41650000000000004 0.29300000000000004
3 0.27525 0.6445000000000001 0.4165 0.29300000000000004
3 0.69175 0.6445000000000001 0.41650000000000004 0.29300000000000004