0 0.17250000000000001 0.49 0.303 0
0 0.1895 0.555 0.33699999999999997 0
0 0.445 0.562 0 0.448
0 0.0645 0.557 0.07300000000000001 0
0 0.2155 0.557 0.07100000000000001 0
0 0.245 0.644 0 0.16599999999999993
0 0.333 0.724 0 0.052000000000000046
0 0.453 0.222 0 0.09200000000000003
0 0.453 0.395 0 0.09200000000000003
0 0.453 0.569 0 0.09199999999999997
0 0.453 0.7605 0 0.129
2 0.122 0.49 0.035 0.05
2 0.223 0.49 0.035 0.05
2 0.1333333333333333 0.555 0.035 0.05
2 0.24566666666666664 0.555 0.035 0.05
3 0.129 0.33824999999999994 0.216 0.32449999999999996
3 0.345 0.33824999999999994 0.21600000000000003 0.32449999999999996
3 0.129 0.66275 0.216 0.3245
3 0.345 0.66275 0.21600000000000003 0.3245