0 0.761 0.389 0.04800000000000004 0
0 0.814625 0.366 0 0.11399999999999999
0 0.86025 0.349 0 0.08000000000000002
0 0.121 0.429 0.05399999999999999 0
0 1.254 0.429 0.32600000000000007 0
0 0.095125 0.47450000000000003 0 0.09300000000000003
0 0.137375 0.477 0 0.09800000000000003
0 0.29425 0.5055000000000001 0 0.07300000000000006
0 0.733703125 0.6930000000000001 0 0.604
0 0.81325 0.48350000000000004 0 0.044999999999999984
0 1.1524999999999999 0.469 0.139 0
0 1.258375 0.4645 0 0.07300000000000001
0 0.185 0.509 0.18000000000000002 0
0 1.1960000000000002 0.509 0.07000000000000006 0
0 1.374625 0.5489999999999999 0 0.10999999999999999
0 0.2545 0.549 0.05699999999999997 0
0 1.1135 0.549 0.04499999999999993 0
0 1.2995 0.549 0.2350000000000001 0
0 0.1905 0.589 0.19299999999999998 0
0 0.4705 0.589 0.21699999999999997 0
0 0.7425 0.589 0.135 0
0 0.9279999999999999 0.589 0.14400000000000002 0
0 1.254 0.589 0.32600000000000007 0
0 0.397 0.629 0.05199999999999999 0
0 0.5455 0.629 0.06099999999999994 0
0 0.718 0.629 0.09399999999999997 0
0 1.171125 0.6234999999999999 0 0.06900000000000006
0 0.388 0.669 0.05199999999999999 0
0 0.4235 0.709 0.11499999999999999 0
0 1.1955 0.749 0.06099999999999994 0
0 1.371625 0.7444999999999999 0 0.05700000000000005
0 0.1359375 0.8685 0 0.131
0 0.29275 0.9095 0 0.123
0 0.6415 0.869 0.07300000000000006 0
0 0.1815 0.9339999999999999 0 0.04999999999999993
0 0.33975 0.942 0 0.06599999999999995
0 0.538375 0.9319999999999999 0 0.09399999999999997
0 0.6295 0.909 0.08900000000000008 0
0 0.38125 0.9405 0 0.052999999999999936
0 0.454125 0.9319999999999999 0 0.09399999999999997
0 1.252 0.949 0.33000000000000007 0
0 1.2515 1.029 0.123 0
0 0.8765 1.069 0.575 0
0 1.258375 1.228 0 0.31800000000000006
0 1.1175 1.109 0.04499999999999993 0
0 1.2515 1.109 0.14700000000000002 0
0 1.2435 1.149 0.131 0
0 1.2475 1.189 0.14700000000000002 0
0 1.282 1.229 0.20799999999999996 0
0 1.0785 1.269 0.040999999999999925 0
0 1.2930000000000001 1.269 0.248 0
0 1.093 1.309 0.46399999999999997 0
0 1.2825 1.349 0.06099999999999994 0
0 0.938 1.389 0.09799999999999998 0
0 1.098375 1.412 0 0.09800000000000009
0 0.65390625 1.4985 0 0.139
0 0.97475 1.4085 0 0.04100000000000015
0 1.087 1.429 0.17200000000000015 0
0 0.592 1.469 0.04800000000000004 0
0 1.1095 1.469 0.43099999999999994 0
0 0.7464999999999999 1.509 0.31500000000000006 0
0 1.12775 1.4874999999999998 0 0.04299999999999993
0 1.2885 1.509 0.05699999999999994 0
0 0.6295 1.549 0.08900000000000008 0
0 1.1835 1.549 0.06899999999999995 0
0 0.8165 1.5625 0 0.052999999999999936
0 1.1155 1.589 0.15500000000000003 0
0 0.917 1.629 0.06399999999999995 0
0 1.185 1.629 0.04800000000000004 0
0 1.353 1.629 0.1280000000000001 0
0 0.9279999999999999 1.669 0.05999999999999994 0
0 1.1115 1.709 0.42699999999999994 0
0 1.0355 1.749 0.275 0
0 1.21525 1.725 0 0.04800000000000004
0 0.174 0.5389999999999999 0 0.10599999999999998
0 0.214 0.5595 0 0.05699999999999994
0 0.254 0.508 0 0.06000000000000005
0 0.254 0.9339999999999999 0 0.039999999999999925
0 0.374 0.6585 0 0.15500000000000003
0 0.414 0.776 0 0.39
0 0.454 0.6890000000000001 0 0.07599999999999996
0 0.494 0.9075 0 0.127
0 0.574 0.751 0 0.04400000000000004
0 0.574 0.885 0 0.122
0 0.614 0.9055 0 0.123
0 0.614 1.41 0 0.6859999999999999
0 0.654 0.893 0 0.08999999999999997
0 0.694 1.5234999999999999 0 0.04100000000000015
0 0.734 1.556 0 0.1060000000000001
0 0.774 0.3725 0 0.06899999999999995
0 0.854 0.6214999999999999 0 0.08100000000000007
0 0.894 1.103 0 0.06400000000000006
0 0.894 1.496 0 0.17600000000000016
0 0.934 0.611 0 0.052000000000000046
0 0.934 1.6755 0 0.1549999999999998
0 0.974 1.3295 0 0.06500000000000017
0 0.974 1.7165 0 0.07299999999999995
0 1.014 0.33099999999999996 0 0.043999999999999984
0 1.014 0.43 0 0.09399999999999997
0 1.014 1.42 0 0.1060000000000001
0 1.054 1.26 0 0.10599999999999987
0 1.054 1.4344999999999999 0 0.06900000000000017
0 1.094 0.4195 0 0.131
0 1.094 0.7324999999999999 0 0.43499999999999994
0 1.094 1.103 0 0.06400000000000006
0 1.094 1.206 0 0.04800000000000004
0 1.094 1.7269999999999999 0 0.051999999999999824
0 1.134 1.1035 0 0.07299999999999995
0 1.134 1.729 0 0.04799999999999982
0 1.174 0.5309999999999999 0 0.06599999999999995
0 1.174 1.218 0 0.06400000000000006
0 1.174 1.4634999999999998 0 0.32499999999999996
0 1.174 1.7269999999999999 0 0.051999999999999824
0 1.214 0.6315 0 0.645
0 1.214 1.1709999999999998 0 0.28400000000000003
0 1.254 0.9775 0 0.11099999999999988
0 1.294 0.4235 0 0.04899999999999999
0 1.294 0.5489999999999999 0 0.10999999999999999
0 1.294 0.9095 0 0.06499999999999995
0 1.294 1.0635 0 0.06900000000000017
0 1.294 1.4775 0 0.2450000000000001
0 1.334 1.3935 0 0.07699999999999996
0 1.334 1.5065 0 0.04899999999999993
0 1.334 1.6015 0 0.06499999999999995
0 1.374 1.2965 0 0.04899999999999993
0 1.414 1.274 0 0.052000000000000046
1 0.8139375 0.442 0.038024868507333456 0.05
1 0.7538515625 0.6665 0.043357100165551034 0.05
1 1.2761875 0.45 0.04085511748851054 0.05
1 1.1725625 0.578 0.025164769520104886 0.05
1 1.171 1.089 0.04237924020083418 0.05
1 1.2561875 1.1545 0.03626486764073461 0.05
1 0.994 1.409 0.04237924020083418 0.05
1 1.1130625 1.4635 0.029797493602650545 0.05
1 0.957 1.489 0.04123105625617661 0.05
1 0.234 0.533 0.040607881008493905 0.05
1 0.914 1.591 0.04237924020083418 0.05
1 1.014 0.368 0.03 0.05
1 1.094 0.5 0.03 0.05
1 1.194 1.3275 0.0417612260356422 0.05
1 1.274 0.955 0.044721359549995794 0.05
1 1.274 1.031 0.04019950248448356 0.05
1 1.334 1.55 0.038 0.05
3 0.42474999999999996 0.6699999999999999 0.6615 0.722
3 1.08625 0.6699999999999999 0.6615000000000001 0.722
3 0.42474999999999996 1.392 0.6615 0.722
3 1.08625 1.392 0.6615000000000001 0.722