0 0.0815 0.217 0.07100000000000001 0
0 0.08249999999999999 0.257 0.073 0
0 0.1325 0.297 0.189 0
0 0.1195 0.4675 0 0.04099999999999998
0 0.357625 0.49850000000000005 0 0.10500000000000004
0 0.121 0.524 0 0.05400000000000005
0 0.397875 0.5115000000000001 0 0.07900000000000007
0 0.08800000000000001 0.537 0.1 0
0 0.40099999999999997 0.537 0.362 0
0 0.118 0.27449999999999997 0 0.04099999999999998
0 0.158 0.263 0 0.07199999999999998
0 0.198 0.2615 0 0.06699999999999998
0 0.278 0.5265 0 0.049000000000000044
0 0.398 0.41700000000000004 0 0.05199999999999999
1 0.3778125 0.471 0.04048630169575878 0.05
3 0.174 0.3005 0.272 0.167
3 0.44599999999999995 0.3005 0.27199999999999996 0.167
3 0.174 0.4675 0.272 0.16700000000000004
3 0.44599999999999995 0.4675 0.27199999999999996 0.16700000000000004