0 0.1355 0.435 0.187 0
0 0.164 0.541 0.07600000000000001 0
0 0.029 0.1175 0 0.14300000000000002
0 0.045 0.10600000000000001 0 0.12000000000000001
0 0.181 0.52 0 0.05600000000000005
0 0.253 0.48450000000000004 0 0.10500000000000004
2 0.1355 0.435 0.035 0.05
3 0.08499999999999999 0.17149999999999999 0.11199999999999999 0.251
3 0.197 0.17149999999999999 0.11200000000000002 0.251
3 0.08499999999999999 0.4225 0.11199999999999999 0.25100000000000006
3 0.197 0.4225 0.11200000000000002 0.25100000000000006