0 0.221 0.1565 0 0.04099999999999998
0 0.274 0.147 0.05199999999999999 0
0 0.1495 0.227 0.05299999999999999 0
0 0.2435 0.227 0.059000000000000025 0
0 0.1810625 0.2755 0 0.12500000000000003
0 0.1345 0.307 0.113 0
0 0.1 0.166 0 0.068
0 0.1 0.26749999999999996 0 0.063
0 0.14 0.1115 0 0.047000000000000014
0 0.14 0.2465 0 0.06700000000000003
0 0.14 0.352 0 0.05399999999999999
0 0.26 0.33 0 0.09799999999999998
1 0.195 0.227 0.038 0.05
1 0.16053125 0.3315 0.04307120739252616 0.05
1 0.1 0.218 0.036 0.05
1 0.12 0.144 0.04011234224026316 0.05
3 0.1335 0.16075 0.111 0.14550000000000002
3 0.2445 0.16075 0.11099999999999999 0.14550000000000002
3 0.1335 0.30625 0.111 0.1455
3 0.2445 0.30625 0.11099999999999999 0.1455