0 0.3355 0.255 0.15899999999999997 0
0 0.688 0.255 0.16400000000000003 0
0 1.241 0.255 0.256 0
0 1.5835 0.255 0.15900000000000003 0
0 2.167 0.255 0.714 0
0 1.0705 0.295 0.051000000000000156 0
0 0.617 0.335 0.06800000000000006 0
0 2.4699999999999998 0.375 0.1080000000000001 0
0 0.42300000000000004 0.415 0.04799999999999999 0
0 1.445 0.415 0.04400000000000004 0
0 2.2655000000000003 0.415 0.040999999999999925 0
0 1.808625 0.476 0 0.06
0 0.21850000000000003 0.495 0.099 0
0 1.7915 0.495 0.19500000000000006 0
0 0.567375 0.5940000000000001 0 0.06799999999999995
0 1.2205 0.575 0.07099999999999995 0
0 1.424 0.575 0.15799999999999992 0
0 1.6045 0.575 0.09299999999999997 0
0 1.80975 0.5985 0 0.04700000000000004
0 0.4515 0.615 0.397 0
0 1.285875 0.611 0 0.052000000000000046
0 1.514 0.615 0.07200000000000006 0
0 1.571 0.6034999999999999 0 0.05900000000000005
0 1.7469999999999999 0.615 0.11599999999999988 0
0 2.4835000000000003 0.615 0.08099999999999996 0
0 0.553 0.655 0.23200000000000004 0
0 1.477 0.655 0.040000000000000036 0
0 1.5695 0.6965 0 0.08299999999999996
0 2.0915 0.655 0.04499999999999993 0
0 2.402 0.655 0.05600000000000005 0
0 0.22300000000000003 0.695 0.11000000000000001 0
0 0.405375 0.688 0 0.04599999999999993
0 0.549 0.695 0.194 0
0 0.7070000000000001 0.695 0.05399999999999994 0
0 1.89175 0.742 0 0.09400000000000008
0 2.36778125 0.764 0 0.18999999999999995
0 0.275 0.735 0.043999999999999984 0
0 0.5655 0.735 0.27299999999999996 0
0 1.426 0.735 0.15399999999999991 0
0 1.8860000000000001 0.735 0.04799999999999982 0
0 2.292 0.735 0.05600000000000005 0
0 0.663 0.775 0.05399999999999994 0
0 0.96725 0.794 0 0.04599999999999993
0 1.17175 0.802 0 0.05399999999999994
0 2.1263125 0.8160000000000001 0 0.08199999999999996
0 2.2355 0.775 0.15500000000000025 0
0 0.2475 0.815 0.157 0
0 0.6014999999999999 0.815 0.051000000000000045 0
0 0.64925 0.8155 0 0.06899999999999995
0 1.3285 0.815 0.06899999999999995 0
0 1.79 0.815 0.20199999999999996 0
0 2.24975 0.8140000000000001 0 0.07799999999999996
0 0.31 0.855 0.118 0
0 0.616 0.855 0.08000000000000007 0
0 1.052 0.855 0.06400000000000006 0
0 2.193 0.855 0.6619999999999999 0
0 0.28725 0.969 0 0.16799999999999993
0 0.37225 0.872 0 0.04600000000000004
0 0.44875 0.897 0 0.09599999999999997
0 0.566375 0.9095 0 0.041000000000000036
0 1.13 0.895 0.10200000000000009 0
0 0.262 0.935 0.07599999999999998 0
0 1.01475 0.9675 0 0.06499999999999995
0 1.0495 0.9645 0 0.05899999999999994
0 1.3275000000000001 0.935 0.07099999999999995 0
0 1.80815625 1.0205000000000002 0 0.19100000000000006
0 2.2785 0.935 0.06699999999999973 0
0 0.266 0.975 0.16799999999999998 0
0 1.0615 0.975 0.15500000000000003 0
0 1.3275000000000001 0.975 0.07099999999999995 0
0 2.17 0.975 0.04999999999999982 0
0 0.203 0.9909999999999999 0 0.04799999999999993
0 0.28700000000000003 1.015 0.07200000000000001 0
0 0.527875 1.041 0 0.062000000000000055
0 0.61 1.015 0.07200000000000006 0
0 0.808875 1.04 0 0.06000000000000005
0 0.9984999999999999 1.015 0.040999999999999925 0
0 1.1265 1.0299999999999998 0 0.05400000000000005
0 1.164 1.0425 0 0.05500000000000016
0 1.291 1.0844999999999998 0 0.139
0 0.28 1.055 0.057999999999999996 0
0 0.4295 1.055 0.16300000000000003 0
0 0.9285 1.055 0.06699999999999995 0
0 1.09175 0.9650000000000001 0 0.18200000000000005
0 1.2005 1.055 0.15500000000000003 0
0 1.32425 1.1244999999999998 0 0.18700000000000006
0 1.456 1.055 0.1499999999999999 0
0 2.048 1.0635 0 0.04500000000000015
0 0.96275 1.067 0 0.05600000000000005
0 1.254 1.095 0.1339999999999999 0
0 1.48275 1.068 0 0.05400000000000005
0 0.208 0.9045000000000001 0 0.04300000000000004
0 0.288 0.3905 0 0.29500000000000004
0 0.288 0.649 0 0.14400000000000002
0 0.288 0.8029999999999999 0 0.08999999999999997
0 0.328 0.8075 0 0.08099999999999996
0 0.368 1.0165 0 0.07699999999999996
0 0.408 1.0165 0 0.07699999999999996
0 0.448 0.7090000000000001 0 0.08799999999999997
0 0.488 0.7075 0 0.05899999999999994
0 0.488 0.8265 0 0.07299999999999995
0 0.488 1.0345 0 0.04499999999999993
0 0.528 0.7115 0 0.06299999999999994
0 0.568 1.0175 0 0.07899999999999996
0 0.608 0.632 0 0.07200000000000006
0 0.608 0.78 0 0.132
0 0.608 1.013 0 0.09999999999999998
0 0.648 0.6755 0 0.15900000000000003
0 0.688 0.74 0 0.10400000000000009
0 0.728 0.6859999999999999 0 0.05799999999999994
0 1.048 0.2575 0 0.07899999999999999
0 1.048 0.8029999999999999 0 0.08599999999999997
0 1.088 0.257 0 0.06199999999999997
0 1.208 1.056 0 0.08000000000000007
0 1.208 1.1844999999999999 0 0.06699999999999995
0 1.248 1.046 0 0.06000000000000005
0 1.328 0.611 0 0.052000000000000046
0 1.368 0.761 0 0.06800000000000006
0 1.408 0.616 0 0.09200000000000008
0 1.448 0.763 0 0.07200000000000006
0 1.488 0.6094999999999999 0 0.07500000000000007
0 1.488 0.751 0 0.09600000000000009
0 1.608 0.704 0 0.06399999999999995
0 1.648 0.776 0 0.56
0 1.848 0.6619999999999999 0 0.06599999999999995
0 1.888 0.5609999999999999 0 0.13
0 1.968 1.05 0 0.052000000000000046
0 2.008 1.045 0 0.062000000000000055
0 2.088 0.256 0 0.055999999999999966
0 2.128 0.4575 0 0.05299999999999999
0 2.168 0.242 0 0.05400000000000002
0 2.168 0.813 0 0.07599999999999996
0 2.208 0.242 0 0.05400000000000002
0 2.208 0.815 0 0.07999999999999996
0 2.248 0.242 0 0.05400000000000002
0 2.288 0.242 0 0.05400000000000002
0 2.288 0.6065 0 0.05500000000000005
0 2.288 0.754 0 0.06800000000000006
0 2.328 0.242 0 0.05400000000000002
0 2.328 0.5235 0 0.11699999999999994
0 2.328 0.748 0 0.18999999999999995
0 2.448 0.6435 0 0.08300000000000007
0 2.448 0.8180000000000001 0 0.08199999999999996
1 1.207 0.275 0.04346262762420146 0.05
1 1.5645 0.595 0.040792156108742275 0.05
1 1.828875 0.6255 0.03888524784542333 0.05
1 1.5035 0.635 0.04428317965096906 0.05
1 2.449 0.635 0.042059481689626185 0.05
1 0.6745 0.675 0.041484937025383084 0.05
1 1.869875 0.709 0.04375 0.05
1 0.633 0.795 0.041 0.05
1 2.268875 0.7865 0.0403987932988103 0.05
1 1.0815 0.875 0.04031128874149274 0.05
1 0.287625 0.9055 0.037007600570693584 0.05
1 0.350125 0.831 0.044261297992715935 0.05
1 0.468375 0.8675 0.041672082981295766 0.05
1 0.2055 0.949 0.041303752856126766 0.05
1 0.957 1.035 0.04308131845707603 0.05
1 0.3285 1.055 0.039 0.05
1 0.288 0.5575 0.039 0.05
1 0.288 0.7395 0.037 0.05
1 2.308 0.5495 0.04011234224026316 0.05
1 2.308 0.6435 0.04428317965096906 0.05
3 0.757 0.46575 1.1780000000000002 0.5015000000000001
3 1.935 0.46575 1.178 0.5015000000000001
3 0.757 0.9672499999999999 1.1780000000000002 0.5015
3 1.935 0.9672499999999999 1.178 0.5015