0 0.322 0.171 0.5599999999999999 0
0 0.118 0.211 0.15000000000000002 0
0 0.2815 0.211 0.067 0
0 0.5255 0.211 0.21500000000000002 0
0 0.323 0.251 0.5619999999999999 0
0 0.3375 0.291 0.591 0
0 0.2795 0.331 0.47500000000000003 0
0 0.6014999999999999 0.331 0.06300000000000006 0
0 0.32 0.371 0.5539999999999999 0
0 0.338 0.411 0.59 0
0 0.1565 0.451 0.22100000000000003 0
0 0.28200076293945314 0.6839999999999999 0 0.524
0 0.321999755859375 0.6585 0 0.461
0 0.3619996032714844 0.6915 0 0.5549999999999999
0 0.4605 0.451 0.15900000000000003 0
0 0.5620015258789063 0.705 0 0.528
0 0.1845 0.491 0.28500000000000003 0
0 0.454 0.491 0.14200000000000002 0
0 0.3125 0.531 0.379 0
0 0.522005859375 0.728 0 0.4
0 0.601994140625 0.7424999999999999 0 0.45299999999999996
0 0.1795 0.571 0.273 0
0 0.492 0.571 0.238 0
0 0.0855 0.611 0.087 0
0 0.16199169921875 0.7745 0 0.389
0 0.222 0.611 0.08600000000000002 0
0 0.41900000000000004 0.611 0.2 0
0 0.5945 0.611 0.07699999999999996 0
0 0.117 0.651 0.15 0
0 0.24200732421875 0.76 0 0.3360000000000001
0 0.39649999999999996 0.651 0.179 0
0 0.30250000000000005 0.691 0.517 0
0 0.1455 0.731 0.20500000000000002 0
0 0.443 0.731 0.07399999999999995 0
0 0.1355 0.771 0.179 0
0 0.3035 0.771 0.05499999999999999 0
0 0.5085 0.771 0.249 0
0 0.325 0.811 0.564 0
0 0.08850000000000001 0.851 0.093 0
0 0.218 0.851 0.057999999999999996 0
0 0.44599999999999995 0.851 0.29 0
0 0.1145 0.891 0.145 0
0 0.206625 0.915 0 0.10799999999999998
0 0.398 0.891 0.10999999999999999 0
0 0.481625 0.8915 0 0.07100000000000006
0 0.5705 0.891 0.125 0
0 0.1345 0.931 0.185 0
0 0.486 0.931 0.294 0
0 0.082 0.57 0 0.7979999999999999
0 0.122 0.5705 0 0.7969999999999999
0 0.162 0.36400000000000005 0 0.386
0 0.202 0.506 0 0.6639999999999999
0 0.242 0.3705 0 0.3989999999999999
0 0.282 0.28400000000000003 0 0.226
0 0.322 0.2885 0 0.23300000000000004
0 0.362 0.281 0 0.22
0 0.402 0.5515 0 0.761
0 0.442 0.5565 0 0.7709999999999999
0 0.482 0.5035 0 0.655
0 0.522 0.33599999999999997 0 0.328
0 0.562 0.291 0 0.23999999999999996
0 0.602 0.3315 0 0.32099999999999995
1 0.28200038146972656 0.5585 0.025000000011641533 0.05
1 0.5620007629394531 0.57 0.030000000038805107 0.05
1 0.1535 0.631 0.042059481689626185 0.05
1 0.1445 0.871 0.04004996878900158 0.05
3 0.18975 0.3705 0.29550000000000004 0.3989999999999999
3 0.48525 0.3705 0.2955 0.3989999999999999
3 0.18975 0.7695 0.29550000000000004 0.399
3 0.48525 0.7695 0.2955 0.399