0 0.455 0.207 0.15600000000000003 0
0 0.495 0.247 0.244 0
0 0.44075 0.2905 0 0.13899999999999998
0 0.52125 0.323 0 0.13
0 0.562 0.34850000000000003 0 0.069
0 0.481 0.373 0 0.050000000000000044
0 0.5529999999999999 0.367 0.04399999999999993 0
0 0.441015625 0.5265 0 0.17099999999999999
0 0.432 0.487 0.10999999999999999 0
0 0.520875 0.526 0 0.07799999999999996
0 0.5685 0.487 0.04899999999999993 0
0 0.479375 0.55 0 0.09599999999999997
0 0.5185 0.567 0.12099999999999994 0
0 0.600640625 0.6375 0 0.119
0 0.4808125 0.7535000000000001 0 0.1409999999999999
0 0.44109375 0.7735 0 0.11699999999999999
0 0.518 0.727 0.06400000000000006 0
0 0.2795 0.767 0.47500000000000003 0
0 0.56 0.7565 0 0.06500000000000006
0 0.077 0.807 0.07200000000000001 0
0 0.121515625 0.855 0 0.18599999999999994
0 0.285 0.807 0.24599999999999997 0
0 0.0645 0.847 0.04699999999999999 0
0 0.2145 0.847 0.067 0
0 0.2815625 0.8280000000000001 0 0.138
0 0.397 0.847 0.03999999999999998 0
0 0.441375 0.8975 0 0.10099999999999998
0 0.202625 0.8614999999999999 0 0.051000000000000045
0 0.3095 0.887 0.05300000000000005 0
0 0.4665 0.927 0.301 0
0 0.081 0.8554999999999999 0 0.18499999999999994
0 0.161 0.808 0 0.08999999999999997
0 0.161 0.9155 0 0.06499999999999995
0 0.201 0.7875 0 0.052999999999999936
0 0.241 0.8145 0 0.11099999999999999
0 0.321 0.8545 0 0.18699999999999994
0 0.361 0.8025 0 0.08699999999999997
0 0.401 0.5425 0 0.751
0 0.481 0.21750000000000003 0 0.095
0 0.481 0.9225 0 0.050999999999999934
0 0.521 0.2015 0 0.06899999999999998
0 0.521 0.7535000000000001 0 0.1050000000000001
0 0.561 0.21550000000000002 0 0.089
0 0.561 0.9175 0 0.06099999999999994
0 0.601 0.271 0 0.204
0 0.601 0.927 0 0.041999999999999926
1 0.460875 0.354 0.042000744041028604 0.05
1 0.501125 0.279 0.04085416135475063 0.05
1 0.1818125 0.825 0.04496265811759798 0.05
1 0.1818125 0.885 0.04181675053133613 0.05
1 0.326 0.907 0.044721359549995794 0.05
3 0.185 0.36225 0.28800000000000003 0.39049999999999996
3 0.473 0.36225 0.288 0.39049999999999996
3 0.185 0.75275 0.28800000000000003 0.39049999999999996
3 0.473 0.75275 0.288 0.39049999999999996