0 0.821 0.155 0.04799999999999993 0
0 0.870625 0.15 0 0.05199999999999999
0 0.857 0.195 0.04400000000000004 0
0 0.431 0.2825 0 0.09500000000000003
0 0.90925 0.243 0 0.04000000000000001
0 0.992875 0.263 0 0.055999999999999994
0 0.39009375 0.33 0 0.118
0 0.83375 0.2435 0 0.06300000000000003
0 0.071 0.376 0 0.09799999999999998
1 0.84 0.175 0.04123105625617661 0.05
3 0.30146874999999995 0.19925 0.46093749999999994 0.15050000000000002
3 0.76240625 0.19925 0.4609375 0.15050000000000002
3 0.30146874999999995 0.34975 0.46093749999999994 0.15049999999999997
3 0.76240625 0.34975 0.4609375 0.15049999999999997