0 0.252 0.466 0.06599999999999998 0
0 0.364 0.506 0.29000000000000004 0
0 0.9159999999999999 0.506 0.10999999999999999 0
0 1.129 0.506 0.13600000000000012 0
0 1.4405000000000001 0.506 0.04699999999999993 0
0 3.0855 0.506 0.052999999999999936 0
0 0.2505 0.546 0.06299999999999997 0
0 0.2515 0.586 0.06499999999999997 0
0 0.2515 0.626 0.06499999999999997 0
0 0.562 0.626 0.15200000000000002 0
0 0.9388125 0.6519999999999999 0 0.09999999999999998
0 0.2505 0.666 0.06299999999999997 0
0 0.4191875 0.7070000000000001 0 0.126
0 0.5809375 0.6705 0 0.09699999999999998
0 0.619625 0.663 0 0.08199999999999996
0 0.2505 0.706 0.06299999999999997 0
0 0.25 0.746 0.06200000000000003 0
0 0.921 0.746 0.04999999999999993 0
0 1.701625 0.752 0 0.06000000000000005
0 0.25 0.786 0.06200000000000003 0
0 0.93875 0.764 0 0.04400000000000004
0 1.279 0.786 0.062000000000000055 0
0 1.5339999999999998 0.786 0.18399999999999994 0
0 1.904 0.786 0.13000000000000012 0
0 2.0904999999999996 0.786 0.137 0
0 2.334 0.786 0.09600000000000009 0
0 2.416875 0.7935 0 0.06099999999999994
0 2.5650000000000004 0.786 0.1339999999999999 0
0 2.7595 0.786 0.1429999999999998 0
0 2.9855 0.786 0.0990000000000002 0
0 3.2275 0.786 0.13900000000000023 0
0 0.2495 0.826 0.061000000000000026 0
0 0.352 0.826 0.06 0
0 0.4975 0.8534999999999999 0 0.05700000000000005
0 1.2029999999999998 0.826 0.15999999999999992 0
0 1.42225 0.8605 0 0.06900000000000006
0 1.9825 0.826 0.6930000000000003 0
0 2.37975 0.8415 0 0.15700000000000003
0 2.4495 0.826 0.051000000000000156 0
0 2.931 0.826 0.5780000000000003 0
0 0.25 0.866 0.06200000000000003 0
0 2.061 0.86 0 0.08600000000000008
0 2.7279999999999998 0.866 0.04200000000000026 0
0 2.818375 0.859 0 0.05600000000000005
0 3.0645 0.8815 0 0.04500000000000004
0 0.249 0.906 0.05600000000000002 0
0 0.3325 0.839 0 0.134
0 1.0554999999999999 0.946 0.05499999999999994 0
0 0.248 0.986 0.058000000000000024 0
0 1.0985625 1.1015 0 0.277
0 1.7055 0.986 0.06499999999999995 0
0 0.248 1.026 0.058000000000000024 0
0 0.52 1.026 0.07800000000000007 0
0 0.6199375 1.0474999999999999 0 0.08500000000000019
0 2.9365 1.049 0 0.07800000000000007
0 2.9735 1.046 0 0.040000000000000036
0 3.05825 1.0470000000000002 0 0.05400000000000005
0 0.247 1.066 0.05600000000000002 0
0 0.358 1.066 0.07200000000000001 0
0 0.47250000000000003 1.066 0.067 0
0 1.987 1.066 0.04800000000000004 0
0 2.8989375 1.0070000000000001 0 0.3800000000000001
0 3.052 1.066 0.11399999999999988 0
0 0.244 1.106 0.04600000000000001 0
0 0.35750000000000004 1.106 0.07300000000000001 0
0 0.4976875 1.111 0 0.07799999999999985
0 1.17575 1.1195 0 0.04699999999999993
0 1.420125 1.1235 0 0.06899999999999995
0 2.7005 1.106 0.04499999999999993 0
0 0.35050000000000003 1.146 0.059 0
0 0.536 1.146 0.07999999999999996 0
0 1.0565 1.146 0.05900000000000016 0
0 1.1785 1.146 0.04699999999999993 0
0 2.9795625 1.1600000000000001 0 0.11599999999999988
0 0.2465 1.186 0.05500000000000002 0
0 0.35250000000000004 1.186 0.07500000000000001 0
0 1.0505 1.186 0.05699999999999994 0
0 0.247 1.226 0.05600000000000002 0
0 0.35850000000000004 1.226 0.044999999999999984 0
0 3.084 1.226 0.05799999999999983 0
0 3.258125 1.244 0 0.06000000000000005
0 0.247 1.266 0.05600000000000002 0
0 0.353 1.266 0.07200000000000001 0
0 1.09840625 1.3825 0 0.2330000000000001
0 2.9225 1.266 0.06099999999999994 0
0 3.268 1.266 0.058000000000000274 0
0 0.2465 1.306 0.05500000000000002 0
0 0.34950000000000003 1.306 0.063 0
0 1.9795 1.3210000000000002 0 0.07400000000000007
0 2.017375 1.315 0 0.050000000000000044
0 2.462 1.331 0 0.050000000000000044
0 2.98125 1.326 0 0.040000000000000036
0 3.2475 1.306 0.0990000000000002 0
0 0.2445 1.346 0.05100000000000002 0
0 0.351 1.346 0.07200000000000001 0
0 1.062625 1.349 0 0.3780000000000001
0 1.81975 1.371 0 0.052000000000000046
0 2.176875 1.3785 0 0.06899999999999995
0 2.5970000000000004 1.346 0.29400000000000004 0
0 2.776375 1.3735 0 0.05899999999999994
0 3.266 1.346 0.06200000000000028 0
0 0.2455 1.386 0.05300000000000002 0
0 0.355 1.386 0.064 0
0 1.0545 1.386 0.06099999999999994 0
0 3.2125 1.386 0.052999999999999936 0
0 3.26325 1.366 0 0.039999999999999813
0 0.2465 1.426 0.05500000000000002 0
0 2.93725 1.4365 0 0.06699999999999995
0 3.0140000000000002 1.426 0.09200000000000008 0
0 0.2455 1.466 0.05300000000000002 0
0 0.352 1.466 0.07 0
0 3.0010000000000003 1.466 0.06999999999999984 0
0 3.06 1.5034999999999998 0 0.11099999999999999
0 0.2455 1.506 0.05300000000000002 0
0 0.353 1.506 0.07200000000000001 0
0 1.4969999999999999 1.506 0.1479999999999999 0
0 1.73925 1.5350000000000001 0 0.05800000000000005
0 1.8860000000000001 1.506 0.04799999999999982 0
0 3.025 1.506 0.06599999999999984 0
0 3.1835 1.506 0.057000000000000384 0
0 0.245 1.546 0.05200000000000002 0
0 0.34750000000000003 1.546 0.061 0
0 0.902 1.546 0.06800000000000006 0
0 1.54475 1.5245 0 0.04300000000000015
0 2.439 1.546 0.09799999999999986 0
0 3.0235000000000003 1.546 0.06300000000000017 0
0 3.221 1.5150000000000001 0 0.062000000000000055
0 0.245 1.586 0.05200000000000002 0
0 0.817875 1.6115 0 0.10699999999999998
0 1.787 1.586 0.04600000000000004 0
0 1.8625 1.6505 0 0.129
0 2.460875 1.579 0 0.09399999999999986
0 3.0140000000000002 1.586 0.055999999999999606 0
0 3.0645 1.6295000000000002 0 0.08699999999999997
0 3.167 1.586 0.052000000000000046 0
0 0.2455 1.626 0.05300000000000002 0
0 0.4988125 1.6560000000000001 0 0.17800000000000016
0 0.5794375 1.6709999999999998 0 0.17199999999999993
0 2.4255 1.626 0.07500000000000018 0
0 2.535 1.626 0.06000000000000005 0
0 3.0345 1.626 0.32699999999999996 0
0 0.2445 1.666 0.05100000000000002 0
0 0.65625 1.6755 0 0.06899999999999995
0 1.8335 1.666 0.06900000000000017 0
0 0.2435 1.706 0.049000000000000016 0
0 0.9119999999999999 1.706 0.05599999999999994 0
0 1.8285 1.706 0.06899999999999995 0
0 2.407 1.706 0.040000000000000036 0
0 2.46275 1.744 0 0.07600000000000007
0 3.242 1.706 0.11000000000000032 0
0 0.245 1.746 0.05200000000000002 0
0 1.111 1.746 0.06800000000000006 0
0 0.2445 1.786 0.05100000000000002 0
0 0.6576875 1.8215 0 0.1529999999999998
0 1.14475 1.762 0 0.04800000000000004
0 2.423 1.786 0.07200000000000006 0
0 3.2075 1.786 0.04300000000000015 0
0 0.243 1.826 0.048000000000000015 0
0 1.181 1.84 0 0.06800000000000006
0 1.86025 1.9485000000000001 0 0.2450000000000001
0 2.947 1.826 0.04600000000000026 0
0 3.05990625 1.8820000000000001 0 0.15400000000000014
0 3.152 1.826 0.09799999999999986 0
0 3.219625 1.877 0 0.10199999999999987
0 0.244 1.866 0.05000000000000002 0
0 0.3435 1.923 0 0.11399999999999988
0 0.379625 1.98 0 0.2300000000000002
0 0.9 1.866 0.04200000000000004 0
0 1.14475 1.8895 0 0.04699999999999993
0 2.936 1.866 0.5259999999999998 0
0 3.2625 1.8735 0 0.050999999999999934
0 0.356 1.906 0.043999999999999984 0
0 1.1065 1.906 0.05899999999999994 0
0 2.5105 1.906 0.3250000000000002 0
0 3.1725000000000003 1.906 0.05699999999999994 0
0 0.362 1.946 0.05199999999999999 0
0 0.4965 1.946 0.041000000000000036 0
0 1.8315000000000001 1.946 0.06900000000000017 0
0 2.3594999999999997 1.946 0.10699999999999976 0
0 2.654 1.946 0.06199999999999983 0
0 3.223 1.946 0.14800000000000013 0
0 0.243 1.986 0.048000000000000015 0
0 0.352 1.986 0.07400000000000001 0
0 0.661375 2.0125 0 0.05300000000000016
0 1.8265 1.986 0.07299999999999995 0
0 2.316 1.986 0.1080000000000001 0
0 0.243 2.026 0.048000000000000015 0
0 0.49825 2.012 0 0.06599999999999984
0 2.29 2.026 0.04400000000000004 0
0 2.923 2.026 0.04600000000000026 0
0 3.2435 2.026 0.1070000000000002 0
0 0.2435 2.066 0.049000000000000016 0
0 0.3385 2.0629999999999997 0 0.053999999999999826
0 1.699875 2.066 0 0.06000000000000005
0 1.9405 2.0875 0 0.05900000000000016
0 2.059 2.066 0.12399999999999989 0
0 2.14075 2.1045 0 0.09699999999999998
0 3.1745 2.066 0.051000000000000156 0
0 3.2605625 2.0905 0 0.07099999999999973
0 1.74 2.106 0.06199999999999983 0
0 2.12 2.106 0.052000000000000046 0
0 2.2344999999999997 2.106 0.08299999999999974 0
0 2.6470000000000002 2.106 0.053999999999999826 0
0 0.352 2.146 0.07400000000000001 0
0 1.140125 2.1855 0 0.07900000000000018
0 1.537 2.1485 0 0.09299999999999997
0 1.697 2.146 0.062000000000000055 0
0 1.8385 2.146 0.05900000000000016 0
0 1.898625 2.245 0 0.20999999999999996
0 2.6525 2.146 0.05899999999999972 0
0 3.173 2.146 0.04999999999999982 0
0 0.24 2.186 0.04200000000000001 0
0 1.5655000000000001 2.186 0.1050000000000002 0
0 2.8914999999999997 2.186 0.5070000000000001 0
0 0.241 2.226 0.04400000000000001 0
0 0.35250000000000004 2.226 0.07500000000000001 0
0 1.33875 2.248 0 0.04400000000000004
0 1.37525 2.2515 0 0.051000000000000156
0 1.6815 2.226 0.11299999999999999 0
0 1.778375 2.2199999999999998 0 0.053999999999999826
0 2.2344999999999997 2.226 0.08299999999999974 0
0 2.8165 2.226 0.14900000000000002 0
0 3.0294999999999996 2.226 0.129 0
0 0.2395 2.266 0.04100000000000001 0
0 1.0994375 2.4165 0 0.35299999999999976
0 1.3559999999999999 2.266 0.04600000000000004 0
0 2.2235 2.266 0.06099999999999994 0
0 3.261375 2.316 0 0.10000000000000009
0 0.2395 2.306 0.04100000000000001 0
0 1.1 2.306 0.06399999999999983 0
0 2.299125 2.3129999999999997 0 0.06800000000000006
0 0.24 2.346 0.04200000000000001 0
0 1.651 2.346 0.053999999999999826 0
0 2.09775 2.4610000000000003 0 0.22999999999999998
0 2.2015000000000002 2.346 0.121 0
0 3.274 2.346 0.04600000000000026 0
0 0.2395 2.386 0.04100000000000001 0
0 1.857875 2.4139999999999997 0 0.1259999999999999
0 2.019125 2.373 0 0.10000000000000009
0 2.0565 2.3955 0 0.052999999999999936
0 2.140375 2.394 0 0.053999999999999826
0 2.17875 2.456 0 0.17600000000000016
0 2.42025 2.306 0 0.242
0 0.2405 2.426 0.04300000000000001 0
0 1.101 2.426 0.05600000000000005 0
0 1.378625 2.4690000000000003 0 0.12400000000000011
0 1.7045 2.426 0.1609999999999998 0
0 1.901 2.426 0.09799999999999986 0
0 1.97775 2.3970000000000002 0 0.058000000000000274
0 2.124 2.426 0.1200000000000001 0
0 2.2183125 2.4314999999999998 0 0.0690000000000004
0 0.2415 2.466 0.04500000000000001 0
0 0.97878125 2.5484999999999998 0 0.18699999999999983
0 2.2039999999999997 2.466 0.052000000000000046 0
0 0.2405 2.506 0.04300000000000001 0
0 1.6705 2.506 0.09699999999999998 0
0 1.8215 2.506 0.05700000000000016 0
0 2.1595 2.506 0.18100000000000005 0
0 0.2435 2.546 0.049000000000000016 0
0 1.1396875 2.5789999999999997 0 0.1259999999999999
0 1.6599375 2.528 0 0.09999999999999964
0 1.817 2.546 0.04800000000000004 0
0 2.1825 2.546 0.06499999999999995 0
0 2.29984375 2.5745 0 0.1349999999999998
0 2.404 2.546 0.06199999999999983 0
0 0.2425 2.586 0.047000000000000014 0
0 1.101 2.586 0.05799999999999983 0
0 1.6055000000000001 2.586 0.07099999999999995 0
0 1.818 2.586 0.052000000000000046 0
0 2.1505 2.586 0.16699999999999982 0
0 2.336375 2.5854999999999997 0 0.04700000000000015
0 0.243 2.626 0.048000000000000015 0
0 1.7415 2.585 0 0.08199999999999985
0 1.8195000000000001 2.626 0.05499999999999994 0
0 2.2175 2.5925000000000002 0 0.06699999999999973
0 2.4095 2.626 0.06299999999999972 0
0 0.219 0.6855 0 0.439
0 0.219 1.0154999999999998 0 0.15500000000000003
0 0.219 1.5265 0 0.7429999999999999
0 0.219 2.032 0 0.1399999999999999
0 0.219 2.3994999999999997 0 0.4849999999999999
0 0.259 1.554 0 2.1759999999999997
0 0.339 1.025 0 0.062000000000000055
0 0.339 1.256 0 0.31400000000000006
0 0.339 1.474 0 0.053999999999999826
0 0.339 2.238 0 0.1980000000000004
0 0.379 0.8205 0 0.05699999999999994
0 0.379 1.282 0 0.578
0 0.379 2.301 0 0.04400000000000004
0 0.459 0.742 0 0.04400000000000004
0 0.739 0.733 0 0.04200000000000004
0 0.739 1.5965 0 0.08099999999999996
0 0.819 0.659 0 0.07399999999999995
0 0.819 0.8465 0 0.04500000000000004
0 0.819 1.7240000000000002 0 0.04600000000000004
0 0.899 0.6675 0 0.17500000000000004
0 0.899 1.8455 0 0.07299999999999995
0 0.939 1.5645 0 0.07500000000000018
0 0.939 1.794 0 0.040000000000000036
0 1.059 1.0245 0 0.22299999999999986
0 1.099 0.8500000000000001 0 0.16400000000000003
0 1.099 1.6185 0 0.040999999999999925
0 1.099 1.936 0 0.53
0 1.139 0.7949999999999999 0 0.05399999999999994
0 1.179 0.794 0 0.05399999999999994
0 1.219 0.7705 0 0.09499999999999997
0 1.219 2.2835 0 0.06899999999999995
0 1.259 0.7725 0 0.09899999999999998
0 1.299 1.5375 0 0.04299999999999993
0 1.419 2.4299999999999997 0 0.052000000000000046
0 1.459 0.7525 0 0.05300000000000005
0 1.459 1.8375 0 0.10499999999999998
0 1.459 2.157 0 0.06200000000000028
0 1.619 0.749 0 0.05400000000000005
0 1.659 1.5385 0 0.051000000000000156
0 1.659 2.1555 0 0.04900000000000038
0 1.699 0.907 0 0.18400000000000005
0 1.699 1.5375 0 0.050999999999999934
0 1.739 1.056 0 0.04200000000000004
0 1.739 1.209 0 0.04200000000000004
0 1.779 2.392 0 0.08800000000000008
0 1.859 2.2249999999999996 0 0.07799999999999985
0 1.899 0.796 0 0.06599999999999995
0 1.939 0.798 0 0.061999999999999944
0 1.939 1.4289999999999998 0 0.050000000000000044
0 1.939 1.728 0 0.04599999999999982
0 1.979 1.1105 0 0.08899999999999997
0 2.019 0.798 0 0.061999999999999944
0 2.059 2.218 0 0.04400000000000004
0 2.099 2.0895 0 0.06300000000000017
0 2.139 0.7949999999999999 0 0.06599999999999995
0 2.139 1.81 0 0.08400000000000007
0 2.219 1.222 0 0.06000000000000005
0 2.219 1.4304999999999999 0 0.05300000000000016
0 2.219 2.2889999999999997 0 0.13200000000000012
0 2.259 2.036 0 0.07000000000000028
0 2.259 2.2455 0 0.04499999999999993
0 2.259 2.5285 0 0.06300000000000017
0 2.299 0.7925 0 0.06099999999999994
0 2.299 1.988 0 0.05999999999999983
0 2.299 2.4365 0 0.05900000000000016
0 2.339 0.7945 0 0.06299999999999994
0 2.339 1.971 0 0.09999999999999987
0 2.379 1.1475 0 0.04899999999999993
0 2.379 1.9055 0 0.051000000000000156
0 2.379 2.4915000000000003 0 0.040999999999999925
0 2.379 2.6115 0 0.06099999999999994
0 2.419 1.5579999999999998 0 0.062000000000000055
0 2.419 1.7635 0 0.06099999999999994
0 2.499 1.3645 0 0.05899999999999994
0 2.499 1.549 0 0.04600000000000004
0 2.499 1.8820000000000001 0 0.06399999999999983
0 2.539 1.5925 0 0.06300000000000017
0 2.539 1.6775 0 0.04499999999999993
0 2.619 2.093 0 0.07000000000000028
0 2.659 2.0149999999999997 0 0.23999999999999977
0 2.699 0.7955 0 0.05899999999999994
0 2.699 1.1724999999999999 0 0.061000000000000165
0 2.699 2.197 0 0.09600000000000009
0 2.739 0.8089999999999999 0 0.08799999999999997
0 2.739 1.4845 0 0.06099999999999994
0 2.739 2.0365 0 0.05899999999999972
0 2.779 0.798 0 0.06399999999999995
0 2.779 1.7120000000000002 0 0.04200000000000004
0 2.779 2.221 0 0.06599999999999984
0 2.819 0.7845 0 0.04500000000000004
0 2.859 2.2145 0 0.052999999999999936
0 2.899 1.4985 0 0.04899999999999993
0 2.899 1.6545 0 0.08499999999999996
0 2.899 1.837 0 0.08199999999999985
0 2.899 2.2205 0 0.06899999999999995
0 2.939 0.798 0 0.061999999999999944
0 2.939 2.2065 0 0.06099999999999994
0 2.979 0.7969999999999999 0 0.06399999999999995
0 3.019 0.7895000000000001 0 0.04500000000000004
0 3.019 1.051 0 0.132
0 3.019 1.202 0 0.07800000000000007
0 3.019 1.42 0 0.040000000000000036
0 3.019 1.5845 0 0.052999999999999936
0 3.019 2.2125000000000004 0 0.05699999999999994
0 3.059 0.7925 0 0.052999999999999936
0 3.059 1.1915 0 0.11299999999999999
0 3.059 2.207 0 0.06199999999999983
0 3.099 1.651 0 0.052000000000000046
0 3.099 2.2119999999999997 0 0.06600000000000028
0 3.139 0.7955 0 0.05699999999999994
0 3.139 2.2075 0 0.05900000000000016
0 3.179 0.7905 0 0.05699999999999994
0 3.179 1.0825 0 0.09899999999999998
0 3.219 0.937 0 0.134
0 3.219 1.327 0 0.12400000000000011
0 3.219 2.0465 0 0.1589999999999998
0 3.259 0.7929999999999999 0 0.05999999999999994
0 3.259 1.79 0 0.05400000000000005
1 0.93878125 0.722 0.04000004882809519 0.05
1 1.7003125 0.7985 0.03310423877693006 0.05
1 1.631 0.806 0.04123105625617661 0.05
1 2.637 0.806 0.04123105625617661 0.05
1 0.301 0.826 0.042 0.05
1 2.04 0.835 0.04368065933568311 0.05
1 2.7986875 0.8265 0.03938769636574345 0.05
1 3.06175 0.835 0.04037635446644484 0.05
1 1.098484375 1.253 0.026000469496962934 0.05
1 1.09878125 1.004 0.03100308704387355 0.05
1 2.97653125 1.084 0.036506902172739886 0.05
1 2.91896875 0.982 0.04182109403458977 0.05
1 0.2945 1.186 0.041 0.05
1 3.2385625 1.2695 0.040146800931082915 0.05
1 0.296 1.266 0.042 0.05
1 2.4805 1.3455 0.0425440947723653 0.05
1 2.1979375 1.4085 0.0430756964540331 0.05
1 3.2415 1.366 0.04019950248448356 0.05
1 2.918125 1.472 0.03845858161711116 0.05
1 3.06225 1.5725 0.02737243138634199 0.05
1 3.0395 1.4795 0.041773197148410844 0.05
1 0.8184375 1.683 0.03601757383555977 0.05
1 2.484 1.626 0.042 0.05
1 0.65696875 1.7275 0.035029507650693584 0.05
1 1.162875 1.796 0.04140123790419798 0.05
1 3.166 1.806 0.04272001872658766 0.05
1 1.162875 1.87 0.03712226420896226 0.05
1 3.2193125 1.9475 0.03900500769132087 0.05
1 3.2393125 1.8455 0.04039047690978654 0.05
1 2.7735 1.886 0.04 0.05
1 3.223 2.046 0.04123105625617661 0.05
1 1.7185 2.126 0.04428317965096906 0.05
1 1.11978125 2.2325 0.04336441693658523 0.05
1 1.87825 2.3505 0.04076226809194993 0.05
1 2.918 2.166 0.04011234224026316 0.05
1 1.6215 2.206 0.040607881008493905 0.05
1 1.09921875 2.132 0.03900245384908493 0.05
1 2.2790625 2.285 0.04160547590161661 0.05
1 2.198125 2.5515 0.041551925346486655 0.05
1 2.198875 2.3835 0.042297310789221575 0.05
1 2.181 2.446 0.04044749683231337 0.05
1 2.299421875 2.5245 0.04100868095979801 0.05
1 0.219 0.9215 0.033 0.05
1 0.339 1.0775 0.043 0.05
1 0.339 1.43 0.034 0.05
1 0.919 1.828 0.04031128874149274 0.05
1 1.079 0.952 0.04428317965096906 0.05
1 1.099 1.655 0.032 0.05
1 2.279 2.0145 0.04346262762420146 0.05
1 2.359 1.9505 0.04123105625617661 0.05
1 2.519 1.5665 0.041484937025383084 0.05
1 2.539 1.6395 0.031 0.05
1 2.679 2.142 0.04237924020083418 0.05
3 0.9885 1.01 1.539 1.088
3 2.5275 1.01 1.5390000000000001 1.088
3 0.9885 2.098 1.539 1.0879999999999999
3 2.5275 2.098 1.5390000000000001 1.0879999999999999