0 1.1675 0.24 0.18100000000000005 0
0 0.5205 0.27 0.12699999999999995 0
0 1.1695 0.31 0.19499999999999984 0
0 1.063 0.465 0.1339999999999999 0
0 1.9085 0.565 0.36299999999999977 0
0 0.953 0.61 0.15999999999999992 0
0 1.3969999999999998 0.61 0.21199999999999997 0
0 2.0955000000000004 0.705 0.20100000000000007 0
0 2.5155000000000003 0.705 0.41900000000000004 0
0 2.2275 0.92 0.1589999999999998 0
0 1.999 1.055 0.30800000000000005 0
0 1.383 1.135 0.16000000000000014 0
0 1.2530000000000001 1.17 0.21599999999999997 0
0 0.455 0.7344999999999999 0 0.277
0 0.7 0.742 0 0.268
0 0.685 0.347 0 0.16799999999999998
0 1 0.4765 0 0.17299999999999993
0 1.085 0.392 0 0.3400000000000001
0 1.155 0.925 0 0.21800000000000008
0 1.255 0.2885 0 0.185
0 1.455 0.3175 0 0.235
0 1.53 0.8140000000000001 0 0.4640000000000001
0 1.56 0.8845000000000001 0 0.28300000000000003
0 1.73 0.641 0 0.32400000000000007
0 1.805 0.513 0 0.16799999999999998
0 2.15 0.239 0 0.382
0 2.15 0.619 0 0.16999999999999993
0 2.155 0.9289999999999999 0 0.21199999999999997
0 2.2 0.238 0 0.126
0 2.22 0.5685 0 0.11699999999999999
0 2.295 0.6365 0 0.127
0 2.34 0.9255 0 0.15700000000000003
0 2.49 0.9359999999999999 0 0.18000000000000005
0 2.57 1.1115 0 0.16900000000000004
0 2.77 0.29550000000000004 0 0.48900000000000005
0 2.77 0.8455 0 0.365
0 2.845 0.917 0 0.14200000000000002
0 2.86 0.8605 0 0.11099999999999999
0 2.86 1.072 0 0.10799999999999987
0 3.15 0.502 0 0.12199999999999994
0 1.525 0.3245 0 0.05499999999999999
0 1.533 0.514 0 0.11399999999999993
0 2.157 0.249 0 0.138
0 2.157 0.891 0 0.062000000000000055
0 2.157 0.99 0 0.1339999999999999
0 2.333 0.8875 0 0.07900000000000007
0 2.333 0.9850000000000001 0 0.09799999999999998
0 2.845 0.6950000000000001 0 0.06999999999999995
0 2.853 0.9385 0 0.052999999999999936
1 2.8525 1.003 0.03354101966249684 0.05
2 1.1695 0.31 0.035 0.05
2 2.2275 0.92 0.035 0.05
2 0.7 0.742 0.035 0.05
2 1.085 0.3353333333333333 0.035 0.05
2 1.085 0.4486666666666666 0.035 0.05
2 1.255 0.2885 0.035 0.05
2 1.455 0.3175 0.035 0.05
2 2.15 0.1753333333333333 0.035 0.05
2 2.15 0.30266666666666664 0.035 0.05
2 2.155 0.929 0.035 0.05
2 2.34 0.9255 0.035 0.05
2 2.49 0.936 0.035 0.05
2 2.77 0.17325 0.035 0.05
2 2.77 0.2955 0.035 0.05
2 2.77 0.41775 0.035 0.05
3 1.12875 0.335 1.3475 0.574
3 2.47625 0.335 1.3475 0.574
3 1.12875 0.909 1.3475 0.574
3 2.47625 0.909 1.3475 0.574