0 0.51975 0.4245 0 0.381
0 0.0435625 0.393 0 0.21600000000000003
0 0.507 0.314 0.13799999999999996 0
0 0.4625 0.354 0.05099999999999999 0
0 0.604 0.41400000000000003 0 0.03999999999999998
0 0.2175 0.474 0.056999999999999995 0
0 0.28400000000000003 0.514 0.055999999999999994 0
0 0.625 0.514 0.040000000000000036 0
0 0.5985 0.5785 0 0.04899999999999993
0 0.044125 0.5820000000000001 0 0.039999999999999925
0 0.2434375 0.6575 0 0.123
0 0.60875 0.657 0 0.04600000000000004
0 0.0855 0.6935 0 0.052999999999999936
0 0.1595 0.6905 0 0.04699999999999993
0 0.521625 0.7535000000000001 0 0.07900000000000007
0 0.594 0.714 0.04200000000000004 0
0 0.0855 0.7865 0 0.06499999999999995
0 0.5575 0.754 0.09299999999999997 0
0 0.5589999999999999 0.794 0.09999999999999998 0
0 0.1615 0.8625 0 0.07100000000000006
0 0.573 0.834 0.05599999999999994 0
0 0.086125 0.8725 0 0.04700000000000004
0 0.2105 0.874 0.16899999999999998 0
0 0.35050000000000003 0.914 0.09300000000000003 0
0 0.6075 1.0325 0 0.237
0 0.2 1.0354999999999999 0 0.04100000000000015
0 0.56875 1.0550000000000002 0 0.04200000000000004
0 0.3185 1.074 0.061 0
0 0.2836875 1.1345 0 0.07699999999999996
0 0.321375 1.131 0 0.052000000000000046
0 0.51775 1.117 0 0.05600000000000005
0 0.623 1.114 0.04400000000000004 0
0 0.22749999999999998 1.154 0.363 0
0 0.5700000000000001 1.154 0.15000000000000002 0
0 0.1955 1.194 0.07300000000000001 0
0 0.21600000000000003 1.274 0.092 0
0 0.4525 1.274 0.044999999999999984 0
0 0.2035 1.229 0 0.19800000000000018
0 0.123 0.86 0 0.062000000000000055
0 0.123 1.2730000000000001 0 0.1100000000000001
0 0.163 0.272 0 0.045999999999999985
0 0.163 1.306 0 0.04400000000000004
0 0.203 0.4665 0 0.04899999999999999
0 0.203 0.858 0 0.062000000000000055
0 0.403 0.988 0 0.052000000000000046
0 0.443 0.852 0 0.04600000000000004
0 0.443 1.2530000000000001 0 0.04399999999999982
0 0.523 0.9784999999999999 0 0.05500000000000005
0 0.563 0.7615000000000001 0 0.08700000000000008
0 0.603 0.7515000000000001 0 0.08100000000000007
0 0.643 0.7945 0 0.14300000000000002
1 0.251 0.494 0.04123105625617661 0.05
1 0.603625 0.6185 0.03265061255168117 0.05
1 0.605875 0.6955 0.03152875671510058 0.05
1 0.0855 0.737 0.034 0.05
1 0.0858125 0.834 0.03000650971039451 0.05
1 0.2995 0.894 0.041 0.05
3 0.193921875 0.5075000000000001 0.30071875 0.547
3 0.494640625 0.5075000000000001 0.30071875000000003 0.547
3 0.193921875 1.0545 0.30071875 0.547
3 0.494640625 1.0545 0.30071875000000003 0.547