0 1.03975 0.185 0 0.04799999999999999
0 0.954875 0.19 0 0.05199999999999999
0 0.911 0.241 0.07399999999999995 0
0 0.3135 0.405 0 0.16799999999999998
0 0.5569999999999999 0.321 0.07599999999999996 0
0 0.95325 0.35650000000000004 0 0.04899999999999999
0 1.072 0.441 0.062000000000000055 0
0 0.881 0.481 0.040000000000000036 0
0 1.07 0.514 0 0.06600000000000006
0 0.5935 0.521 0.06899999999999995 0
0 0.71275 0.5345 0 0.04700000000000004
0 0.95425 0.546 0 0.06999999999999995
0 1.071 0.641 0.06400000000000006 0
0 0.714 0.6425 0 0.09099999999999997
0 0.313 0.6555 0 0.06499999999999995
0 0.513 0.55 0 0.04999999999999993
0 0.713 0.44999999999999996 0 0.07600000000000001
0 0.873 0.5509999999999999 0 0.27399999999999997
0 0.913 0.14850000000000002 0 0.04300000000000001
0 1.073 0.631 0 0.04800000000000004
1 0.9339375 0.1715 0.042302666878105924 0.05
1 0.713375 0.5775 0.039020026909268014 0.05
3 0.5105 0.26725 0.39499999999999996 0.28049999999999997
3 0.9055 0.26725 0.395 0.28049999999999997
3 0.5105 0.54775 0.39499999999999996 0.28049999999999997
3 0.9055 0.54775 0.395 0.28049999999999997