0 0.1235 0.167 0.105 0
0 0.39249999999999996 0.167 0.05299999999999999 0
0 0.158 0.207 0.174 0
0 0.908625 0.215 0 0.055999999999999994
0 0.15 0.247 0.15800000000000003 0
0 0.87025 0.2915 0 0.12499999999999997
0 0.11199999999999999 0.287 0.082 0
0 0.19078125 0.34750000000000003 0 0.14299999999999996
0 0.185 0.327 0.22799999999999998 0
0 0.1865 0.367 0.14500000000000002 0
0 0.16899999999999998 0.407 0.086 0
0 0.99109375 0.47050000000000003 0 0.133
0 0.17049999999999998 0.447 0.087 0
0 0.326 0.447 0.15800000000000003 0
0 0.6120000000000001 0.447 0.10999999999999999 0
0 0.759 0.447 0.09000000000000008 0
0 0.9085 0.567 0.07499999999999996 0
0 0.919 0.607 0.09599999999999997 0
0 0.9005 0.647 0.09099999999999997 0
0 0.237 0.687 0.04200000000000001 0
0 0.8500000000000001 0.687 0.16600000000000004 0
0 1.053 0.687 0.04800000000000004 0
0 0.111 0.1595 0 0.065
0 0.111 0.28550000000000003 0 0.10300000000000001
0 0.151 0.411 0 0.568
0 0.191 0.156 0 0.05399999999999999
0 0.231 0.2655 0 0.277
0 0.271 0.3405 0 0.05099999999999999
0 0.311 0.44899999999999995 0 0.04199999999999998
0 0.831 0.577 0 0.08199999999999996
0 0.871 0.6275 0 0.19499999999999995
0 0.911 0.615 0 0.21999999999999997
0 0.951 0.5800000000000001 0 0.09999999999999998
0 1.071 0.69 0 0.06999999999999995
1 0.8894375 0.236 0.04084899784572444 0.05
1 0.971046875 0.5335 0.040700230823209095 0.05
1 0.2305 0.447 0.033 0.05
1 0.111 0.213 0.042 0.05
3 0.32249999999999995 0.27649999999999997 0.503 0.299
3 0.8254999999999999 0.27649999999999997 0.503 0.299
3 0.32249999999999995 0.5755 0.503 0.299
3 0.8254999999999999 0.5755 0.503 0.299