0 0.587 0.244 1.028 0
0 0.587 0.284 1.028 0
0 0.587 0.324 1.028 0
0 0.587 0.364 1.028 0
0 0.587 0.404 1.028 0
0 0.587 0.444 1.028 0
0 0.587 0.484 1.028 0
0 0.587 0.524 1.028 0
0 0.587 0.564 1.028 0
0 0.587 0.604 1.028 0
0 0.587 0.644 1.028 0
0 0.587 0.684 1.028 0
0 0.587 0.724 1.028 0
0 0.587 0.764 1.028 0
0 0.587 0.804 1.028 0
0 0.587 0.844 1.028 0
0 0.587 0.884 1.028 0
0 0.587 0.924 1.028 0
0 0.587 0.964 1.028 0
0 0.587 1.004 1.028 0
0 0.587 1.044 1.028 0
0 0.587 1.084 1.028 0
0 0.587 1.124 1.028 0
0 0.113 0.6799999999999999 0 0.952
0 0.153 0.6799999999999999 0 0.952
0 0.193 0.6799999999999999 0 0.952
0 0.233 0.6799999999999999 0 0.952
0 0.273 0.6799999999999999 0 0.952
0 0.313 0.6799999999999999 0 0.952
0 0.353 0.6799999999999999 0 0.952
0 0.393 0.6799999999999999 0 0.952
0 0.433 0.6799999999999999 0 0.952
0 0.473 0.6799999999999999 0 0.952
0 0.513 0.6799999999999999 0 0.952
0 0.553 0.6799999999999999 0 0.952
0 0.593 0.6799999999999999 0 0.952
0 0.633 0.6799999999999999 0 0.952
0 0.673 0.6799999999999999 0 0.952
0 0.713 0.6799999999999999 0 0.952
0 0.753 0.6799999999999999 0 0.952
0 0.793 0.6799999999999999 0 0.952
0 0.833 0.6799999999999999 0 0.952
0 0.873 0.6799999999999999 0 0.952
0 0.913 0.6799999999999999 0 0.952
0 0.953 0.6799999999999999 0 0.952
0 0.993 0.6799999999999999 0 0.952
0 1.033 0.6799999999999999 0 0.952
0 1.073 0.6799999999999999 0 0.952
3 0.32999999999999996 0.442 0.514 0.4760000000000001
3 0.844 0.442 0.514 0.4760000000000001
3 0.32999999999999996 0.9179999999999999 0.514 0.47599999999999987
3 0.844 0.9179999999999999 0.514 0.47599999999999987