0 0.297375 0.2835 0 0.09500000000000003
0 0.4175 0.29700000000000004 0 0.057999999999999996
0 0.54025 0.485 0 0.04999999999999999
0 0.579 0.485 0 0.04999999999999999
0 0.659 0.46 0.06799999999999995 0
0 0.184 0.5 0.22999999999999998 0
0 0.6679999999999999 0.5 0.09599999999999997 0
0 0.141125 0.518 0 0.07800000000000007
0 0.21625 0.673 0 0.06599999999999995
0 0.337 0.7895000000000001 0 0.041000000000000036
0 0.14100000000000001 0.86 0.144 0
0 0.4265 0.9 0.04899999999999999 0
0 0.188 0.94 0.09799999999999998 0
0 0.158 1.02 0.118 0
0 0.097 0.8745 0 0.049000000000000044
0 0.137 0.8945000000000001 0 0.20699999999999996
0 0.177 0.518 0 0.07800000000000007
0 0.177 0.972 0 0.10399999999999998
0 0.217 0.571 0 0.08999999999999997
0 0.217 0.972 0 0.10399999999999998
0 0.377 0.8005 0 0.16300000000000003
0 0.657 0.4635 0 0.08300000000000002
0 0.697 0.48050000000000004 0 0.04899999999999999
3 0.23075 0.433 0.3235 0.394
3 0.55425 0.433 0.32349999999999995 0.394
3 0.23075 0.827 0.3235 0.394
3 0.55425 0.827 0.32349999999999995 0.394