0 0.27725 0.33449999999999996 0 0.469
0 0.22899999999999998 0.22 0.36 0
0 0.4425 0.34 0.09899999999999998 0
0 0.159625 0.46399999999999997 0 0.04199999999999998
0 0.206 0.5 0.057999999999999996 0
0 0.29600000000000004 0.5 0.062 0
0 0.23349999999999999 0.54 0.11299999999999999 0
0 0.077 0.386 0 0.36599999999999994
0 0.157 0.2255 0 0.044999999999999984
0 0.197 0.2255 0 0.044999999999999984
0 0.197 0.5235 0 0.09099999999999997
0 0.237 0.512 0 0.11399999999999993
0 0.317 0.22599999999999998 0 0.04400000000000001
0 0.357 0.499 0 0.040000000000000036
0 0.397 0.172 0 0.144
0 0.397 0.3305 0 0.05099999999999999
0 0.517 0.524 0 0.08999999999999997
0 0.557 0.5045 0 0.049000000000000044
1 0.1783125 0.4815 0.038024868507333456 0.05
1 0.25 0.5 0.03 0.05
3 0.176 0.21725 0.254 0.23450000000000001
3 0.43000000000000005 0.21725 0.25400000000000006 0.23450000000000001
3 0.176 0.45175 0.254 0.23449999999999993
3 0.43000000000000005 0.45175 0.25400000000000006 0.23449999999999993