0 0.413375 0.23149999999999998 0 0.047000000000000014
0 0.542 0.248 0.9 0
0 0.61125 0.268 0 0.045999999999999985
0 1.05025 0.35150000000000003 0 0.046999999999999986
0 0.6385 0.368 0.14300000000000002 0
0 1.0995 0.368 0.5849999999999999 0
0 0.653 0.38749999999999996 0 0.04899999999999999
0 0.81575 0.404 0 0.07
0 1.01675 0.3245 0 0.16699999999999998
0 1.16625 0.38549999999999995 0 0.044999999999999984
0 0.6845 0.448 0.04499999999999993 0
0 0.762 0.448 0.040000000000000036 0
0 1.0514999999999999 0.448 0.06699999999999995 0
0 1.20825 0.40249999999999997 0 0.09100000000000003
0 1.3285 0.4065 0 0.08300000000000002
0 0.7075 0.488 0.121 0
0 1.14 0.4655 0 0.044999999999999984
0 0.2135 0.5535 0 0.050999999999999934
0 1.33125 0.5685 0 0.08099999999999996
0 0.24 0.568 0.06400000000000003 0
0 0.572 0.586 0 0.04200000000000004
0 1.21075 0.5549999999999999 0 0.07999999999999996
0 0.642 0.608 0.06800000000000006 0
0 1.20925 0.629 0 0.04200000000000004
0 1.252453125 0.6715 0 0.16700000000000004
0 0.5745 0.648 0.09899999999999998 0
0 0.774 0.855 0 0.41400000000000003
0 1.0095 0.6579999999999999 0 0.06799999999999995
0 0.5555 0.688 0.05699999999999994 0
0 0.9059999999999999 0.688 0.34199999999999997 0
0 1.2585000000000002 0.688 0.10699999999999998 0
0 0.1205 0.728 0.04099999999999998 0
0 0.20975 0.729 0 0.05400000000000005
0 0.251125 0.7384999999999999 0 0.07300000000000006
0 0.29375 0.7395 0 0.07500000000000007
0 0.535625 0.7215 0 0.06500000000000006
0 0.61265625 0.7589999999999999 0 0.134
0 0.7175 0.728 0.05900000000000005 0
0 1.2906875 0.757 0 0.08800000000000008
0 0.33299999999999996 0.768 0.06 0
0 0.573625 0.778 0 0.052000000000000046
0 1.135 0.7929999999999999 0 0.04999999999999993
0 0.122 0.808 0.043999999999999984 0
0 0.6639999999999999 0.808 0.09199999999999997 0
0 1.2125 0.754 0 0.1399999999999999
0 1.3479999999999999 0.808 0.08799999999999986 0
0 0.1145 0.848 0.04500000000000001 0
0 0.369625 0.854 0 0.04800000000000004
0 0.49175 0.8725 0 0.051000000000000045
0 0.7075 0.848 0.137 0
0 0.1195 0.888 0.05499999999999999 0
0 0.4755 0.888 0.18699999999999994 0
0 0.6895 0.888 0.050999999999999934 0
0 1.2545 0.9039999999999999 0 0.06799999999999995
0 1.3305 0.888 0.04899999999999993 0
0 0.6645 0.928 0.07299999999999995 0
0 1.069 0.928 0.6459999999999999 0
0 0.6935 0.968 0.133 0
0 0.5325 1.008 0.07299999999999995 0
0 0.6819999999999999 1.008 0.04999999999999993 0
0 0.49475 1.0715 0 0.04699999999999993
0 0.37725 1.066 0 0.04400000000000004
0 0.132 0.8025 0 0.20100000000000007
0 0.212 0.4065 0 0.044999999999999984
0 0.252 0.275 0 0.057999999999999996
0 0.252 0.584 0 0.040000000000000036
0 0.292 0.40449999999999997 0 0.05099999999999999
0 0.452 1.076 0 0.04400000000000004
0 0.492 0.4245 0 0.359
0 0.532 0.585 0 0.040000000000000036
0 0.572 0.6739999999999999 0 0.06599999999999995
0 0.652 1.0245 0 0.1150000000000001
0 0.692 0.28500000000000003 0 0.08000000000000002
0 0.692 0.931 0 0.2759999999999999
0 0.812 0.7035 0 0.04299999999999993
0 0.972 0.9095 0 0.08099999999999996
0 1.092 0.9025000000000001 0 0.05300000000000005
0 1.132 0.897 0 0.07600000000000007
0 1.172 0.8140000000000001 0 0.04799999999999993
0 1.172 0.907 0 0.06799999999999995
0 1.212 0.91 0 0.052000000000000046
0 1.292 0.507 0 0.052000000000000046
0 1.292 0.663 0 0.04200000000000004
0 1.332 0.6945 0 0.08699999999999997
0 1.332 0.8815 0 0.11299999999999999
0 1.332 1.0705 0 0.040999999999999925
0 1.372 0.33099999999999996 0 0.184
0 1.372 0.477 0 0.045999999999999985
0 1.372 0.774 0 0.050000000000000044
0 1.372 0.8895 0 0.119
1 1.153125 0.4255 0.04375 0.05
1 0.7245 0.448 0.035 0.05
1 1.35025 0.451 0.04391184350491334 0.05
1 0.23275 0.5715 0.041318881882258136 0.05
1 1.311625 0.545 0.03956718969044933 0.05
1 1.331625 0.63 0.04200669589482134 0.05
1 0.572 0.624 0.034 0.05
1 1.2316015625 0.5915 0.04228653018120102 0.05
1 1.210875 0.667 0.03415497767529647 0.05
1 0.8825 0.708 0.0417612260356422 0.05
1 0.554625 0.753 0.038052595180880895 0.05
1 0.5538125 0.6975 0.04058498028827906 0.05
1 1.29134375 0.7215 0.02902968577594322 0.05
1 1.1335 0.8385 0.04110960958218893 0.05
1 1.0095 0.948 0.04237924020083418 0.05
1 1.352 0.7435 0.041484937025383084 0.05
1 1.372 0.8145 0.031 0.05
3 0.417 0.4305 0.65 0.44500000000000006
3 1.067 0.4305 0.6499999999999999 0.44500000000000006
3 0.417 0.8755000000000001 0.65 0.44500000000000006
3 1.067 0.8755000000000001 0.6499999999999999 0.44500000000000006