0 0.183875 0.2985 0 0.07100000000000001
0 0.12000000000000001 0.328 0.1 0
0 0.586 0.2855 0 0.155
0 0.1055 0.368 0.07499999999999998 0
0 0.18325 0.4555 0 0.056999999999999995
0 0.1 0.488 0.068 0
0 0.106625 0.656 0 0.256
0 0.42675 0.507 0 0.062000000000000055
0 0.5064375 0.6135 0 0.14300000000000002
0 0.549875 0.5675 0 0.050999999999999934
0 0.703875 0.5735 0 0.06299999999999994
0 0.42575 0.6185 0 0.049000000000000044
0 0.467625 0.6445000000000001 0 0.07300000000000006
0 0.7035 0.608 0.14700000000000002 0
0 0.384875 0.658 0 0.052000000000000046
0 0.509 0.648 0.10400000000000004 0
0 0.669625 0.656 0 0.040000000000000036
0 0.768 0.648 0.052000000000000046 0
0 0.0885 0.688 0.045 0
0 0.462 0.688 0.16400000000000003 0
0 0.7965 0.688 0.05699999999999994 0
0 0.5215000000000001 0.728 0.04700000000000004 0
0 0.7525 0.728 0.20699999999999996 0
0 0.9764999999999999 0.728 0.04500000000000004 0
0 0.4145 0.768 0.07300000000000001 0
0 0.0975 0.888 0.063 0
0 0.4185 0.888 0.08700000000000002 0
0 0.1055 0.954 0 0.1499999999999999
0 0.228375 0.9555 0 0.15300000000000002
0 0.554 0.968 0.06799999999999995 0
0 0.107 1.008 0.08199999999999999 0
0 0.254 1.008 0.1 0
0 0.541 1.008 0.174 0
0 0.308 1.026 0 0.04400000000000004
0 0.106 0.33799999999999997 0 0.08000000000000002
0 0.146 0.2825 0 0.05099999999999999
0 0.226 0.292 0 0.168
0 0.426 0.40349999999999997 0 0.061
0 0.426 0.737 0 0.09800000000000009
0 0.466 0.742 0 0.050000000000000044
0 0.546 0.6595 0 0.05500000000000005
0 0.586 0.978 0 0.09999999999999998
0 0.626 0.6325000000000001 0 0.18099999999999994
0 0.706 0.717 0 0.040000000000000036
0 0.786 0.6865 0 0.08299999999999996
0 0.826 0.633 0 0.04200000000000004
0 0.826 0.7085 0 0.04899999999999993
0 0.986 0.587 0 0.04600000000000004
1 0.426375 0.4555 0.04200669589482134 0.05
1 0.5479375 0.6125 0.03919203522400948 0.05
1 0.4053125 0.6375 0.042329252592031436 0.05
1 0.6878125 0.6865 0.04200167407377949 0.05
1 0.126 0.3175 0.04123105625617661 0.05
1 0.806 0.67 0.041 0.05
3 0.29925 0.418 0.46649999999999997 0.42000000000000004
3 0.7657499999999999 0.418 0.4665 0.42000000000000004
3 0.29925 0.8380000000000001 0.46649999999999997 0.42000000000000004
3 0.7657499999999999 0.8380000000000001 0.4665 0.42000000000000004