0 0.511 0.155 0.336 0
0 0.22 0.452 0 0.134
0 0.65 0.6435 0 0.237
0 0.68 0.715 0 0.19599999999999995
0 0.2475 0.397 0.06899999999999998 0
0 0.2505 0.525 0.06899999999999998 0
0 0.251 0.701 0.06999999999999998 0
0 0.257 0.741 0.055999999999999966 0
0 0.249 0.797 0.07199999999999998 0
0 0.0435 0.829 0.056999999999999995 0
0 0.5660000000000001 0.829 0.051999999999999935 0
0 0.1855 0.837 0.05099999999999999 0
0 0.053 0.36 0 0.064
0 0.149 0.359 0 0.06
0 0.277 0.361 0 0.062
0 0.677 0.7444999999999999 0 0.08700000000000008
1 0.2225 0.817 0.04004996878900158 0.05
2 0.68 0.715 0.035 0.05
3 0.18125 0.3255 0.33249999999999996 0.34099999999999997
3 0.51375 0.3255 0.3325000000000001 0.34099999999999997
3 0.18125 0.6665 0.33249999999999996 0.34099999999999997
3 0.51375 0.6665 0.3325000000000001 0.34099999999999997