0 0.194 0.134 0 0.05600000000000001
0 0.39025 0.199 0 0.09
0 0.231875 0.1885 0 0.04299999999999998
0 0.19525 0.3245 0 0.04099999999999998
0 0.032 0.385 0 0.07400000000000001
0 0.20850000000000002 0.354 0.08299999999999999 0
0 0.3365 0.354 0.09500000000000003 0
0 0.11175 0.385 0 0.07400000000000001
0 0.151 0.3265 0 0.063
0 0.351 0.148 0 0.09200000000000001
0 0.351 0.3725 0 0.04300000000000004
0 0.431 0.302 0 0.09199999999999997
1 0.2129375 0.1645 0.03820360748672827 0.05
1 0.410625 0.25 0.042480142419723595 0.05
1 0.2695 0.354 0.039 0.05
1 0.131375 0.3585 0.040503857840951396 0.05
3 0.13175 0.182 0.1995 0.16000000000000003
3 0.33125 0.182 0.19949999999999998 0.16000000000000003
3 0.13175 0.34199999999999997 0.1995 0.15999999999999998
3 0.33125 0.34199999999999997 0.19949999999999998 0.15999999999999998