0 1.4435 1.41 0.1070000000000002 0
0 1.325 0.887 0 0.1499999999999999
0 1.485 1.4465 0 0.10899999999999999
0 1.555 0.8645 0 0.19899999999999995
0 1.905 0.8275 0 0.14300000000000002
0 2.005 1.1644999999999999 0 0.15900000000000003
0 1.209 0.957 0.266 0
0 1.5510000000000002 0.957 0.05400000000000005 0
0 1.209 0.981 0.266 0
0 1.5510000000000002 0.981 0.05400000000000005 0
0 1.9409999999999998 0.989 0.1359999999999999 0
0 1.216 0.997 0.1419999999999999 0
0 1.1219999999999999 1.389 0.10399999999999987 0
0 1.976 1.533 0.05799999999999983 0
0 1.6139999999999999 1.541 0.09000000000000008 0
0 1.975 1.557 0.05600000000000005 0
0 1.799 1.613 0.4039999999999999 0
0 1.069 1.3485 0 0.5150000000000001
0 1.093 1.2825 0 0.6470000000000001
0 1.101 1 0 0.08199999999999996
0 1.101 1.4209999999999998 0 0.05400000000000005
0 1.325 1.3304999999999998 0 0.15100000000000002
0 1.469 1.5525000000000002 0 0.10699999999999998
0 1.493 1.569 0 0.07400000000000007
0 1.621 1.5859999999999999 0 0.08200000000000007
0 1.645 1.5855000000000001 0 0.08299999999999996
0 1.669 1.6 0 0.05400000000000005
0 1.677 1.3130000000000002 0 0.1140000000000001
0 1.685 0.9984999999999999 0 0.07500000000000007
0 1.693 1.6 0 0.05400000000000005
0 1.701 1.158 0 0.062000000000000055
0 1.717 1.6 0 0.05400000000000005
0 1.741 1.6005 0 0.052999999999999936
0 1.765 1.601 0 0.052000000000000046
0 1.789 1.601 0 0.052000000000000046
0 1.813 1.5535 0 0.14700000000000002
0 1.829 1.5695000000000001 0 0.11499999999999999
0 1.837 1.6 0 0.05400000000000005
0 1.861 1.6 0 0.05400000000000005
0 1.885 1.601 0 0.05600000000000005
0 1.909 1.601 0 0.05600000000000005
0 1.925 0.877 0 0.238
0 1.933 1.601 0 0.05600000000000005
0 1.957 1.357 0 0.16400000000000015
0 1.957 1.5805 0 0.09699999999999998
0 1.965 0.9949999999999999 0 0.06399999999999995
0 1.981 1.263 0 0.3520000000000001
0 1.981 1.581 0 0.09600000000000009
0 1.989 0.9944999999999999 0 0.06300000000000006
0 2.005 1.58 0 0.09400000000000008
1 1.489 1.5165 0.032015621187164243 0.05
3 1.3039999999999998 0.97425 0.47 0.4364999999999999
3 1.774 0.97425 0.47 0.4364999999999999
3 1.3039999999999998 1.41075 0.47 0.4365000000000001
3 1.774 1.41075 0.47 0.4365000000000001