0 0.347 0.235 0.10200000000000004 0
0 0.47250000000000003 0.235 0.08700000000000002 0
0 0.888125 0.259 0 0.06199999999999997
0 0.9515 0.235 0.05699999999999994 0
0 1.1235 0.235 0.05499999999999994 0
0 0.195 0.275 0.13 0
0 0.4675 0.275 0.09700000000000003 0
0 0.9685 0.275 0.09099999999999997 0
0 1.1105 0.275 0.10899999999999999 0
0 0.4890625 0.48750000000000004 0 0.10500000000000004
0 0.88775 0.534 0 0.06999999999999995
0 1.0125 0.569 0 0.10799999999999998
0 1.2495 0.515 0.07699999999999996 0
0 0.956 0.555 0.041999999999999926 0
0 1.167375 0.5760000000000001 0 0.04999999999999993
0 0.446375 0.6174999999999999 0 0.05700000000000005
0 1.1105 0.595 0.351 0
0 0.3455 0.635 0.43499999999999994 0
0 1.04525 0.625 0 0.09600000000000009
0 0.1545 0.675 0.079 0
0 0.5465 0.675 0.09899999999999998 0
0 1.0655000000000001 0.675 0.049000000000000155 0
0 0.1335 0.715 0.047 0
0 0.376 0.715 0.10399999999999998 0
0 0.544 0.715 0.11399999999999999 0
0 0.7115 0.715 0.09899999999999998 0
0 0.4245 0.755 0.197 0
0 0.7065 0.755 0.07899999999999996 0
0 0.14500000000000002 0.795 0.04000000000000001 0
0 0.4625 0.795 0.18700000000000006 0
0 0.6065 0.813 0 0.05599999999999994
0 1.1695 0.795 0.04700000000000015 0
0 0.1485 0.835 0.046999999999999986 0
0 0.42600000000000005 0.835 0.20400000000000001 0
0 0.16849999999999998 0.875 0.087 0
0 0.3075 0.875 0.04300000000000004 0
0 0.463 0.875 0.16800000000000004 0
0 1.0915 0.875 0.04699999999999993 0
0 0.1305 0.915 0.065 0
0 0.458 0.915 0.17400000000000004 0
0 0.947 0.915 0.1479999999999999 0
0 0.2375 0.955 0.28500000000000003 0
0 0.5195000000000001 0.955 0.061000000000000054 0
0 0.122 0.995 0.07 0
0 0.246 1.0385 0 0.08700000000000008
0 0.32 0.995 0.04400000000000004 0
0 0.728 0.995 0.07600000000000007 0
0 0.9225 0.995 0.04499999999999993 0
0 0.1265 1.035 0.047 0
0 0.47450000000000003 1.035 0.056999999999999995 0
0 0.645625 1.03 0 0.04400000000000004
0 0.68575 1.054 0 0.1120000000000001
0 0.76675 1.0499999999999998 0 0.07400000000000007
0 0.808 1.0575 0 0.1050000000000002
0 0.9245 1.035 0.04899999999999993 0
0 1.0035 1.0725 0 0.07500000000000018
0 1.2865 1.0325 0 0.07900000000000007
0 0.11599999999999999 1.075 0.057999999999999996 0
0 0.9584999999999999 1.075 0.10099999999999987 0
0 1.192 1.075 0.17799999999999994 0
0 0.127 0.9460000000000001 0 0.32800000000000007
0 0.167 0.23650000000000002 0 0.08100000000000002
0 0.167 0.7165 0 0.15500000000000003
0 0.167 0.961 0 0.04600000000000004
0 0.207 0.23650000000000002 0 0.08100000000000002
0 0.207 0.9570000000000001 0 0.04399999999999993
0 0.247 0.23750000000000002 0 0.08500000000000002
0 0.287 0.2265 0 0.061
0 0.327 0.2285 0 0.067
0 0.327 0.8394999999999999 0 0.4149999999999999
0 0.367 0.233 0 0.07600000000000001
0 0.367 0.7085 0 0.15300000000000002
0 0.367 0.937 0 0.07399999999999995
0 0.407 0.2335 0 0.07700000000000001
0 0.407 0.8205 0 0.21700000000000008
0 0.447 0.877 0 0.33000000000000007
0 0.487 0.2325 0 0.07500000000000001
0 0.487 0.872 0 0.32000000000000006
0 0.527 0.69 0 0.09199999999999997
0 0.527 0.8795 0 0.08500000000000008
0 0.567 0.7145 0 0.14500000000000002
0 0.647 0.755 0 0.07200000000000006
0 0.687 0.7455 0 0.08700000000000008
0 0.727 0.6025 0 0.05700000000000005
0 0.927 0.24 0 0.08999999999999997
0 0.927 0.9485 0 0.07699999999999996
0 0.967 0.23600000000000002 0 0.08200000000000002
0 0.967 0.344 0 0.055999999999999994
0 0.967 0.5785 0 0.08899999999999997
0 0.967 1.08 0 0.06000000000000005
0 1.087 0.243 0 0.04000000000000001
0 1.127 0.247 0 0.05200000000000002
0 1.127 1.0815000000000001 0 0.05700000000000016
0 1.167 0.238 0 0.04000000000000001
0 1.167 0.8455 0 0.121
0 1.167 1.0275 0 0.16500000000000015
0 1.207 0.764 0 0.04400000000000004
0 1.207 1.0590000000000002 0 0.10200000000000009
0 1.247 0.421 0 0.36
1 0.4135 0.235 0.031 0.05
1 1.035 0.275 0.042 0.05
1 0.58675 0.7415 0.0395506005011302 0.05
1 0.407 0.855 0.04031128874149274 0.05
1 0.32 0.935 0.041 0.05
1 0.2265 1.0085 0.04215447781671598 0.05
1 0.147 0.8745 0.0417612260356422 0.05
1 0.967 0.2965 0.039 0.05
1 1.167 0.9255 0.039 0.05
1 1.187 0.824 0.04001249804748511 0.05
3 0.38725 0.42374999999999996 0.6005 0.45749999999999996
3 0.98775 0.42374999999999996 0.6005 0.45749999999999996
3 0.38725 0.8812500000000001 0.6005 0.45750000000000013
3 0.98775 0.8812500000000001 0.6005 0.45750000000000013