0 0.19 0.3855 0 0.29900000000000004
0 0.1520625 0.4245 0 0.137
0 0.8160000000000001 0.356 0.29399999999999993 0
0 0.07325 0.39249999999999996 0 0.056999999999999995
0 0.141 0.396 0.072 0
0 0.838 0.396 0.23399999999999999 0
0 0.1245 0.436 0.07500000000000001 0
0 0.6710703125 0.5940000000000001 0 0.404
0 0.13999999999999999 0.476 0.06399999999999999 0
0 0.228875 0.4935 0 0.04700000000000004
0 0.1015 0.556 0.06100000000000001 0
0 0.113375 0.7170000000000001 0 0.16200000000000003
0 0.31725 0.669 0 0.06599999999999995
0 0.1135 0.676 0.049000000000000016 0
0 0.403 0.676 0.07800000000000001 0
0 0.1195 0.716 0.059 0
0 0.20350000000000001 0.796 0.221 0
0 0.5525 0.796 0.15300000000000002 0
0 0.8155 0.796 0.30899999999999994 0
0 0.475 0.8135 0 0.04499999999999993
0 0.7105 0.88 0 0.16999999999999993
0 0.2515 0.876 0.05300000000000002 0
0 0.9490000000000001 0.876 0.039999999999999925 0
0 0.9490000000000001 0.916 0.039999999999999925 0
0 0.1645 0.996 0.187 0
0 0.367 0.996 0.064 0
0 0.19125 1.077 0 0.22000000000000008
0 0.3165 1.036 0.131 0
0 0.344 1.076 0.188 0
0 0.38249999999999995 1.116 0.061 0
0 0.16 1.156 0.178 0
0 0.9359999999999999 1.236 0.04999999999999993 0
0 0.15475 1.2965 0 0.040999999999999925
0 0.59375 1.3075 0 0.06299999999999994
0 0.072 1.306 0 0.06600000000000006
0 0.123 1.316 0.04999999999999999 0
0 0.2705 1.288 0 0.05600000000000005
0 0.4345 1.316 0.285 0
0 0.8999999999999999 1.316 0.13 0
0 0.111 0.386 0 0.05399999999999999
0 0.111 0.9904999999999999 0 0.04300000000000004
0 0.111 1.1405 0 0.09299999999999997
0 0.151 0.26049999999999995 0 0.04899999999999999
0 0.151 1.141 0 0.09200000000000008
0 0.191 0.8035 0 0.05899999999999994
0 0.231 0.631 0 0.04800000000000004
0 0.231 0.78 0 0.050000000000000044
0 0.231 0.9909999999999999 0 0.04399999999999993
0 0.231 1.1400000000000001 0 0.09400000000000008
0 0.271 0.8480000000000001 0 0.11599999999999999
0 0.311 1.0545 0 0.051000000000000156
0 0.351 1.0859999999999999 0 0.1060000000000001
0 0.391 1.0865 0 0.10699999999999998
0 0.391 1.3115 0 0.05499999999999994
0 0.431 1.0425 0 0.07900000000000018
0 0.671 0.26449999999999996 0 0.056999999999999995
0 0.671 0.34550000000000003 0 0.044999999999999984
0 0.671 1.314 0 0.050000000000000044
0 0.711 0.259 0 0.045999999999999985
0 0.791 1.3085 0 0.06099999999999994
0 0.831 0.372 0 0.040000000000000036
0 0.871 0.372 0 0.040000000000000036
0 0.911 0.372 0 0.040000000000000036
0 0.951 0.362 0 0.252
0 0.951 0.8674999999999999 0 0.21299999999999997
0 0.951 1.1949999999999998 0 0.28800000000000003
1 0.69078515625 0.7955 0.03944236626202409 0.05
1 0.2545 1.016 0.040607881008493905 0.05
1 0.251 0.7975 0.04272001872658766 0.05
1 0.671 0.308 0.03 0.05
3 0.29574999999999996 0.5117499999999999 0.44949999999999996 0.5515
3 0.74525 0.5117499999999999 0.4495 0.5515
3 0.29574999999999996 1.06325 0.44949999999999996 0.5515
3 0.74525 1.06325 0.4495 0.5515