0 0.107 0.118 0.13199999999999998 0
0 0.101 0.252 0 0.05000000000000002
0 0.14 0.215 0 0.064
0 0.086 0.278 0.082 0
0 0.1805625 0.3735 0 0.137
0 0.10750000000000001 0.398 0.11900000000000001 0
0 0.29700000000000004 0.438 0.04999999999999999 0
0 0.061 0.184 0 0.04799999999999999
0 0.061 0.32999999999999996 0 0.178
0 0.101 0.35450000000000004 0 0.067
0 0.141 0.11549999999999999 0 0.05499999999999999
0 0.141 0.362 0 0.16000000000000003
0 0.221 0.10900000000000001 0 0.05
1 0.1205 0.23 0.043829214001622256 0.05
1 0.101 0.299 0.044 0.05
1 0.1405 0.1675 0.04001249804748511 0.05
3 0.11125 0.17350000000000002 0.14049999999999999 0.179
3 0.25175000000000003 0.17350000000000002 0.1405 0.179
3 0.11125 0.35250000000000004 0.14049999999999999 0.179
3 0.25175000000000003 0.35250000000000004 0.1405 0.179