0 0.318125 0.2175 0 0.16499999999999998
0 0.0925 0.175 0.10699999999999998 0
0 0.26249999999999996 0.175 0.173 0
0 0.266 0.215 0.18999999999999997 0
0 0.1575 0.2655 0 0.06499999999999997
0 0.282 0.255 0.152 0
0 0.23550000000000001 0.295 0.191 0
0 0.23225 0.3375 0 0.405
0 0.3145 0.495 0.04500000000000004 0
0 0.246 0.535 0.06600000000000003 0
0 0.282 0.5489999999999999 0 0.051999999999999935
0 0.28300000000000003 0.695 0.05199999999999999 0
0 0.077 0.1655 0 0.061
0 0.117 0.165 0 0.06
0 0.197 0.1765 0 0.08299999999999999
0 0.277 0.22349999999999998 0 0.12699999999999997
0 0.317 0.517 0 0.062000000000000055
0 0.357 0.2215 0 0.08500000000000002
1 0.161 0.175 0.03 0.05
1 0.275 0.515 0.042059481689626185 0.05
3 0.11950000000000001 0.275 0.161 0.27999999999999997
3 0.28049999999999997 0.275 0.16099999999999998 0.27999999999999997
3 0.11950000000000001 0.5549999999999999 0.161 0.27999999999999997
3 0.28049999999999997 0.5549999999999999 0.16099999999999998 0.27999999999999997