0 0.471375 0.262 0 0.04999999999999999
0 0.19975 0.3365 0 0.059
0 0.197125 0.4525 0 0.05099999999999999
0 0.0385 0.4385 0 0.05700000000000005
0 0.357 0.494 0 0.05399999999999999
0 0.1145 0.505 0 0.06400000000000006
0 0.150375 0.5840000000000001 0 0.051999999999999935
0 0.433 0.3355 0 0.07300000000000001
1 0.4521875 0.293 0.040207469766201404 0.05
1 0.1324375 0.5475 0.04156940732076896 0.05
3 0.14671874999999998 0.33025 0.21643749999999998 0.1865
3 0.36315624999999996 0.33025 0.2164375 0.1865
3 0.14671874999999998 0.51675 0.21643749999999998 0.1865
3 0.36315624999999996 0.51675 0.2164375 0.1865