0 0.538 0.23 0.21800000000000003 0
0 0.455 0.9630000000000001 0 0.118
0 0.078 0.261 0.057999999999999996 0
0 0.42 0.893 0.14200000000000002 0
0 0.4455 0.901 0.09099999999999997 0
0 0.44499999999999995 0.965 0.07 0
0 0.4445 1.005 0.069 0
0 0.293 0.97 0 0.15600000000000003
0 0.445 0.6579999999999999 0 0.06399999999999995
0 0.469 0.9875 0 0.11899999999999988
0 0.477 0.9915 0 0.061000000000000054
0 0.549 0.659 0 0.06799999999999995
3 0.19849999999999998 0.4345 0.299 0.40900000000000003
3 0.4975 0.4345 0.29900000000000004 0.40900000000000003
3 0.19849999999999998 0.8435 0.299 0.40900000000000003
3 0.4975 0.8435 0.29900000000000004 0.40900000000000003