0 0.989 0.5 0.28 0
0 0.732 0.515 0.364 0
0 0.39049999999999996 0.317 0.059 0
0 0.606 0.325 0.18399999999999994 0
0 0.7745 0.381 0.17300000000000004 0
0 1.3935 0.501 0.05899999999999994 0
0 1.393 0.525 0.06000000000000005 0
0 1.392 0.549 0.062000000000000055 0
0 0.685 0.357 0 0.07
0 0.853 0.35750000000000004 0 0.07100000000000001
0 1.141 0.6930000000000001 0 0.388
0 1.165 0.6930000000000001 0 0.388
0 1.181 0.6795 0 0.361
0 1.365 0.525 0 0.052000000000000046
0 1.389 0.29200000000000004 0 0.518
3 0.6265000000000001 0.2465 0.531 0.42700000000000005
3 1.1575 0.2465 0.531 0.42700000000000005
3 0.6265000000000001 0.6735 0.531 0.427
3 1.1575 0.6735 0.531 0.427