0 1.486 0.215 0.16800000000000015 0
0 0.436 0.36 0.12 0
0 0.182 0.845 0.15000000000000002 0
0 1.241 0.855 0.1060000000000001 0
0 0.321 0.865 0.11599999999999999 0
0 0.7589999999999999 0.865 0.134 0
0 0.1685 0.895 0.12300000000000001 0
0 1.174 1 0.64 0
0 0.145 0.6759999999999999 0 0.128
0 0.145 0.9205 0 0.14700000000000002
0 0.395 0.8785000000000001 0 0.251
0 0.71 0.9565 0 0.139
0 0.755 0.314 0 0.17
0 0.805 0.295 0 0.12599999999999997
0 1.7 0.2915 0 0.11899999999999997
0 0.598 0.197 0.43399999999999994 0
0 1.053 0.197 0.16000000000000003 0
0 1.655 0.197 0.16400000000000015 0
0 1.053 0.221 0.16000000000000003 0
0 1.0899999999999999 0.397 0.13000000000000012 0
0 1.0899999999999999 0.421 0.13000000000000012 0
0 1.054 0.453 0.06000000000000005 0
0 0.41800000000000004 0.533 0.08000000000000002 0
0 0.7244999999999999 0.533 0.261 0
0 1.0895000000000001 0.533 0.131 0
0 0.206 0.629 0.188 0
0 0.452 0.629 0.17400000000000004 0
0 0.617 0.677 0.19199999999999995 0
0 1.1164999999999998 0.677 0.5549999999999999 0
0 1.6105 0.677 0.2410000000000001 0
0 0.188 0.893 0.07400000000000001 0
0 0.293 0.997 0.368 0
0 0.6765 0.997 0.08899999999999997 0
0 0.881 0.997 0.128 0
0 1.1625 0.997 0.11499999999999999 0
0 1.375 0.997 0.1299999999999999 0
0 1.6675 0.997 0.121 0
0 0.2925 1.021 0.369 0
0 0.6765 1.021 0.08899999999999997 0
0 0.8825 1.021 0.129 0
0 1.1625 1.021 0.119 0
0 1.375 1.021 0.1299999999999999 0
0 1.6665 1.021 0.121 0
0 0.109 0.786 0 0.6440000000000001
0 0.157 0.17149999999999999 0 0.153
0 0.365 0.7965 0 0.05499999999999994
0 0.381 0.379 0 0.38199999999999995
0 0.405 0.28500000000000003 0 0.10000000000000003
0 0.405 0.488 0 0.057999999999999996
0 0.509 0.4525 0 0.19100000000000006
0 0.525 0.6639999999999999 0 0.05999999999999994
0 0.693 0.669 0 0.06999999999999995
0 0.717 0.667 0 0.06599999999999995
0 0.837 0.9105000000000001 0 0.247
0 0.845 0.7225 0 0.08699999999999997
0 1.021 0.4685 0 0.139
0 1.045 0.457 0 0.12
0 1.189 0.9005000000000001 0 0.263
0 1.317 0.77 0 0.18199999999999994
0 1.317 0.9775 0 0.10899999999999999
0 1.693 0.7525 0 0.5630000000000001
1 0.243 0.88 0.04459820624195552 0.05
2 0.182 0.845 0.035 0.05
2 0.755 0.314 0.035 0.05
3 0.5145000000000001 0.34825 0.8150000000000001 0.5065000000000001
3 1.3295000000000001 0.34825 0.8150000000000001 0.5065000000000001
3 0.5145000000000001 0.8547500000000001 0.8150000000000001 0.5065000000000001
3 1.3295000000000001 0.8547500000000001 0.8150000000000001 0.5065000000000001