0 1.1695 0.297 0 0.12
0 1.01075 0.314 0 0.10399999999999998
0 0.251 0.34750000000000003 0 0.061
0 0.9605 0.317 0.07099999999999995 0
0 0.532875 0.35650000000000004 0 0.04099999999999998
0 0.5705 0.5095000000000001 0 0.34700000000000003
0 0.928125 0.34099999999999997 0 0.04999999999999999
0 1.0485 0.378 0 0.07999999999999996
0 0.44975 0.41100000000000003 0 0.08800000000000002
0 1.132875 0.442 0 0.050000000000000044
0 1.20925 0.5385 0 0.16299999999999998
0 0.2155 0.517 0.04099999999999998 0
0 1.0905 0.5865 0 0.121
0 0.24975 0.6735 0 0.10299999999999998
0 0.291 0.6735 0 0.10299999999999998
0 0.219 0.677 0.043999999999999984 0
0 0.368875 0.7125 0 0.07099999999999995
0 0.9079999999999999 0.677 0.09199999999999997 0
0 0.9716875 0.7230000000000001 0 0.09199999999999997
0 0.327875 0.7030000000000001 0 0.04399999999999993
0 1.176 0.717 0.358 0
0 0.34750000000000003 0.757 0.059 0
0 1.1059999999999999 0.757 0.19599999999999995 0
0 0.20999945068359374 0.9715 0 0.473
0 0.332 0.783 0 0.052000000000000046
0 0.8595 0.797 0.11099999999999999 0
0 1.0995 0.797 0.09899999999999998 0
0 1.207 0.797 0.04400000000000004 0
0 1.33 0.797 0.050000000000000044 0
0 0.8965000000000001 0.837 0.18499999999999994 0
0 1.0995 0.837 0.09899999999999998 0
0 1.32675 0.8160000000000001 0 0.041999999999999926
0 0.45375 0.8875 0 0.04700000000000004
0 1.0105625 0.913 0 0.07199999999999995
0 1.1179999999999999 0.877 0.1359999999999999 0
0 0.8734999999999999 0.917 0.06300000000000006 0
0 1.1219999999999999 0.917 0.19199999999999995 0
0 0.65 0.957 0.07200000000000006 0
0 1.082 0.957 0.06800000000000006 0
0 0.77075 1.063 0 0.132
0 1.254 1.025 0 0.05599999999999994
0 0.7464999999999999 1.037 0.041000000000000036 0
0 0.876 1.037 0.04200000000000004 0
0 1.048 0.8475 0 0.6950000000000001
0 0.7298125 1.123 0 0.17600000000000016
0 0.388 1.117 0.04199999999999998 0
0 0.8909375 1.1640000000000001 0 0.09400000000000008
0 0.290375 1.1825 0 0.050999999999999934
0 0.4485 1.25 0 0.18599999999999994
0 0.61225 1.1800000000000002 0 0.04600000000000004
0 0.648375 1.182 0 0.050000000000000044
0 0.77075 1.1840000000000002 0 0.05400000000000005
0 0.851375 1.1840000000000002 0 0.05400000000000005
0 1.12675 1.1795 0 0.04499999999999993
0 1.1735 1.1835 0 0.052999999999999936
0 1.33075 1.1635 0 0.05699999999999994
0 0.44699999999999995 1.197 0.06 0
0 0.562 1.197 0.07199999999999995 0
0 0.8175 1.197 0.20100000000000007 0
0 1.013125 1.1829999999999998 0 0.050000000000000044
0 1.2469999999999999 1.197 0.13800000000000012 0
0 0.572375 1.233 0 0.04799999999999982
0 0.6895 1.2735 0 0.07299999999999995
0 0.5700000000000001 1.317 0.32999999999999996 0
0 0.21 0.524 0 0.37599999999999995
0 0.37 0.35350000000000004 0 0.04299999999999998
0 0.41 0.34450000000000003 0 0.056999999999999995
0 0.41 0.5345 0 0.05300000000000005
0 0.41 0.706 0 0.04599999999999993
0 0.41 0.843 0 0.04600000000000004
0 0.49 0.35650000000000004 0 0.04099999999999998
0 0.53 1.1975 0 0.05699999999999994
0 0.69 0.345 0 0.05399999999999999
0 0.81 0.33899999999999997 0 0.04199999999999998
0 0.81 0.5715 0 0.050999999999999934
0 0.81 0.8015 0 0.07099999999999995
0 0.81 1.1945000000000001 0 0.06500000000000017
0 0.85 0.8015 0 0.07099999999999995
0 0.97 0.34299999999999997 0 0.045999999999999985
0 1.01 0.7155 0 0.11099999999999999
0 1.09 0.8314999999999999 0 0.251
0 1.09 1.1885 0 0.04299999999999993
0 1.13 0.851 0 0.27
0 1.17 0.905 0 0.17200000000000004
0 1.21 0.757 0 0.08200000000000007
0 1.21 1.1920000000000002 0 0.04200000000000004
0 1.25 0.3425 0 0.05299999999999999
0 1.25 0.8505 0 0.049000000000000044
0 1.25 1.2000000000000002 0 0.05800000000000005
0 1.29 1.1920000000000002 0 0.04200000000000004
1 0.429875 0.3855 0.04020027984977219 0.05
1 0.22987472534179687 0.73 0.04098909819642346 0.05
1 0.3504375 0.7525 0.037957418576610294 0.05
1 1.1945 0.777 0.04428317965096906 0.05
1 0.431875 0.8655 0.04379569042725551 0.05
1 0.77075 1.143 0.028 0.05
1 0.5923125 1.206 0.04032388405151468 0.05
3 0.485 0.5135000000000001 0.5800000000000001 0.553
3 1.065 0.5135000000000001 0.58 0.553
3 0.485 1.0665 0.5800000000000001 0.5529999999999999
3 1.065 1.0665 0.58 0.5529999999999999