0 0.9775 0.284 1.7109999999999999 0
0 0.9775 0.324 1.7109999999999999 0
0 0.9775 0.364 1.7109999999999999 0
0 0.9775 0.404 1.7109999999999999 0
0 0.9775 0.444 1.7109999999999999 0
0 0.9775 0.484 1.7109999999999999 0
0 0.9775 0.524 1.7109999999999999 0
0 0.9775 0.564 1.7109999999999999 0
0 0.9775 0.604 1.7109999999999999 0
0 0.9775 0.644 1.7109999999999999 0
0 0.9775 0.684 1.7109999999999999 0
0 0.9775 0.724 1.7109999999999999 0
0 0.9615 0.764 1.6789999999999998 0
0 0.9775 0.804 1.7109999999999999 0
0 0.9775 0.844 1.7109999999999999 0
0 0.1785 0.884 0.11299999999999999 0
0 0.7695000000000001 0.884 0.989 0
0 1.5645 0.884 0.5369999999999999 0
0 0.9584999999999999 0.924 1.673 0
0 0.9775 0.964 1.7109999999999999 0
0 0.9775 1.004 1.7109999999999999 0
0 0.9775 1.044 1.7109999999999999 0
0 0.9775 1.084 1.7109999999999999 0
0 0.9775 1.124 1.7109999999999999 0
0 0.966 1.164 1.6880000000000002 0
0 0.9590000000000001 1.204 1.674 0
0 0.9575 1.244 1.6709999999999998 0
0 0.9775 1.284 1.7109999999999999 0
0 0.9775 1.324 1.7109999999999999 0
0 0.9775 1.364 1.7109999999999999 0
0 0.122 0.816 0 1.144
0 0.162 0.816 0 1.144
0 0.202 0.7015 0 0.915
0 0.202 1.301 0 0.17399999999999993
0 0.242 0.816 0 1.144
0 0.282 0.816 0 1.144
0 0.322 0.816 0 1.144
0 0.362 0.816 0 1.144
0 0.402 0.816 0 1.144
0 0.442 0.816 0 1.144
0 0.482 0.816 0 1.144
0 0.522 0.816 0 1.144
0 0.562 0.816 0 1.144
0 0.602 0.816 0 1.144
0 0.642 0.816 0 1.144
0 0.682 0.816 0 1.144
0 0.722 0.816 0 1.144
0 0.762 0.816 0 1.144
0 0.802 0.816 0 1.144
0 0.842 0.816 0 1.144
0 0.882 0.816 0 1.144
0 0.922 0.816 0 1.144
0 0.962 0.816 0 1.144
0 1.002 0.816 0 1.144
0 1.042 0.816 0 1.144
0 1.082 0.816 0 1.144
0 1.122 0.816 0 1.144
0 1.162 0.816 0 1.144
0 1.202 0.816 0 1.144
0 1.242 0.816 0 1.144
0 1.282 0.816 0 1.144
0 1.322 0.816 0 1.144
0 1.362 0.816 0 1.144
0 1.402 0.816 0 1.144
0 1.442 0.816 0 1.144
0 1.482 0.816 0 1.144
0 1.522 0.816 0 1.144
0 1.562 0.816 0 1.144
0 1.602 0.816 0 1.144
0 1.642 0.816 0 1.144
0 1.682 0.816 0 1.144
0 1.722 0.816 0 1.144
0 1.762 0.816 0 1.144
0 1.802 0.816 0 1.144
1 0.255 0.884 0.04 0.05
1 1.28 0.884 0.032 0.05
3 0.54975 0.53 0.8555 0.572
3 1.40525 0.53 0.8554999999999999 0.572
3 0.54975 1.1019999999999999 0.8555 0.572
3 1.40525 1.1019999999999999 0.8554999999999999 0.572