0 0.324 0.2265 0 0.07700000000000001
0 0.433 0.308 0.17200000000000004 0
0 0.72325 0.34950000000000003 0 0.08300000000000002
0 0.84325 0.6885 0 0.7609999999999999
0 0.97025 0.41200000000000003 0 0.20800000000000002
0 1.009875 0.3735 0 0.131
0 1.093 0.351 0 0.08600000000000002
0 1.1815 0.308 0.04700000000000015 0
0 1.2445 0.34950000000000003 0 0.08300000000000002
0 0.794 0.348 0.992 0
0 0.3395 0.388 0.063 0
0 0.99 0.388 0.6000000000000001 0
0 0.3365 0.428 0.063 0
0 0.3335 0.468 0.063 0
0 0.3335 0.508 0.063 0
0 0.7965 0.508 0.09099999999999997 0
0 0.3335 0.548 0.063 0
0 0.3335 0.588 0.063 0
0 0.33199999999999996 0.628 0.06 0
0 0.6299999999999999 0.628 0.13 0
0 0.7875 0.628 0.11099999999999999 0
0 0.3335 0.668 0.063 0
0 0.6365000000000001 0.668 0.07300000000000006 0
0 0.7364999999999999 0.668 0.041000000000000036 0
0 0.9695 0.7150000000000001 0 0.128
0 0.33499999999999996 0.708 0.06 0
0 0.6379999999999999 0.708 0.134 0
0 0.3335 0.748 0.056999999999999995 0
0 1.054 0.748 0.4720000000000001 0
0 0.3315 0.788 0.05299999999999999 0
0 0.9235 0.788 0.19099999999999995 0
0 1.1055 0.788 0.040999999999999925 0
0 1.2275 0.788 0.125 0
0 0.32999999999999996 0.828 0.055999999999999994 0
0 0.8565 0.828 0.05700000000000005 0
0 0.356 0.868 0.10799999999999998 0
0 0.5675 0.868 0.23700000000000004 0
0 0.76575 0.8965000000000001 0 0.07300000000000006
0 0.8565 0.868 0.05700000000000005 0
0 0.32799999999999996 0.908 0.06 0
0 0.5175000000000001 0.908 0.07300000000000006 0
0 0.887 0.908 0.118 0
0 1.0325 0.908 0.06300000000000017 0
0 0.3285 0.948 0.05299999999999999 0
0 0.529125 0.9205 0 0.10899999999999999
0 0.653 0.948 0.04800000000000004 0
0 0.835 0.948 0.09199999999999997 0
0 0.969 0.9884999999999999 0 0.08099999999999996
0 0.33199999999999996 0.988 0.06 0
0 0.44899999999999995 0.988 0.08200000000000002 0
0 0.642 0.988 0.06400000000000006 0
0 0.909 0.988 0.22599999999999998 0
0 0.33499999999999996 1.028 0.06 0
0 0.8385 1.028 0.08499999999999996 0
0 0.3365 1.068 0.063 0
0 0.433 1.068 0.050000000000000044 0
0 0.8385 1.068 0.08499999999999996 0
0 0.326 0.69 0 0.758
0 0.366 0.378 0 0.14
0 0.406 0.3365 0 0.056999999999999995
0 0.446 0.3365 0 0.056999999999999995
0 0.446 0.5415 0 0.04899999999999993
0 0.446 1.045 0 0.04800000000000004
0 0.486 0.33799999999999997 0 0.06
0 0.486 0.9045 0 0.07699999999999996
0 0.526 0.34099999999999997 0 0.06
0 0.566 0.3425 0 0.063
0 0.566 0.901 0 0.07000000000000006
0 0.606 0.34750000000000003 0 0.067
0 0.606 0.694 0 0.136
0 0.606 0.9335 0 0.127
0 0.646 0.35050000000000003 0 0.07300000000000001
0 0.646 0.6685 0 0.08499999999999996
0 0.646 0.967 0 0.07999999999999985
0 0.686 0.349 0 0.07600000000000001
0 0.686 0.7404999999999999 0 0.249
0 0.686 1.0175 0 0.10299999999999998
0 0.766 0.4185 0 0.20900000000000002
0 0.766 0.619 0 0.11399999999999999
0 0.806 0.381 0 0.134
0 0.806 1.0065 0 0.125
0 0.886 0.357 0 0.09200000000000003
0 0.886 0.768 0 0.08000000000000007
0 0.926 0.35850000000000004 0 0.08900000000000002
0 0.926 0.673 0 0.04399999999999993
0 0.926 0.76 0 0.07000000000000006
0 0.926 0.908 0 0.04400000000000004
0 1.006 0.8955 0 0.347
0 1.046 0.35550000000000004 0 0.08900000000000002
0 1.046 0.7535000000000001 0 0.06300000000000006
0 1.046 0.9575 0 0.10499999999999998
0 1.086 0.755 0 0.06600000000000006
0 1.126 0.35550000000000004 0 0.08900000000000002
0 1.126 0.755 0 0.06600000000000006
0 1.166 0.354 0 0.08600000000000002
0 1.166 0.755 0 0.06600000000000006
0 1.206 0.354 0 0.08600000000000002
0 1.206 0.7565 0 0.06300000000000006
0 1.246 0.76 0 0.06400000000000006
0 1.286 0.349 0 0.07600000000000001
0 1.286 0.765 0 0.06600000000000006
1 0.7135 0.628 0.037 0.05
1 1.1455 0.788 0.039 0.05
1 0.4295 0.868 0.039 0.05
1 0.785875 0.9385 0.04172604102955371 0.05
1 0.388 1.068 0.04 0.05
1 0.766 0.5425 0.039 0.05
1 0.926 0.71 0.03 0.05
3 0.546 0.40825 0.49600000000000005 0.44049999999999995
3 1.042 0.40825 0.496 0.44049999999999995
3 0.546 0.8487499999999999 0.49600000000000005 0.4405
3 1.042 0.8487499999999999 0.496 0.4405