0 0.477 0.412 0.062 0
0 0.6990000000000001 0.412 0.2839999999999999 0
0 2.41375 0.48650000000000004 0 0.07900000000000001
0 2.487 0.492 0.15200000000000014 0
0 0.46799999999999997 0.572 0.043999999999999984 0
0 1.38175 0.6719999999999999 0 0.039999999999999925
0 0.574 0.7635000000000001 0 0.08700000000000008
0 1.0190000000000001 0.852 0.04600000000000004 0
0 2.1665 0.892 0.10099999999999998 0
0 2.254875 0.9575 0 0.20699999999999996
0 2.364 0.892 0.06800000000000006 0
0 2.3605 0.932 0.05900000000000016 0
0 2.2584999999999997 0.972 0.2829999999999999 0
0 0.7424999999999999 1.012 0.585 0
0 1.09425 1.092 0 0.18399999999999994
0 1.228 1.012 0.10599999999999987 0
0 2.0604999999999998 1.012 1.1409999999999998 0
0 1.61575 1.0314999999999999 0 0.04100000000000015
0 2.54075 1.032 0 0.040000000000000036
0 1.8145 1.107 0 0.04800000000000004
0 1.89575 1.0684999999999998 0 0.11499999999999999
0 1.633 1.132 0.2759999999999998 0
0 1.9475 1.132 0.04300000000000015 0
0 2.049 1.132 0.04800000000000004 0
0 0.49050000000000005 1.172 0.08100000000000002 0
0 0.9455 1.172 0.04899999999999993 0
0 2.2085 1.172 0.3810000000000002 0
0 1.998 1.212 0.10199999999999987 0
0 2.0495 1.252 0.06700000000000017 0
0 1.2985 1.3245 0 0.06499999999999995
0 2.38 1.292 0.06000000000000005 0
0 0.962 1.332 0.16999999999999993 0
0 2.2145 1.332 0.3450000000000002 0
0 0.975125 1.4165 0 0.17100000000000004
0 2.0765000000000002 1.372 0.0690000000000004 0
0 1.0935 1.468 0 0.1120000000000001
0 1.415 1.464 0 0.1160000000000001
0 1.463 1.452 0.09999999999999987 0
0 2.116 1.452 0.14400000000000013 0
0 0.77475 1.4889999999999999 0 0.05800000000000005
0 2.375375 1.5655000000000001 0 0.18700000000000006
0 2.4515000000000002 1.532 0.06300000000000017 0
0 1.3766875 1.619 0 0.09399999999999986
0 2.0735 1.572 0.05900000000000016 0
0 2.573 1.592 0 0.040000000000000036
0 0.816125 1.6415000000000002 0 0.05899999999999994
0 0.932375 1.6415000000000002 0 0.05899999999999994
0 1.09225 1.6365 0 0.04899999999999993
0 1.3485 1.612 0.06499999999999995 0
0 1.418 1.639 0 0.053999999999999826
0 1.8585 1.6395 0 0.05499999999999994
0 0.6425000000000001 1.652 0.07100000000000006 0
0 0.897 1.652 0.05400000000000005 0
0 1.276 1.652 0.053999999999999826 0
0 1.7045 1.652 0.05700000000000016 0
0 1.9939999999999998 1.652 0.05599999999999983 0
0 2.4035 1.652 0.05500000000000016 0
0 2.5785 1.652 0.10499999999999998 0
0 0.455 1.0525 0 1.2349999999999999
0 0.495 1.6475 0 0.04899999999999993
0 0.615 1.649 0 0.04999999999999982
0 0.655 1.6484999999999999 0 0.04699999999999993
0 0.695 1.649 0 0.04800000000000004
0 0.735 0.42700000000000005 0 0.04199999999999998
0 0.735 1.6475 0 0.04499999999999993
0 0.775 1.6475 0 0.04699999999999993
0 0.855 1.6435 0 0.04499999999999993
0 0.895 1.0234999999999999 0 0.06699999999999995
0 0.895 1.6455000000000002 0 0.04699999999999993
0 0.975 1.1844999999999999 0 0.04500000000000015
0 0.975 1.645 0 0.04400000000000004
0 1.055 0.7230000000000001 0 0.16400000000000003
0 1.215 0.9855 0 0.05300000000000005
0 1.335 0.7795000000000001 0 0.05300000000000005
0 1.335 1.6235 0 0.08099999999999996
0 1.495 1.0715 0 0.121
0 1.495 1.6440000000000001 0 0.04799999999999982
0 1.575 1.643 0 0.04800000000000004
0 1.615 1.706 0 0.16999999999999993
0 1.735 1.6415000000000002 0 0.04299999999999993
0 1.815 1.6435 0 0.04699999999999993
0 1.895 1.641 0 0.04400000000000004
0 2.015 1.2105 0 0.09699999999999998
0 2.015 1.6415000000000002 0 0.04299999999999993
0 2.055 1.2315 0 0.43900000000000006
0 2.055 1.6 0 0.04800000000000004
0 2.095 1.0385 0 0.05500000000000016
0 2.135 1.6445 0 0.04899999999999993
0 2.175 0.886 0 0.05600000000000005
0 2.175 1.6425 0 0.04699999999999993
0 2.215 0.4335 0 0.123
0 2.215 0.964 0 0.11799999999999988
0 2.295 0.9949999999999999 0 0.051999999999999935
0 2.335 0.9199999999999999 0 0.122
0 2.335 1.4089999999999998 0 0.050000000000000044
0 2.375 1.187 0 0.05600000000000005
0 2.375 1.3845 0 0.125
0 2.455 1.6415 0 0.04499999999999993
0 2.495 1.641 0 0.04400000000000004
0 2.575 0.481 0 0.04799999999999999
1 2.3751875 1.4905 0.02500281234181467 0.05
1 1.315 1.632 0.042059481689626185 0.05
1 2.035 1.6195 0.04019950248448356 0.05
1 2.195 0.9095 0.041 0.05
1 2.315 0.94 0.0417612260356422 0.05
3 0.99225 0.72675 1.0925 0.7094999999999999
3 2.0847499999999997 0.72675 1.0924999999999998 0.7094999999999999
3 0.99225 1.4362499999999998 1.0925 0.7095
3 2.0847499999999997 1.4362499999999998 1.0924999999999998 0.7095