0 0.897 0.7 0.134 0
0 1.7025 1.15 0.11699999999999999 0
0 1.7894999999999999 1.205 0.17299999999999982 0
0 1.049 1.945 0.20999999999999996 0
0 0.605 1.0594999999999999 0 0.22899999999999998
0 0.975 0.6785 0 0.10099999999999998
0 1.52 1.8235 0 0.11299999999999999
0 1.785 1.149 0 0.1379999999999999
0 1.91 1.155 0 0.13600000000000012
0 1.2405 0.437 0.08099999999999996 0
0 1.4655 0.437 0.367 0
0 1.397 0.445 0.06599999999999984 0
0 1.8955000000000002 0.453 0.08299999999999996 0
0 1.509 0.461 0.062000000000000055 0
0 1.058 0.477 0.1280000000000001 0
0 1.2175 0.485 0.051000000000000156 0
0 1.449 0.485 0.1499999999999999 0
0 0.10850000000000001 0.789 0.053000000000000005 0
0 0.11249999999999999 0.869 0.05899999999999998 0
0 0.11349999999999999 0.893 0.060999999999999985 0
0 0.1175 0.925 0.05299999999999999 0
0 1.079 0.941 0.09600000000000009 0
0 1.424 0.949 0.062000000000000055 0
0 1.9055 0.949 0.09099999999999997 0
0 1.654 1.141 0.1260000000000001 0
0 0.6265000000000001 1.349 0.06300000000000006 0
0 0.7230000000000001 1.349 0.09999999999999998 0
0 0.758 1.381 0.10000000000000009 0
0 0.996 1.381 0.052000000000000046 0
0 1.637 1.445 0.05799999999999983 0
0 1.6945000000000001 1.445 0.05300000000000016 0
0 1.9125 1.469 0.10899999999999999 0
0 1.155 1.573 0.10599999999999987 0
0 1.2305000000000001 1.861 0.05899999999999994 0
0 1.191 1.869 0.06400000000000006 0
0 1.04 1.957 0.17199999999999993 0
0 0.9475 1.965 0.11699999999999999 0
0 1.048 1.965 0.08000000000000007 0
0 0.10999999999999999 2.005 0.061999999999999986 0
0 0.10900000000000001 2.069 0.05800000000000001 0
0 0.11149999999999999 2.109 0.05899999999999998 0
0 0.11099999999999999 2.133 0.059999999999999984 0
0 1.208 2.149 0.052000000000000046 0
0 0.581 2.065 0 0.05400000000000027
0 0.589 1.436 0 0.06000000000000005
0 0.605 1.889 0 0.05799999999999983
0 0.605 2.0620000000000003 0 0.10199999999999987
0 0.653 1.3985 0 0.06099999999999994
0 0.661 2.113 0 0.09999999999999964
0 0.869 2.152 0 0.1299999999999999
0 0.877 2.1865 0 0.06099999999999994
0 0.885 2.1265 0 0.09100000000000019
0 0.981 1.013 0 0.06799999999999995
0 0.997 1.0045 0 0.051000000000000045
0 1.021 0.6585 0 0.08299999999999996
0 1.133 1.907 0 0.08599999999999985
0 1.253 1.609 0 0.053999999999999826
0 1.261 1.9365 0 0.11099999999999999
0 1.261 2.066 0 0.06600000000000028
0 1.301 2.1719999999999997 0 0.052000000000000046
0 1.437 2.1535 0 0.06499999999999995
0 1.477 1.4914999999999998 0 0.050999999999999934
0 1.573 0.762 0 0.05800000000000005
0 1.573 0.8605 0 0.09500000000000008
0 1.581 1.1535 0 0.05500000000000016
0 1.581 2.0275 0 0.052999999999999936
0 1.589 0.5680000000000001 0 0.05399999999999994
0 1.597 1.897 0 0.052000000000000046
0 1.605 1.358 0 0.07400000000000007
0 1.685 2.1635 0 0.08899999999999997
0 1.749 1.1695 0 0.06300000000000017
0 1.837 1.451 0 0.052000000000000046
0 1.837 1.5385 0 0.07500000000000018
0 1.853 1.0859999999999999 0 0.264
0 1.853 1.2765 0 0.08699999999999997
1 1.261 2.0125 0.041 0.05
2 1.7895 1.205 0.035 0.05
2 1.049 1.945 0.035 0.05
2 0.605 1.0595 0.035 0.05
3 0.5509999999999999 0.882 0.944 0.8899999999999999
3 1.495 0.882 0.9440000000000002 0.8899999999999999
3 0.5509999999999999 1.772 0.944 0.8900000000000001
3 1.495 1.772 0.9440000000000002 0.8900000000000001