0 0.0985 0.17 0.069 0
0 0.6795 0.17 0.569 0
0 0.944 0.25 0.039999999999999925 0
0 0.4325 0.33 0.07299999999999995 0
0 0.46425 0.42200000000000004 0 0.08400000000000002
0 0.7036875 0.438 0 0.138
0 0.5670000000000001 0.61 0.22000000000000003 0
0 0.38725 0.6815 0 0.06299999999999994
0 0.463875 0.632 0 0.05400000000000005
0 0.62175 0.6455 0 0.08100000000000007
0 0.704 0.65 0.07799999999999996 0
0 0.643 0.69 0.134 0
0 0.3015 0.73 0.056999999999999995 0
0 0.756 0.73 0.272 0
0 0.104 0.155 0 0.04999999999999999
0 0.424 0.1625 0 0.065
0 0.464 0.2535 0 0.20099999999999998
0 0.544 0.6425000000000001 0 0.07700000000000007
0 0.664 0.6715 0 0.135
0 0.704 0.6599999999999999 0 0.11199999999999999
0 0.744 0.6925 0 0.09299999999999997
0 0.864 0.174 0 0.04200000000000001
1 0.464125 0.3085 0.02600120189529707 0.05
1 0.671 0.63 0.0417612260356422 0.05
3 0.28900000000000003 0.28225 0.45 0.3045
3 0.739 0.28225 0.44999999999999996 0.3045
3 0.28900000000000003 0.58675 0.45 0.3045
3 0.739 0.58675 0.44999999999999996 0.3045