0 0.2605 0.156 0.08499999999999999 0
0 0.3025 0.196 0.269 0
0 0.312 0.254 0 0.05999999999999997
0 0.257 0.276 0.10400000000000001 0
0 0.3885 0.2595 0 0.04300000000000004
0 0.104 0.376 0 0.040000000000000036
0 0.3115 0.384 0 0.055999999999999994
0 0.1595 0.396 0.22900000000000004 0
0 0.3095 0.476 0.08099999999999996 0
0 0.055 0.516 0.052000000000000005 0
0 0.350125 0.5795 0 0.15900000000000003
0 0.313 0.556 0.248 0
0 0.082 0.596 0.054 0
0 0.14975 0.603 0 0.06600000000000006
0 0.1875 0.625 0 0.06800000000000006
0 0.247 0.596 0.05000000000000002 0
0 0.389375 0.6265000000000001 0 0.06500000000000006
0 0.233 0.636 0.408 0
0 0.109 0.622 0 0.07400000000000007
0 0.189 0.403 0 0.057999999999999996
0 0.229 0.274 0 0.316
0 0.269 0.2835 0 0.07500000000000001
0 0.269 0.552 0 0.06799999999999995
0 0.309 0.5885 0 0.14100000000000001
0 0.389 0.5405 0 0.041000000000000036
0 0.429 0.208 0 0.066
0 0.429 0.4055 0 0.249
0 0.429 0.6025 0 0.041000000000000036
1 0.40875 0.228 0.04061095911204265 0.05
1 0.40875 0.281 0.0405 0.05
1 0.3891875 0.5895 0.0330021306130377 0.05
1 0.409 0.421 0.04123105625617661 0.05
3 0.131 0.25175000000000003 0.20400000000000001 0.2715
3 0.335 0.25175000000000003 0.204 0.2715
3 0.131 0.52325 0.20400000000000001 0.2715
3 0.335 0.52325 0.204 0.2715