0 0.542625 0.28400000000000003 0 0.04799999999999999
0 0.70575 0.2825 0 0.044999999999999984
0 1.02325 0.3915 0 0.263
0 0.38675 0.373 0 0.14600000000000002
0 0.425390625 0.36050000000000004 0 0.16699999999999998
0 0.5535 0.3 0.07899999999999996 0
0 1.4569999999999999 0.3 0.08799999999999986 0
0 1.3855 0.34 0.05899999999999994 0
0 0.142 0.4085 0 0.056999999999999995
0 0.32499999999999996 0.38 0.07200000000000001 0
0 1.3845 0.38 0.05699999999999994 0
0 1.46425 0.4105 0 0.07700000000000001
0 0.30475 0.3965 0 0.11099999999999999
0 0.58 0.48550000000000004 0 0.05099999999999999
0 0.785203125 0.6325 0 0.413
0 1.344875 0.47850000000000004 0 0.04099999999999998
0 1.504125 0.6195 0 0.337
0 0.1053125 0.5125 0 0.07100000000000006
0 0.149625 0.5375 0 0.07499999999999996
0 0.2815 0.58 0.07300000000000001 0
0 0.6105 0.58 0.34900000000000003 0
0 1.351 0.58 0.45399999999999996 0
0 0.30225 0.6599999999999999 0 0.07999999999999996
0 0.54875 0.6 0 0.040000000000000036
0 0.6645 0.6054999999999999 0 0.051000000000000045
0 0.13 0.66 0.05 0
0 0.2155 0.7 0.22100000000000003 0
0 0.1345 0.74 0.053000000000000005 0
0 0.18525 0.7709999999999999 0 0.14600000000000002
0 0.2395 0.74 0.05300000000000002 0
0 0.41300000000000003 0.74 0.055999999999999994 0
0 0.20049999999999998 0.78 0.191 0
0 0.626125 0.8025 0 0.04499999999999993
0 0.774 0.78 0.050000000000000044 0
0 0.175 0.82 0.136 0
0 0.26725 0.6975 0 0.265
0 0.4685 0.873 0 0.126
0 0.7665 0.82 0.511 0
0 1.2245 0.82 0.050999999999999934 0
0 1.3085 0.82 0.052999999999999936 0
0 1.3925 0.82 0.052999999999999936 0
0 1.5145 0.82 0.127 0
0 0.4015 0.86 0.127 0
0 1.2635 0.8855 0 0.06300000000000006
0 1.305375 0.861 0 0.09600000000000009
0 0.42521875 0.8325 0 0.30299999999999994
0 1.2155 0.9 0.2570000000000001 0
0 0.4355 0.98 0.05300000000000005 0
0 0.62496875 1.307 0 0.3360000000000001
0 1.06775 1.302 0 0.05400000000000005
0 0.105 0.35850000000000004 0 0.067
0 0.105 0.6205 0 0.05700000000000005
0 0.105 0.79 0 0.07199999999999995
0 0.145 0.6965 0 0.119
0 0.185 0.29300000000000004 0 0.04799999999999999
0 0.225 0.41400000000000003 0 0.06
0 0.225 0.8075 0 0.2629999999999999
0 0.265 0.41800000000000004 0 0.068
0 0.265 0.504 0 0.04400000000000004
0 0.265 0.9525 0 0.06299999999999994
0 0.305 0.9525 0 0.06299999999999994
0 0.345 0.35750000000000004 0 0.195
0 0.345 0.839 0 0.05599999999999994
0 0.345 0.952 0 0.061999999999999944
0 0.585 0.8175 0 0.04699999999999993
0 0.625 1.0545 0 0.121
0 0.745 0.749 0 0.04400000000000004
0 0.785 0.331 0 0.14200000000000002
0 1.145 0.479 0 0.42999999999999994
0 1.305 0.5095 0 0.14099999999999996
0 1.345 1.055 0 0.33799999999999997
0 1.345 1.4045 0 0.14100000000000001
0 1.385 0.36050000000000004 0 0.04099999999999998
0 1.425 0.35750000000000004 0 0.195
0 1.425 0.7035 0 0.040999999999999925
1 1.4285 0.32 0.04004996878900158 0.05
1 0.1235 0.381 0.03889730067755345 0.05
1 1.4841875 0.45 0.03992512523461886 0.05
1 0.10515625 0.57 0.04400110971611966 0.05
1 0.266125 0.656 0.039064849929316255 0.05
1 1.266 0.82 0.032 0.05
1 1.3505 0.82 0.031 0.05
1 1.435 0.82 0.032 0.05
1 0.125 0.643 0.0417612260356422 0.05
1 0.125 0.7315 0.04004996878900158 0.05
1 0.245 0.93 0.043863424398922615 0.05
1 0.265 0.467 0.03 0.05
3 0.47325 0.56375 0.7365 0.6075
3 1.20975 0.56375 0.7365 0.6075
3 0.47325 1.1712500000000001 0.7365 0.6075
3 1.20975 1.1712500000000001 0.7365 0.6075