0 0.22899999999999998 0.44 0.166 0
0 0.9575 0.725 0.1469999999999999 0
0 0.4395 0.765 0.10099999999999998 0
0 0.35 0.8340000000000001 0 0.14400000000000002
0 0.74 0.2445 0 0.17300000000000001
0 0.85 0.556 0 0.118
0 0.885 0.7255 0 0.18499999999999994
0 0.4545 0.397 0.15900000000000003 0
0 0.873 0.397 0.07000000000000006 0
0 0.9625 0.397 0.07099999999999995 0
0 0.49750000000000005 0.405 0.07300000000000001 0
0 0.7150000000000001 0.405 0.07999999999999996 0
0 0.6910000000000001 0.757 0.06799999999999995 0
0 0.1935 0.789 0.097 0
0 0.33699999999999997 0.789 0.09400000000000003 0
0 0.5255 0.789 0.09299999999999997 0
0 0.6695 0.789 0.19300000000000006 0
0 0.205 0.351 0 0.10400000000000004
0 0.213 0.1315 0 0.069
0 0.229 0.37 0 0.138
0 0.237 0.7835 0 0.15900000000000003
0 0.405 0.792 0 0.05599999999999994
0 0.589 0.815 0 0.10199999999999998
0 0.733 0.8 0 0.07399999999999995
0 0.845 0.41900000000000004 0 0.064
0 0.893 0.752 0 0.19999999999999996
0 0.997 0.4355 0 0.06899999999999995
1 0.4845 0.777 0.02640075756488817 0.05
1 0.8675 0.624 0.03935733730830886 0.05
3 0.3665 0.29924999999999996 0.44299999999999995 0.40449999999999997
3 0.8094999999999999 0.29924999999999996 0.44299999999999995 0.40449999999999997
3 0.3665 0.70375 0.44299999999999995 0.4045000000000001
3 0.8094999999999999 0.70375 0.44299999999999995 0.4045000000000001