0 0.551875 0.148 0 0.05199999999999999
0 0.591 0.1615 0 0.07900000000000001
0 0.628375 0.1475 0 0.05099999999999999
0 0.48350000000000004 0.202 0.04899999999999999 0
0 0.4675 0.2275 0 0.21100000000000002
0 0.5119375 0.273 0 0.11200000000000002
0 0.59 0.2975 0 0.063
0 0.39825 0.391 0 0.057999999999999996
0 0.468 0.5115000000000001 0 0.21899999999999997
0 0.9513125 0.441 0 0.07799999999999996
0 0.7101875 0.4495 0 0.08100000000000002
0 0.789 0.487 0 0.15599999999999997
0 0.9085 0.4325 0 0.049000000000000044
0 0.990625 0.4435 0 0.07100000000000001
0 1.030990234375 0.522 0 0.22800000000000004
0 0.54925 0.5195000000000001 0 0.07500000000000007
0 0.6785 0.482 0.07499999999999996 0
0 0.831625 0.5025 0 0.05500000000000005
0 0.9275 0.522 0.277 0
0 0.47450000000000003 0.562 0.08500000000000002 0
0 0.831625 0.607 0 0.08999999999999997
0 0.8715 0.6194999999999999 0 0.1469999999999999
0 0.91425 0.5915 0 0.09299999999999997
0 0.955 0.5840000000000001 0 0.07799999999999996
0 0.474 0.602 0.08400000000000002 0
0 0.59375 0.635 0 0.06600000000000006
0 0.9490000000000001 0.602 0.18200000000000005 0
0 0.7085 0.642 0.14900000000000002 0
0 0.897 0.642 0.136 0
0 1.03225 0.6675 0 0.050999999999999934
0 0.485 0.682 0.057999999999999996 0
0 0.7035 0.682 0.14700000000000002 0
0 1.017 0.682 0.09800000000000009 0
0 0.151 0.5814999999999999 0 0.22299999999999998
0 0.431 0.5375 0 0.05499999999999994
0 0.551 0.28800000000000003 0 0.04199999999999998
0 0.631 0.649 0 0.04400000000000004
0 0.671 0.515 0 0.07800000000000007
0 0.671 0.6659999999999999 0 0.05399999999999994
0 0.751 0.431 0 0.04200000000000004
0 0.831 0.4305 0 0.04300000000000004
0 0.871 0.43 0 0.04200000000000004
0 0.991 0.607 0 0.17199999999999993
1 0.69059375 0.483 0.04161322093097337 0.05
1 0.8103125 0.5635 0.04273044143230912 0.05
1 0.9908125 0.5 0.04200167407377949 0.05
1 0.9665 0.662 0.04011234224026316 0.05
3 0.37975000000000003 0.26475 0.4575 0.2855
3 0.83725 0.26475 0.4575 0.2855
3 0.37975000000000003 0.5502499999999999 0.4575 0.2855
3 0.83725 0.5502499999999999 0.4575 0.2855