0 0.4165 0.195 0.04099999999999998 0
0 0.085625 0.23550000000000001 0 0.07700000000000001
0 0.30400000000000005 0.235 0.07200000000000001 0
0 0.363 0.2095 0 0.05099999999999999
0 0.10250000000000001 0.275 0.07100000000000001 0
0 0.314 0.275 0.09199999999999997 0
0 0.2765 0.46349999999999997 0 0.237
0 0.241125 0.398 0 0.045999999999999985
0 0.21500000000000002 0.435 0.11000000000000001 0
0 0.241 0.475 0.06600000000000003 0
0 0.56059375 0.7185 0 0.32699999999999996
0 0.5840000000000001 0.635 0.061999999999999944 0
0 0.203 0.735 0 0.040000000000000036
0 0.355 0.755 0.09400000000000003 0
0 0.121 0.27949999999999997 0 0.07100000000000001
0 0.161 0.5885 0 0.587
0 0.321 0.25949999999999995 0 0.04899999999999999
0 0.361 0.587 0 0.08399999999999996
0 0.401 0.18 0 0.04999999999999999
0 0.601 0.624 0 0.09800000000000009
1 0.342 0.235 0.042 0.05
1 0.141 0.305 0.044721359549995794 0.05
3 0.20400000000000001 0.33675 0.274 0.36349999999999993
3 0.478 0.33675 0.27399999999999997 0.36349999999999993
3 0.20400000000000001 0.70025 0.274 0.36350000000000005
3 0.478 0.70025 0.27399999999999997 0.36350000000000005