0 0.067 0.41400000000000003 0 0.272
0 0.4665 0.335 0 0.11399999999999999
0 0.426625 0.482 0 0.07200000000000001
0 0.236 0.518 0.13399999999999998 0
0 0.486 0.518 0.064 0
0 0.099 0.558 0.048 0
0 0.20500000000000002 0.558 0.10400000000000001 0
0 0.2105 0.598 0.05099999999999999 0
0 0.265875 0.627 0 0.07200000000000006
0 0.545125 0.6735 0 0.07099999999999995
0 0.6635 0.678 0.133 0
0 0.5775 0.718 0.07499999999999996 0
0 0.6325 0.6105 0 0.21499999999999997
0 0.709 0.6545 0 0.127
0 0.10975 0.8195 0 0.04299999999999993
0 0.1875 0.8235 0 0.050999999999999934
0 0.2575 0.798 0.07899999999999999 0
0 0.9575 0.798 0.07699999999999996 0
0 0.159 0.838 0.184 0
0 0.4905 0.838 0.249 0
0 0.068 0.9460000000000001 0 0.28400000000000003
0 0.6214999999999999 0.878 0.04500000000000004 0
0 0.8285 0.878 0.04899999999999993 0
0 0.638 1.038 0.07800000000000007 0
0 0.86975 1.04 0 0.052000000000000046
0 0.66475 1.112 0 0.06799999999999984
0 0.7909999999999999 1.078 0.04999999999999993 0
0 0.9575 1.078 0.07699999999999996 0
0 0.0674375 1.1800000000000002 0 0.12399999999999989
0 0.787 1.118 0.04200000000000004 0
0 0.6285000000000001 1.158 0.05900000000000005 0
0 0.16699999999999998 1.198 0.13599999999999998 0
0 0.9590000000000001 1.198 0.07399999999999995 0
0 0.1635 1.238 0.17099999999999999 0
0 0.947 1.2374999999999998 0 0.08299999999999996
0 0.1495 1.2505000000000002 0 0.05499999999999994
0 0.7909999999999999 1.278 0.05599999999999994 0
0 0.975 1.278 0.04200000000000004 0
0 0.187 1.318 0.05199999999999999 0
0 0.7535000000000001 1.318 0.09900000000000009 0
0 0.30725 1.463 0 0.22599999999999998
0 0.70575 1.387 0 0.2200000000000002
0 0.9575 1.358 0.07699999999999996 0
0 0.264 1.398 0.088 0
0 0.7465 1.385 0 0.14000000000000012
0 0.439 1.438 0.04400000000000004 0
0 0.688 1.438 0.17800000000000005 0
0 0.2465 1.478 0.05300000000000002 0
0 0.291 1.518 0.142 0
0 0.2425 1.558 0.04500000000000001 0
0 0.3435 1.532 0 0.052000000000000046
0 0.7025 1.558 0.21700000000000008 0
0 0.106 0.5205 0 0.06300000000000006
0 0.106 1.2229999999999999 0 0.05800000000000005
0 0.146 0.5045 0 0.06300000000000006
0 0.146 0.825 0 0.041999999999999926
0 0.186 0.538 0 0.10199999999999998
0 0.186 1.2215 0 0.05500000000000016
0 0.226 0.663 0 0.348
0 0.226 1.385 0 0.3820000000000001
0 0.266 0.5329999999999999 0 0.06599999999999995
0 0.266 0.7669999999999999 0 0.136
0 0.266 1.538 0 0.07600000000000007
0 0.386 0.3335 0 0.11099999999999999
0 0.426 1.463 0 0.22599999999999998
0 0.466 0.5065 0 0.04500000000000004
0 0.506 0.398 0 0.24
0 0.626 0.7975 0 0.04699999999999993
0 0.626 0.8855 0 0.061000000000000054
0 0.626 1.0745 0 0.20299999999999996
0 0.666 0.6495 0 0.11699999999999999
0 0.666 0.7625 0 0.04700000000000004
0 0.746 0.6385000000000001 0 0.09500000000000008
0 0.786 0.9715 0 0.051000000000000045
0 0.786 1.1335 0 0.133
0 0.786 1.2765 0 0.04700000000000015
0 0.786 1.4845000000000002 0 0.18300000000000005
0 0.946 1.0510000000000002 0 0.05800000000000005
0 0.986 1.1885 0 0.345
1 0.138 0.558 0.03 0.05
1 0.2659375 0.5815 0.0250003124980469 0.05
1 0.2659375 0.681 0.036000217013234796 0.05
1 0.635 0.698 0.043863424398922615 0.05
1 0.607 0.858 0.04308131845707603 0.05
1 0.06771875 1.103 0.030005272974095734 0.05
1 0.16775 1.236 0.04481350242951336 0.05
1 0.76625 1.354 0.04225221887664599 0.05
1 0.646 0.78 0.0417612260356422 0.05
3 0.29925 0.6025 0.46449999999999997 0.649
3 0.7637499999999999 0.6025 0.4645 0.649
3 0.29925 1.2515 0.46449999999999997 0.649
3 0.7637499999999999 1.2515 0.4645 0.649