0 0.3015 0.496 0.07700000000000001 0
0 1.2245 0.496 0.05499999999999994 0
0 2.1375 0.496 0.2570000000000001 0
0 2.6325000000000003 0.536 0.0950000000000002 0
0 2.24475 0.8325 0 0.8330000000000002
0 1.009 0.719 0 0.04600000000000004
0 2.68175 0.675 0 0.041999999999999926
0 0.8795 0.736 0.2749999999999999 0
0 1.1709999999999998 0.736 0.16399999999999992 0
0 1.646 0.736 0.28 0
0 2.9665 0.736 0.19300000000000006 0
0 0.765 0.74 0 0.07200000000000006
0 1.172 0.776 0.16999999999999993 0
0 1.658 0.776 0.21599999999999997 0
0 2.8775 0.7545 0 0.04300000000000004
0 3.032 0.776 0.06200000000000028 0
0 3.032 0.816 0.06200000000000028 0
0 1.763 0.99 0 0.19799999999999995
0 0.8355 0.936 0.07299999999999995 0
0 1.0445 0.9684999999999999 0 0.10899999999999987
0 0.8429375 0.9844999999999999 0 0.07699999999999996
0 1.00625 0.9635 0 0.051000000000000045
0 0.27649999999999997 1.016 0.145 0
0 2.1375 1.016 0.2570000000000001 0
0 1.36525 1.056 0 0.04200000000000004
0 1.2860625 1.1124999999999998 0 0.07899999999999996
0 1.6456875 1.1179999999999999 0 0.06799999999999984
0 1.686125 1.1275 0 0.06299999999999994
0 2.046 1.1365 0 0.052999999999999936
0 0.20484375 1.22 0 0.09200000000000008
0 0.76675 1.2125 0 0.07300000000000018
0 1.32725 1.183 0 0.04400000000000004
0 1.76175 1.2125 0 0.07300000000000018
0 0.3245 1.129 0 0.274
0 1.4045 1.3995000000000002 0 0.353
0 1.64375 1.5685 0 0.04899999999999993
0 1.92575 1.6405 0 0.19300000000000006
0 1.4045 1.7165 0 0.04100000000000015
0 2.519 1.696 0.17399999999999993 0
0 2.8609999999999998 1.696 0.40400000000000036 0
0 1.674 1.736 0.546 0
0 2.2409999999999997 1.736 0.04400000000000004 0
0 2.24 1.776 0.04200000000000026 0
0 2.24 1.816 0.04200000000000026 0
0 1.56225 1.8805 0 0.04899999999999993
0 1.76875 1.8780000000000001 0 0.04399999999999982
0 2.2415 1.856 0.04499999999999993 0
0 2.6390000000000002 1.856 0.0479999999999996 0
0 2.2465 1.896 0.05899999999999972 0
0 2.4234999999999998 1.896 0.06100000000000039 0
0 2.755 1.896 0.12400000000000011 0
0 3.0165 1.896 0.09299999999999997 0
0 2.247 1.936 0.05600000000000005 0
0 2.248 1.976 0.058000000000000274 0
0 2.2435 2.016 0.06099999999999994 0
0 2.248 2.056 0.058000000000000274 0
0 2.8375000000000004 2.056 0.07299999999999995 0
0 2.242 2.096 0.04600000000000026 0
0 2.76525 2.1180000000000003 0 0.052000000000000046
0 2.872 2.096 0.06000000000000005 0
0 2.2435 2.136 0.04899999999999993 0
0 2.8390000000000004 2.136 0.44799999999999995 0
0 2.242 2.176 0.04600000000000026 0
0 2.6559999999999997 2.176 0.17200000000000015 0
0 2.606 2.216 0.2719999999999998 0
0 2.2415 2.256 0.04499999999999993 0
0 2.2415 2.296 0.04499999999999993 0
0 2.2409999999999997 2.336 0.04400000000000004 0
0 2.3665 2.336 0.04499999999999993 0
0 2.9665 2.336 0.1349999999999998 0
0 0.244 1.22 0 0.09200000000000008
0 0.284 1.22 0 0.09200000000000008
0 0.324 0.46799999999999997 0 0.10400000000000004
0 1.124 0.763 0 0.08200000000000007
0 1.164 0.7675 0 0.09099999999999997
0 1.204 0.767 0 0.09000000000000008
0 1.244 0.8160000000000001 0 0.18800000000000006
0 1.244 1.1480000000000001 0 0.20200000000000018
0 1.764 0.6194999999999999 0 0.407
0 2.244 1.9615 0 0.17499999999999982
0 2.284 1.6985000000000001 0 0.04299999999999993
0 2.324 1.7005 0 0.04699999999999993
0 2.364 1.7005 0 0.04699999999999993
0 2.404 1.698 0 0.04600000000000004
0 2.444 1.703 0 0.05600000000000005
0 2.444 2.292 0 0.05600000000000005
0 2.484 1.6995 0 0.04499999999999993
0 2.524 1.7000000000000002 0 0.04600000000000004
0 2.524 2.2815000000000003 0 0.040999999999999925
0 2.564 1.701 0 0.04800000000000004
0 2.564 2.2815000000000003 0 0.040999999999999925
0 2.604 1.7005 0 0.04699999999999993
0 2.604 2.182 0 0.08999999999999986
0 2.644 1.94 0 0.54
0 2.684 1.697 0 0.04400000000000004
0 2.684 2.179 0 0.08800000000000008
0 2.724 1.697 0 0.04400000000000004
0 2.724 2.2474999999999996 0 0.2250000000000001
0 2.764 1.6965 0 0.04299999999999993
0 2.804 1.6975 0 0.06099999999999994
0 2.844 1.6975 0 0.06099999999999994
0 2.844 2.098 0 0.1160000000000001
0 2.884 1.9055 0 0.4770000000000001
0 2.924 1.6905000000000001 0 0.04699999999999993
0 2.964 1.6935 0 0.04700000000000015
0 3.004 0.776 0 0.08599999999999997
0 3.004 1.693 0 0.04600000000000004
0 3.044 0.776 0 0.08599999999999997
0 3.044 1.6905000000000001 0 0.04100000000000015
1 1.30665625 1.1565 0.042159342455142725 0.05
1 2.744625 2.1395 0.04222040383511271 0.05
3 0.91875 0.9019999999999999 1.4295 0.972
3 2.34825 0.9019999999999999 1.4295000000000002 0.972
3 0.91875 1.8739999999999999 1.4295 0.972
3 2.34825 1.8739999999999999 1.4295000000000002 0.972