0 1.4325 0.875 0.1569999999999998 0
0 0.8234999999999999 0.905 0.255 0
0 1.024 1.31 0.23199999999999987 0
0 1.3725 1.41 0.20700000000000007 0
0 1.9515 1.69 0.2330000000000001 0
0 1.108 1.7 0.10799999999999987 0
0 1.0385 1.935 0.2629999999999999 0
0 0.585 0.95 0 0.14
0 0.8 1.383 0 0.18800000000000017
0 1.155 1.8935 0 0.2929999999999999
0 1.185 2.0285 0 0.129
0 1.245 1.903 0 0.13600000000000012
0 1.365 1.8955 0 0.21700000000000008
0 1.47 1.8955000000000002 0 0.19100000000000006
0 1.55 0.69 0 0.504
0 1.89 1.6765 0 0.10899999999999999
0 1.96 1.0095 0 0.13300000000000012
0 2.1 1.2905 0 0.48099999999999987
0 1.3250000000000002 0.445 0.062000000000000055 0
0 0.8029999999999999 0.893 0.136 0
0 2.4545 1.181 0.11899999999999977 0
0 2.4545000000000003 1.197 0.07100000000000017 0
0 1.319 1.421 0.1060000000000001 0
0 2.4850000000000003 2.077 0.053999999999999826 0
0 0.861 0.8225 0 0.09299999999999997
0 2.509 2.0484999999999998 0 0.05099999999999971
2 0.8235 0.905 0.035 0.05
2 1.3725 1.41 0.035 0.05
2 1.365 1.8955 0.035 0.05
2 1.47 1.8955 0.035 0.05
2 2.1 1.17025 0.035 0.05
2 2.1 1.2905 0.035 0.05
2 2.1 1.41075 0.035 0.05
3 1.06725 0.85175 0.9645000000000001 0.8275000000000001
3 2.0317499999999997 0.85175 0.9644999999999997 0.8275000000000001
3 1.06725 1.6792500000000001 0.9645000000000001 0.8274999999999999
3 2.0317499999999997 1.6792500000000001 0.9644999999999997 0.8274999999999999