0 0.2765 0.3165 0 0.04500000000000004
0 1.068 0.316 0.06000000000000005 0
0 0.7254999999999999 0.396 0.817 0
0 0.604 0.436 0.54 0
0 0.9565 0.4235 0 0.08500000000000002
0 1.0875 0.436 0.09299999999999997 0
0 0.275375 0.644 0 0.41
0 0.878 0.476 0.32800000000000007 0
0 0.529 0.516 0.06400000000000006 0
0 0.751 0.516 0.07400000000000007 0
0 0.9630000000000001 0.516 0.05999999999999994 0
0 0.7464999999999999 0.556 0.07500000000000007 0
0 0.914 0.5595 0 0.07699999999999996
0 1.0585 0.556 0.06300000000000017 0
0 0.751 0.596 0.07400000000000007 0
0 0.35150000000000003 0.636 0.04099999999999998 0
0 0.9575 0.6145 0 0.05700000000000005
0 0.7364999999999999 0.676 0.05500000000000005 0
0 0.35150000000000003 0.716 0.04099999999999998 0
0 0.737 0.716 0.050000000000000044 0
0 0.34950000000000003 0.796 0.04099999999999998 0
0 0.7364999999999999 0.796 0.05500000000000005 0
0 0.4325 0.836 0.22500000000000003 0
0 0.6819999999999999 0.836 0.08999999999999997 0
0 0.3755 0.876 0.10299999999999998 0
0 0.5095000000000001 0.876 0.06300000000000006 0
0 0.7005 0.876 0.16500000000000004 0
0 0.2745 0.9285 0 0.09699999999999998
0 0.3695 0.916 0.08499999999999996 0
0 0.488 0.916 0.062 0
0 0.7145 0.916 0.08099999999999996 0
0 0.368 0.956 0.08799999999999997 0
0 0.6585 0.956 0.123 0
0 0.34099999999999997 0.996 0.04799999999999999 0
0 0.39275 0.9065 0 0.17900000000000005
0 0.4355 1.0725 0 0.21099999999999997
0 0.623 0.996 0.22799999999999998 0
0 0.6645000000000001 1.036 0.28300000000000003 0
0 0.612 1.076 0.244 0
0 0.3845 1.116 0.125 0
0 0.474 1.1415 0 0.06899999999999995
0 0.6735 1.116 0.19500000000000006 0
0 0.548 1.156 0.48000000000000004 0
0 1.0034999999999998 1.156 0.2609999999999999 0
0 0.79275 1.1665 0 0.05899999999999994
0 0.876 1.1975 0 0.125
0 0.1545 1.236 0.056999999999999995 0
0 0.3575 1.236 0.24899999999999997 0
0 0.629 1.236 0.040000000000000036 0
0 0.19575 1.315 0 0.06600000000000006
0 0.232 1.307 0 0.050000000000000044
0 0.1535 1.3210000000000002 0 0.07800000000000007
0 0.515125 1.4385 0 0.15500000000000003
0 0.39275 1.4595 0 0.07500000000000018
0 0.439 1.4595 0 0.07500000000000018
0 0.1805 1.476 0.056999999999999995 0
0 0.396 1.476 0.10999999999999999 0
0 0.5780000000000001 1.476 0.18600000000000005 0
0 0.3415 1.516 0.42100000000000004 0
0 0.32499999999999996 1.556 0.057999999999999996 0
0 0.195 1.495 0 0.09000000000000008
0 0.235 1.5075 0 0.040999999999999925
0 0.275 1.4665 0 0.09899999999999998
0 0.315 1.5270000000000001 0 0.07599999999999985
0 0.355 0.9319999999999999 0 1.266
0 0.395 0.40249999999999997 0 0.04299999999999998
0 0.395 1.138 0 0.07599999999999985
0 0.435 0.405 0 0.04799999999999999
0 0.475 0.8360000000000001 0 0.04799999999999993
0 0.475 0.9415 0 0.052999999999999936
0 0.515 0.41300000000000003 0 0.06
0 0.515 0.847 0 0.05600000000000005
0 0.515 0.9470000000000001 0 0.06399999999999995
0 0.515 1.063 0 0.04800000000000004
0 0.515 1.146 0 0.050000000000000044
0 0.555 0.40149999999999997 0 0.04099999999999998
0 0.555 1.0165 0 0.16099999999999992
0 0.555 1.4945 0 0.14100000000000001
0 0.595 0.40149999999999997 0 0.04099999999999998
0 0.595 1.011 0 0.10799999999999998
0 0.595 1.149 0 0.06199999999999983
0 0.635 0.4075 0 0.04899999999999999
0 0.635 0.973 0 0.040000000000000036
0 0.635 1.0979999999999999 0 0.15000000000000013
0 0.675 0.406 0 0.045999999999999985
0 0.675 0.965 0 0.10399999999999987
0 0.675 1.123 0 0.1160000000000001
0 0.675 1.4945 0 0.14100000000000001
0 0.715 0.6335 0 0.505
0 0.715 1.057 0 0.24599999999999989
0 0.755 0.598 0 0.43399999999999994
0 0.755 0.9944999999999999 0 0.05500000000000005
0 0.755 1.137 0 0.06999999999999984
0 0.795 0.40700000000000003 0 0.04799999999999999
0 0.795 1.0150000000000001 0 0.10200000000000009
0 0.875 0.4325 0 0.09899999999999998
0 0.875 0.994 0 0.1299999999999999
0 0.915 0.41100000000000003 0 0.06
0 0.915 1.1425 0 0.04899999999999993
0 0.955 1.1415000000000002 0 0.04699999999999993
0 0.995 0.4515 0 0.137
0 0.995 0.6205 0 0.06900000000000006
0 1.035 0.4315 0 0.10099999999999998
0 1.035 0.758 0 0.06000000000000005
0 1.035 1.139 0 0.041999999999999815
0 1.075 0.4105 0 0.059
0 1.075 1.1415000000000002 0 0.04699999999999993
0 1.115 0.4105 0 0.059
0 1.115 1.1415000000000002 0 0.04699999999999993
1 0.924 0.456 0.04001249804748511 0.05
1 0.2749375 0.8645 0.031012346331743428 0.05
1 0.7005 0.816 0.043863424398922615 0.05
1 0.45525 1.0465 0.03951265620026069 0.05
1 0.468 1.476 0.034 0.05
1 0.515 0.895 0.04 0.05
1 0.515 1.104 0.034 0.05
1 0.635 1.008 0.03 0.05
3 0.378 0.61175 0.504 0.6355
3 0.8819999999999999 0.61175 0.5039999999999999 0.6355
3 0.378 1.24725 0.504 0.6355
3 0.8819999999999999 1.24725 0.5039999999999999 0.6355