0 0.606625 0.2135 0 0.069
0 0.28950000000000004 0.256 0.49300000000000005 0
0 0.33899999999999997 0.576 0.09200000000000003 0
0 0.156 0.616 0.21400000000000002 0
0 0.286125 0.659 0 0.05799999999999994
0 0.39925 0.664 0 0.21599999999999997
0 0.52325 0.6559999999999999 0 0.06599999999999995
0 0.11349999999999999 0.696 0.133 0
0 0.405 0.696 0.06 0
0 0.1495 0.736 0.201 0
0 0.083 0.694 0 0.15600000000000003
0 0.123 0.6775 0 0.135
0 0.163 0.694 0 0.15600000000000003
0 0.203 0.664 0 0.21599999999999997
0 0.243 0.664 0 0.21599999999999997
0 0.283 0.5800000000000001 0 0.04799999999999993
0 0.363 0.525 0 0.15999999999999998
0 0.363 0.741 0 0.062000000000000055
0 0.443 0.368 0 0.057999999999999996
0 0.483 0.36550000000000005 0 0.05299999999999999
0 0.643 0.748 0 0.04800000000000004
1 0.2845625 0.622 0.026187127085650307 0.05
3 0.193 0.32725 0.30000000000000004 0.2965
3 0.493 0.32725 0.3 0.2965
3 0.193 0.62375 0.30000000000000004 0.29650000000000004
3 0.493 0.62375 0.3 0.29650000000000004