0 0.92475 0.3375 0 0.056999999999999995
0 0.96275 0.388 0 0.15800000000000003
0 0.9915 0.349 0.06500000000000006 0
0 1.226 0.349 0.04400000000000004 0
0 0.467 0.389 0.136 0
0 0.7635 0.41400000000000003 0 0.04999999999999999
0 0.84325 0.395 0 0.10999999999999999
0 0.9238125 0.447 0 0.11599999999999999
0 1.1755 0.389 0.14500000000000002 0
0 0.4095 0.429 0.16699999999999998 0
0 0.8955 0.429 0.11099999999999999 0
0 1.1724999999999999 0.429 0.15100000000000002 0
0 0.41900000000000004 0.469 0.05399999999999999 0
0 0.6725 0.469 0.05899999999999994 0
0 0.9909999999999999 0.469 0.06399999999999995 0
0 0.4195 0.509 0.044999999999999984 0
0 0.96325 0.562 0 0.13
0 1.0435 0.5645 0 0.11099999999999999
0 0.4195 0.549 0.04099999999999998 0
0 0.42200000000000004 0.669 0.03999999999999998 0
0 1.2015 0.669 0.09299999999999997 0
0 0.7245 0.6885 0 0.040999999999999925
0 0.8089999999999999 0.709 0.04799999999999993 0
0 1.0215 0.709 0.275 0
0 0.4185 0.749 0.04299999999999998 0
0 0.605 0.749 0.06400000000000006 0
0 0.9145 0.749 0.21299999999999986 0
0 1.16225 0.7895 0 0.11699999999999999
0 0.4175 0.789 0.04099999999999998 0
0 0.91 0.789 0.052000000000000046 0
0 0.995 0.789 0.05800000000000005 0
0 1.124 0.7945 0 0.052999999999999936
0 1.2195 0.789 0.05699999999999994 0
0 0.4195 0.829 0.04099999999999998 0
0 0.9095 0.829 0.05300000000000005 0
0 1.12375 0.9015 0 0.14500000000000002
0 1.204 0.829 0.08800000000000008 0
0 0.4195 0.869 0.044999999999999984 0
0 0.88525 0.884 0 0.256
0 1.004125 0.9175 0 0.09699999999999998
0 1.2275 0.869 0.040999999999999925 0
0 0.41800000000000004 0.909 0.04799999999999999 0
0 0.598 0.9410000000000001 0 0.06399999999999995
0 0.6815 0.909 0.06099999999999994 0
0 1.225 0.909 0.04600000000000004 0
0 0.39549999999999996 0.949 0.056999999999999995 0
0 0.6035 0.949 0.11499999999999999 0
0 0.71975 0.971 0 0.264
0 1.2235 0.949 0.04899999999999993 0
0 0.389 0.989 0.043999999999999984 0
0 0.60025 1.036 0 0.09399999999999997
0 0.76725 0.9809999999999999 0 0.04799999999999993
0 0.9425 0.989 0.119 0
0 1.216 0.989 0.06400000000000006 0
0 0.38849999999999996 1.029 0.04299999999999998 0
0 0.657 1.029 0.10999999999999999 0
0 0.9565 1.0074999999999998 0 0.04299999999999993
0 1.1724999999999999 1.029 0.15100000000000002 0
0 0.38849999999999996 1.069 0.046999999999999986 0
0 0.48 1.108 0 0.07800000000000007
0 0.573 1.069 0.05599999999999994 0
0 0.920625 1.1124999999999998 0 0.08699999999999997
0 1.081 1.0545 0 0.04300000000000015
0 1.225 1.069 0.04600000000000004 0
0 0.362 1.107 0 0.07399999999999984
0 0.4105 1.109 0.046999999999999986 0
0 0.64 1.1 0 0.09400000000000008
0 1.225 1.109 0.04600000000000004 0
0 0.41000000000000003 1.149 0.04799999999999999 0
0 0.4095 1.189 0.05099999999999999 0
0 0.4085 1.229 0.05299999999999999 0
0 0.6433125 1.263 0 0.08799999999999986
0 0.71875 1.3375 0 0.31500000000000017
0 1.2275 1.229 0.040999999999999925 0
0 0.4115 1.269 0.069 0
0 0.7969999999999999 1.269 0.17600000000000005 0
0 1.2269999999999999 1.269 0.04200000000000004 0
0 0.41200000000000003 1.309 0.055999999999999994 0
0 0.7735 1.309 0.129 0
0 0.88025 1.2885 0 0.09499999999999997
0 0.92525 1.3085 0 0.06099999999999994
0 1.22 1.309 0.05600000000000005 0
0 0.4365 1.349 0.10899999999999999 0
0 1.2225000000000001 1.349 0.050999999999999934 0
0 0.41300000000000003 1.389 0.062 0
0 0.92525 1.4415 0 0.10499999999999998
0 1.221 1.389 0.05400000000000005 0
0 0.40800000000000003 1.429 0.057999999999999996 0
0 0.6025 1.429 0.061000000000000054 0
0 1.22 1.429 0.05600000000000005 0
0 0.5485 1.469 0.455 0
0 0.881625 1.474 0 0.06599999999999984
0 1.0005 1.469 0.16499999999999992 0
0 1.188 1.469 0.1200000000000001 0
0 0.40049999999999997 1.509 0.05299999999999999 0
0 1.035 1.509 0.42600000000000005 0
0 0.395 1.549 0.045999999999999985 0
0 0.488 1.549 0.08000000000000002 0
0 1.2149999999999999 1.549 0.06600000000000006 0
0 0.492 1.589 0.334 0
0 0.84475 1.625 0 0.07200000000000006
0 1.0935 1.589 0.30900000000000005 0
0 0.396 1.629 0.04799999999999999 0
0 1.2135 1.629 0.06899999999999995 0
0 0.401 1.669 0.04199999999999998 0
0 1.2135 1.669 0.06899999999999995 0
0 1.214 1.709 0.06800000000000006 0
0 0.39349999999999996 1.749 0.04299999999999998 0
0 1.2185000000000001 1.749 0.05899999999999994 0
0 0.323 1.112 0 0.04600000000000004
0 0.363 0.879 0 0.07400000000000007
0 0.403 1.004 0 1.3820000000000001
0 0.443 0.605 0 0.38400000000000006
0 0.443 1.367 0 0.05600000000000005
0 0.443 1.483 0 0.11199999999999988
0 0.483 0.401 0 0.08800000000000002
0 0.483 0.8795 0 0.07500000000000007
0 0.483 1.56 0 0.06000000000000005
0 0.523 0.398 0 0.08000000000000002
0 0.523 1.5545 0 0.04899999999999993
0 0.563 0.9624999999999999 0 0.08899999999999986
0 0.563 1.343 0 0.06800000000000006
0 0.603 1.4825 0 0.04299999999999993
0 0.643 0.4435 0 0.05499999999999999
0 0.643 1.4835 0 0.040999999999999925
0 0.683 1.053 0 0.08000000000000007
0 0.683 1.1560000000000001 0 0.04600000000000004
0 0.763 1.4969999999999999 0 0.05599999999999983
0 0.763 1.6485 0 0.05699999999999994
0 0.843 0.7235 0 0.041000000000000036
0 0.883 0.7124999999999999 0 0.041000000000000036
0 0.923 0.7675 0 0.125
0 0.923 1.2185000000000001 0 0.04299999999999993
0 0.963 0.766 0 0.122
0 0.963 1.1235 0 0.06499999999999995
0 1.003 0.7655 0 0.121
0 1.003 1.0394999999999999 0 0.07700000000000018
0 1.003 1.1675 0 0.09899999999999998
0 1.043 1.0419999999999998 0 0.08200000000000007
0 1.043 1.4605000000000001 0 0.05700000000000016
0 1.083 0.7464999999999999 0 0.07900000000000007
0 1.123 0.35250000000000004 0 0.04899999999999999
0 1.163 0.45199999999999996 0 0.068
0 1.163 0.9735 0 0.09699999999999998
0 1.203 0.3935 0 0.135
0 1.203 1.021 0 0.22599999999999987
0 1.203 1.5154999999999998 0 0.47499999999999987
0 1.243 0.9105 0 1.203
1 0.963 0.482 0.030004166377354993 0.05
1 1.066 0.689 0.04019950248448356 0.05
1 1.143 0.8385 0.042933087473416114 0.05
1 0.951 0.789 0.03 0.05
1 1.1035 0.764 0.04477722635447622 0.05
1 0.864125 0.8575 0.043921094020982675 0.05
1 1.0035625 0.8355 0.0430147140522868 0.05
1 1.0035625 0.9835 0.03501807568956353 0.05
1 0.629 0.929 0.04123105625617661 0.05
1 0.581625 1.0005 0.041371034553175 0.05
1 0.9218125 1.1765 0.041068730501441116 0.05
1 0.700875 1.314 0.03576398327927134 0.05
1 0.901625 1.2665 0.04276169430693784 0.05
1 0.433 1.549 0.03 0.05
1 0.443 1.411 0.032 0.05
1 0.683 1.113 0.04 0.05
1 0.983 1.0785 0.042059481689626185 0.05
3 0.55275 0.6699999999999999 0.46349999999999997 0.722
3 1.0162499999999999 0.6699999999999999 0.4635 0.722
3 0.55275 1.392 0.46349999999999997 0.722
3 1.0162499999999999 1.392 0.4635 0.722