0 0.5005 0.23 0.13499999999999995 0
0 0.511 0.76 0.21599999999999997 0
0 0.085 1.2185 0 0.17700000000000005
0 0.255 0.20750000000000002 0 0.13100000000000003
0 0.42 0.7975 0 0.21700000000000008
0 0.49 0.7625 0 0.29500000000000004
0 0.391 0.229 0.08400000000000002 0
0 0.483 0.237 0.09000000000000002 0
0 0.5415 0.621 0.22900000000000004 0
0 0.48450000000000004 0.701 0.14300000000000007 0
0 0.613 0.701 0.09600000000000009 0
0 0.517 0.709 0.08200000000000007 0
0 0.6275 0.869 0.06500000000000006 0
0 0.4555 0.957 0.056999999999999995 0
0 0.6315 1.085 0.05700000000000005 0
0 0.63 1.133 0.062000000000000055 0
0 0.0625 1.165 0.061 0
0 0.2545 1.165 0.05100000000000002 0
0 0.5455 1.165 0.2750000000000001 0
0 0.651 1.173 0.06400000000000006 0
0 0.077 0.9325 0 0.07099999999999995
0 0.077 1.049 0 0.06000000000000005
0 0.277 1.2269999999999999 0 0.10799999999999987
0 0.365 0.349 0 0.184
0 0.365 0.48450000000000004 0 0.08500000000000002
0 0.421 1.1055 0 0.07699999999999996
0 0.485 0.832 0 0.258
0 0.493 0.7765 0 0.135
0 0.493 0.907 0 0.124
0 0.573 0.8185 0 0.050999999999999934
0 0.589 1.2465 0 0.10899999999999999
0 0.653 1.111 0 0.053999999999999826
2 0.511 0.76 0.035 0.05
3 0.19474999999999998 0.43325 0.3255 0.5825
3 0.52025 0.43325 0.32550000000000007 0.5825
3 0.19474999999999998 1.01575 0.3255 0.5824999999999999
3 0.52025 1.01575 0.32550000000000007 0.5824999999999999