0 0.38625 0.35550000000000004 0 0.36100000000000004
0 0.8045 0.215 0.04699999999999993 0
0 0.09975 0.34099999999999997 0 0.172
0 0.35 0.499 0 0.04800000000000004
0 0.0995 0.5795 0 0.08899999999999997
0 0.471 0.535 0.09400000000000003 0
0 0.54603125 0.633 0 0.22199999999999998
0 0.58553125 0.7345 0 0.399
0 0.384 0.575 0.11399999999999999 0
0 0.5095000000000001 0.575 0.07500000000000007 0
0 0.34684375 0.665 0 0.09999999999999998
0 0.439 0.615 0.05400000000000005 0
0 0.50525 0.6459999999999999 0 0.13
0 0.18475 0.6785 0 0.06099999999999994
0 0.431 0.655 0.04600000000000004 0
0 0.1175 0.695 0.046999999999999986 0
0 0.4835 0.695 0.18099999999999994 0
0 0.0995 0.8065 0 0.14300000000000002
0 0.41100000000000003 0.735 0.10000000000000003 0
0 0.5025 0.775 0.17099999999999999 0
0 0.51125 0.8955 0 0.07700000000000007
0 0.621 0.895 0.08200000000000007 0
0 0.709 0.9410000000000001 0 0.10999999999999999
0 0.7685 0.935 0.051000000000000045 0
0 0.386 0.7130000000000001 0 0.05799999999999994
0 0.426 0.629 0 0.258
0 0.466 0.5705 0 0.14100000000000001
0 0.506 0.5235000000000001 0 0.04700000000000004
0 0.586 0.1955 0 0.04100000000000001
0 0.626 0.196 0 0.04200000000000001
0 0.626 0.9235 0 0.06699999999999995
0 0.666 0.196 0 0.04000000000000001
0 0.666 0.9119999999999999 0 0.06399999999999995
0 0.706 0.196 0 0.04200000000000001
0 0.746 0.198 0 0.04600000000000001
0 0.746 0.7785 0 0.43499999999999994
0 0.786 0.201 0 0.05200000000000002
0 0.826 0.208 0 0.05399999999999999
0 0.826 0.8155 0 0.17100000000000004
0 0.986 0.784 0 0.28600000000000003
1 0.4225 0.555 0.04346262762420146 0.05
3 0.317 0.38025 0.44600000000000006 0.41050000000000003
3 0.763 0.38025 0.44599999999999995 0.41050000000000003
3 0.317 0.7907500000000001 0.44600000000000006 0.4105
3 0.763 0.7907500000000001 0.44599999999999995 0.4105