0 0.3865 0.405 0.11299999999999999 0
0 0.43 0.17350000000000002 0 0.327
0 0.38 0.125 0.10599999999999998 0
0 0.361 0.165 0.05199999999999999 0
0 0.189 0.221 0.268 0
0 0.324 0.277 0.09399999999999997 0
0 0.029 0.312 0 0.06999999999999995
0 0.277 0.327 0 0.09999999999999998
0 0.437 0.28049999999999997 0 0.253
2 0.43 0.119 0.035 0.05
2 0.43 0.228 0.035 0.05
3 0.1325 0.10925 0.207 0.19849999999999998
3 0.3395 0.10925 0.20700000000000002 0.19849999999999998
3 0.1325 0.30774999999999997 0.207 0.19849999999999998
3 0.3395 0.30774999999999997 0.20700000000000002 0.19849999999999998