0 0.43100000000000005 0.14 0.06 0
0 0.2805 0.18 0.10900000000000001 0
0 0.45699999999999996 0.18 0.045999999999999985 0
0 0.083625 0.247 0 0.05400000000000002
0 0.2475 0.22 0.04100000000000001 0
0 0.478625 0.23149999999999998 0 0.049000000000000016
0 0.235 0.26 0.04200000000000001 0
0 0.494 0.26 0.04800000000000004 0
0 0.41900000000000004 0.38 0.09400000000000003 0
0 0.52 0.38 0.04400000000000004 0
0 0.35875 0.483 0 0.066
0 0.47775 0.481 0 0.04199999999999998
0 0.24 0.181 0 0.162
0 0.28 0.20500000000000002 0 0.048000000000000015
0 0.4 0.1995 0 0.11500000000000002
0 0.44 0.14100000000000001 0 0.04400000000000001
0 0.44 0.487 0 0.064
0 0.6 0.372 0 0.04200000000000004
1 0.482 0.38 0.032 0.05
3 0.21271875 0.20475 0.2581875 0.2095
3 0.47090624999999997 0.20475 0.25818749999999996 0.2095
3 0.21271875 0.41425 0.2581875 0.20950000000000002
3 0.47090624999999997 0.41425 0.25818749999999996 0.20950000000000002