0 0.067125 0.468 0 0.656
0 0.28300000000000003 0.18 0.10400000000000001 0
0 0.372 0.22 0.126 0
0 0.40249999999999997 0.34 0.065 0
0 0.211 0.42 0.057999999999999996 0
0 0.29900000000000004 0.42 0.055999999999999994 0
0 0.11 0.579 0 0.04999999999999993
0 0.14925 0.577 0 0.04599999999999993
0 0.188 0.5780000000000001 0 0.04599999999999993
0 0.228 0.5825 0 0.05699999999999994
0 0.36450000000000005 0.62 0.04899999999999999 0
0 0.36350000000000005 0.66 0.04899999999999999 0
0 0.3075 0.78 0.08899999999999997 0
0 0.269 0.187 0 0.08200000000000002
0 0.349 0.641 0 0.050000000000000044
0 0.389 0.6140000000000001 0 0.118
0 0.429 0.2525 0 0.06899999999999998
0 0.429 0.7555000000000001 0 0.08100000000000007
1 0.2555 0.42 0.031 0.05
3 0.15909375 0.30400000000000005 0.18393750000000003 0.328
3 0.34303125 0.30400000000000005 0.18393749999999998 0.328
3 0.15909375 0.632 0.18393750000000003 0.328
3 0.34303125 0.632 0.18393749999999998 0.328