0 0.4495 0.225 0.19300000000000006 0
0 1.8504999999999998 0.24 0.11099999999999999 0
0 0.637 0.25 0.10199999999999998 0
0 1.62 0.465 0.1279999999999999 0
0 0.3255 0.48 0.19699999999999998 0
0 0.777 0.805 0.23399999999999999 0
0 0.7745 0.835 0.249 0
0 1.1989999999999998 1.045 0.10200000000000009 0
0 1.5665 1.095 0.44099999999999984 0
0 0.24 0.488 0 0.10600000000000004
0 0.915 0.601 0 0.35600000000000004
0 1.275 0.877 0 0.18599999999999994
0 1.435 0.6905 0 0.15500000000000003
0 1.485 0.9365 0 0.10299999999999998
0 1.805 0.8405 0 0.235
0 1.87 0.8845000000000001 0 0.20499999999999996
0 0.693 0.28900000000000003 0 0.062
0 0.693 0.3655 0 0.08899999999999997
0 1.685 0.3805 0 0.051000000000000045
2 0.915 0.5416666666666666 0.035 0.05
2 0.915 0.6603333333333332 0.035 0.05
2 1.275 0.877 0.035 0.05
2 1.87 0.8845 0.035 0.05
3 0.64675 0.4425 0.8395 0.43500000000000005
3 1.48625 0.4425 0.8394999999999999 0.43500000000000005
3 0.64675 0.8775 0.8395 0.43499999999999994
3 1.48625 0.8775 0.8394999999999999 0.43499999999999994