0 0.955 0.321 1.0999999999999999 0
0 1.434 0.361 0.1419999999999999 0
0 1.4455 0.441 0.05900000000000016 0
0 0.41300000000000003 0.481 0.06 0
0 0.461875 0.5175000000000001 0 0.08700000000000008
0 0.7415 0.481 0.05700000000000005 0
0 0.9 0.5145 0 0.07700000000000007
0 0.9415625 0.5229999999999999 0 0.09399999999999997
0 1.2190625 0.5145 0 0.07700000000000007
0 0.7795 0.5269999999999999 0 0.10599999999999998
0 0.742 0.561 0.05400000000000005 0
0 0.966 0.561 0.06799999999999995 0
0 1.274 0.561 0.06599999999999984 0
0 0.18275 0.6234999999999999 0 0.04500000000000004
0 0.738875 0.5785 0 0.04499999999999993
0 1.451 0.641 0.10799999999999987 0
0 1.462 0.721 0.08599999999999985 0
0 1.462 0.801 0.08599999999999985 0
0 0.486 0.841 0.06 0
0 0.2745 0.881 0.093 0
0 0.431 0.881 0.134 0
0 0.541375 0.9239999999999999 0 0.08599999999999997
0 0.181375 0.9665 0 0.14700000000000002
0 0.26149999999999995 0.921 0.04299999999999998 0
0 0.5018125 0.9325 0 0.06899999999999995
0 0.779875 1.1435 0 0.44900000000000007
0 1.1365 0.921 0.04499999999999993 0
0 0.38125 1.018 0 0.11399999999999999
0 0.7515000000000001 0.961 0.08900000000000008 0
0 0.937 0.961 0.10199999999999998 0
0 1.1665 0.961 0.05700000000000016 0
0 0.74075 1.0535 0 0.28300000000000003
0 0.939875 1.0194999999999999 0 0.14300000000000002
0 0.3285 1.081 0.061 0
0 0.2185 1.121 0.08500000000000002 0
0 0.3465 1.1005 0 0.040999999999999925
0 0.38275 1.1595 0 0.07699999999999996
0 1.01775 1.174 0 0.1060000000000001
0 0.186 1.1404999999999998 0 0.09499999999999997
0 0.261875 1.1345 0 0.08299999999999996
0 1.0805 1.161 0.6829999999999999 0
0 0.34375 1.2275 0 0.052999999999999936
0 0.8805000000000001 1.201 0.04300000000000004 0
0 0.9345 1.175 0 0.052000000000000046
0 1.0485 1.201 0.10099999999999998 0
0 0.22125 1.3105 0 0.07100000000000017
0 1.0950000000000002 1.321 0.050000000000000044 0
0 0.22 1.1305 0 0.06099999999999994
0 0.26 0.872 0 0.10000000000000009
0 0.3 0.883 0 0.06400000000000006
0 0.34 1.014 0 0.08199999999999996
0 0.46 0.75 0 0.04600000000000004
0 0.46 0.901 0 0.17600000000000005
0 0.46 1.1059999999999999 0 0.17400000000000015
0 0.5 0.847 0 0.050000000000000044
0 0.98 1.065 0 0.2280000000000001
0 1.02 0.496 0 0.11400000000000005
0 1.02 0.9245 0 0.05499999999999994
0 1.1 1.165 0 0.04800000000000004
0 1.14 0.927 0 0.07399999999999995
0 1.18 0.8835 0 0.05900000000000005
0 1.26 0.7545 0 0.07900000000000007
0 1.3 0.518 0 0.08000000000000007
0 1.3 0.7815 0 0.17100000000000004
0 1.34 0.5135000000000001 0 0.07100000000000006
0 1.34 0.84 0 0.050000000000000044
0 1.38 0.841 0 0.04800000000000004
0 1.42 0.8145 0 0.8410000000000001
0 1.46 0.34450000000000003 0 0.046999999999999986
0 1.46 0.634 0 0.05800000000000005
0 1.46 0.752 0 0.10400000000000009
0 1.46 0.8925000000000001 0 0.08700000000000008
0 1.46 1.0145 0 0.05500000000000005
0 1.5 0.3725 0 0.10299999999999998
0 1.5 0.6585000000000001 0 0.04700000000000004
0 1.5 0.7925 0 0.04699999999999993
0 1.5 0.899 0 0.09999999999999998
0 1.5 1.065 0 0.052000000000000046
1 0.3425 0.881 0.043 0.05
1 0.5206875 0.8945 0.04234253918933063 0.05
1 0.363875 1.0775 0.035107869488193104 0.05
1 0.36325 1.1995 0.03911521443121589 0.05
1 0.46 0.793 0.04 0.05
1 0.46 1.004 0.03 0.05
1 1 1.038 0.04001249804748511 0.05
1 1.46 0.6815 0.037 0.05
1 1.48 1.0405 0.04011234224026316 0.05
1 1.5 0.8325 0.033 0.05
3 0.50825 0.58275 0.6645000000000001 0.5235000000000001
3 1.17275 0.58275 0.6644999999999999 0.5235000000000001
3 0.50825 1.1062500000000002 0.6645000000000001 0.5235000000000001
3 1.17275 1.1062500000000002 0.6644999999999999 0.5235000000000001