0 0.4075 0.388 0.21300000000000002 0
0 0.5740000000000001 0.388 0.05799999999999994 0
0 0.732375 0.4065 0 0.11700000000000005
0 1.0335 0.388 0.1130000000000001 0
0 1.556 0.388 0.04200000000000004 0
0 2.2319999999999998 0.388 0.6359999999999999 0
0 0.6875 0.4545 0 0.05299999999999999
0 0.7785 0.45199999999999996 0 0.04799999999999999
0 0.88775 0.4495 0 0.04299999999999998
0 0.933 0.4495 0 0.04299999999999998
0 1.09075 0.4135 0 0.131
0 1.157 0.428 0.04200000000000004 0
0 1.3715 0.4125 0 0.063
0 2.0075000000000003 0.428 0.0950000000000002 0
0 2.277 0.428 0.3820000000000001 0
0 2.524 0.428 0.0519999999999996 0
0 0.6625 0.468 0.683 0
0 1.1255000000000002 0.468 0.07899999999999996 0
0 1.564 0.468 0.04200000000000004 0
0 2.0075000000000003 0.468 0.0950000000000002 0
0 2.309 0.468 0.4460000000000002 0
0 1.9835 0.508 0.14300000000000024 0
0 2.277 0.508 0.3820000000000001 0
0 2.524 0.508 0.0519999999999996 0
0 0.612 0.548 0.07200000000000006 0
0 1.1055 0.548 0.06899999999999995 0
0 2.2235 0.548 0.6230000000000002 0
0 0.33799999999999997 0.588 0.03999999999999998 0
0 1.1135000000000002 0.588 0.18700000000000006 0
0 1.983 0.588 0.04200000000000004 0
0 0.4605 0.628 0.05299999999999999 0
0 0.621 0.628 0.06000000000000005 0
0 0.9695 0.628 0.121 0
0 1.1345 0.628 0.06699999999999995 0
0 1.9805 0.628 0.040999999999999925 0
0 0.33799999999999997 0.668 0.03999999999999998 0
0 0.97175 0.6525000000000001 0 0.05300000000000005
0 1.107 0.668 0.14800000000000013 0
0 1.5365000000000002 0.668 0.08699999999999997 0
0 1.983 0.668 0.04200000000000004 0
0 1.0590000000000002 0.708 0.10200000000000009 0
0 1.347 0.748 0.04200000000000004 0
0 1.56 0.748 0.040000000000000036 0
0 1.53 0.788 0.10000000000000009 0
0 1.983 0.788 0.04200000000000004 0
0 1.05375 0.921 0 0.18600000000000005
0 1.37775 0.891 0 0.126
0 1.41125 0.8685 0 0.08100000000000007
0 1.5350000000000001 0.828 0.050000000000000044 0
0 1.9665 0.828 0.049000000000000155 0
0 0.34199999999999997 0.868 0.05199999999999999 0
0 0.691375 0.887 0 0.052000000000000046
0 1.315 0.868 0.32200000000000006 0
0 1.5615 0.868 0.04299999999999993 0
0 1.983 0.868 0.04200000000000004 0
0 0.399 0.908 0.16599999999999998 0
0 1.0295 0.908 0.07499999999999996 0
0 1.1825 0.908 0.061000000000000165 0
0 1.312 0.908 0.04800000000000004 0
0 1.3940000000000001 0.908 0.05599999999999983 0
0 1.482 0.908 0.040000000000000036 0
0 1.681 0.908 0.28200000000000003 0
0 1.983 0.908 0.04200000000000004 0
0 0.4605 0.948 0.056999999999999995 0
0 1.3094999999999999 0.948 0.17900000000000005 0
0 1.545 0.948 0.06000000000000005 0
0 1.7295 1.1295000000000002 0 0.4610000000000001
0 1.77325 0.9914999999999999 0 0.08699999999999997
0 2.045 0.948 0.15999999999999992 0
0 2.3465 0.948 0.133 0
0 2.5315 0.9339999999999999 0 0.07399999999999995
0 0.4565 0.988 0.04899999999999999 0
0 1.112 0.988 0.12200000000000011 0
0 1.4085 0.9914999999999999 0 0.10299999999999998
0 1.6095000000000002 0.988 0.16300000000000003 0
0 2.1029999999999998 0.988 0.04400000000000004 0
0 0.4415 1.028 0.059 0
0 0.986 1.028 0.09799999999999986 0
0 1.184 1.028 0.04400000000000004 0
0 1.391 1.028 0.04400000000000004 0
0 1.5716875 0.923 0 0.5680000000000001
0 2.5435 1.028 0.06099999999999994 0
0 0.4415 1.068 0.059 0
0 1.00925 1.0419999999999998 0 0.05800000000000005
0 1.55 1.068 0.04400000000000004 0
0 1.614 1.0765 0 0.05699999999999994
0 0.4445 1.108 0.07100000000000001 0
0 1.001 1.108 0.09199999999999997 0
0 1.2105000000000001 1.108 0.10299999999999998 0
0 1.5345 1.108 0.06300000000000017 0
0 0.4425 1.148 0.051000000000000045 0
0 1.04675 1.127 0 0.041999999999999815
0 1.209 1.148 0.1140000000000001 0
0 1.5394999999999999 1.148 0.06299999999999994 0
0 0.4475 1.188 0.07700000000000001 0
0 1.1844999999999999 1.188 0.05499999999999994 0
0 1.4085 1.188 0.06500000000000017 0
0 1.545 1.188 0.06000000000000005 0
0 0.4385 1.228 0.05900000000000005 0
0 0.821 1.228 0.051999999999999935 0
0 0.9565 1.228 0.09499999999999997 0
0 1.2475 1.228 0.07499999999999996 0
0 1.425 1.228 0.17399999999999993 0
0 2.546 1.228 0.05600000000000005 0
0 0.44499999999999995 1.268 0.066 0
0 0.8240000000000001 1.268 0.05799999999999994 0
0 0.93075 1.2765 0 0.17300000000000004
0 1.174 1.268 0.04400000000000004 0
0 1.4575 1.268 0.2490000000000001 0
0 2.546 1.268 0.05600000000000005 0
0 0.433 1.308 0.04800000000000004 0
0 0.487 1.334 0 0.052000000000000046
0 0.96 1.308 0.061999999999999944 0
0 1.146 1.308 0.040000000000000036 0
0 1.4765000000000001 1.308 0.30099999999999993 0
0 1.0070000000000001 1.348 1.1460000000000001 0
0 2.33 1.348 0.488 0
0 0.411375 1.3845 0 0.06699999999999995
0 1.0125 1.367 0 0.09200000000000008
0 1.143 1.388 0.053999999999999826 0
0 1.412625 1.4184999999999999 0 0.061000000000000165
0 1.4495 1.2570000000000001 0 0.29200000000000004
0 0.9715 1.428 0.06500000000000006 0
0 1.112 1.428 0.1479999999999999 0
0 1.369375 1.4224999999999999 0 0.04100000000000015
0 1.085 1.468 0.05800000000000005 0
0 1.094 1.508 0.31000000000000016 0
0 1.4009999999999998 1.508 0.236 0
0 1.01225 1.5234999999999999 0 0.050999999999999934
0 1.107 1.548 0.1120000000000001 0
0 1.0465 1.588 0.06700000000000017 0
0 1.1705 1.616 0 0.712
0 1.3170000000000002 1.588 0.04200000000000004 0
0 1.01275 1.623 0 0.06800000000000006
0 1.0114375 1.8359999999999999 0 0.272
0 0.9755 1.788 0.07300000000000006 0
0 1.0494999999999999 1.868 0.22099999999999997 0
0 0.331 0.694 0 0.504
0 0.371 0.898 0 0.07800000000000007
0 0.411 0.915 0 0.04200000000000004
0 0.411 1.101 0 0.040000000000000036
0 0.411 1.174 0 0.040000000000000036
0 0.411 1.2715 0 0.08899999999999997
0 0.451 1.1260000000000001 0 0.4640000000000001
0 0.491 0.6445000000000001 0 0.04700000000000004
0 0.491 0.9319999999999999 0 0.07599999999999996
0 0.571 0.46199999999999997 0 0.03999999999999998
0 0.571 0.577 0 0.051999999999999935
0 0.611 0.47850000000000004 0 0.067
0 0.651 0.6755 0 0.467
0 0.731 1.045 0 0.050000000000000044
0 0.731 1.3365 0 0.040999999999999925
0 0.811 1.0795 0 0.365
0 0.811 1.3235000000000001 0 0.04100000000000015
0 0.851 0.9315 0 0.07499999999999996
0 0.851 1.2269999999999999 0 0.07400000000000007
0 0.931 0.659 0 0.08999999999999997
0 0.971 0.8694999999999999 0 0.07300000000000006
0 0.971 1.1785 0 0.049000000000000155
0 0.971 1.3050000000000002 0 0.1140000000000001
0 1.011 0.44299999999999995 0 0.057999999999999996
0 1.011 1.1525 0 0.09299999999999997
0 1.051 0.396 0 0.09600000000000003
0 1.051 0.587 0 0.051999999999999935
0 1.051 0.6839999999999999 0 0.04999999999999993
0 1.051 1.3995 0 0.15700000000000003
0 1.051 1.5390000000000001 0 0.062000000000000055
0 1.091 0.712 0 0.07999999999999996
0 1.091 0.866 0 0.06600000000000006
0 1.091 1.2334999999999998 0 0.08299999999999996
0 1.091 1.4535 0 0.11299999999999999
0 1.131 0.6035 0 0.121
0 1.131 0.868 0 0.07000000000000006
0 1.131 1.327 0 0.07800000000000007
0 1.131 1.4315 0 0.06899999999999995
0 1.131 1.5545 0 0.09299999999999997
0 1.171 0.409 0 0.122
0 1.171 0.6395 0 0.137
0 1.171 0.9275 0 0.23899999999999988
0 1.171 1.1404999999999998 0 0.08299999999999996
0 1.211 0.8859999999999999 0 0.10599999999999998
0 1.211 1.204 0 0.08000000000000007
0 1.251 0.869 0 0.07200000000000006
0 1.251 1.1059999999999999 0 0.09000000000000008
0 1.251 1.237 0 0.050000000000000044
0 1.251 1.8439999999999999 0 0.04600000000000004
0 1.291 0.8845000000000001 0 0.10300000000000009
0 1.291 1.2285 0 0.04699999999999993
0 1.331 0.8959999999999999 0 0.126
0 1.331 1.3305 0 0.04899999999999993
0 1.371 0.6575 0 0.15300000000000002
0 1.371 1.2814999999999999 0 0.05700000000000016
0 1.411 1.1575 0 0.09299999999999997
0 1.411 1.3345 0 0.04700000000000015
0 1.451 0.627 0 0.09800000000000009
0 1.451 0.869 0 0.06600000000000006
0 1.491 0.618 0 0.08000000000000007
0 1.491 1.121 0 0.06999999999999984
0 1.491 1.2315 0 0.05899999999999994
0 1.491 1.324 0 0.05600000000000005
0 1.531 1.0455 0 0.30300000000000005
0 1.531 1.304 0 0.1120000000000001
0 1.571 0.479 0 0.262
0 1.571 1.3215 0 0.16700000000000004
0 1.651 0.982 0 0.06400000000000006
0 1.811 1.271 0 0.04200000000000004
0 1.971 0.6890000000000001 0 0.48800000000000004
0 2.051 0.4145 0 0.133
0 2.091 0.453 0 0.21000000000000008
0 2.091 1.1400000000000001 0 0.45600000000000007
0 2.131 0.468 0 0.16800000000000004
0 2.171 0.468 0 0.16800000000000004
0 2.211 0.4545 0 0.17700000000000005
0 2.211 1.3465 0 0.040999999999999925
0 2.251 0.449 0 0.20200000000000007
0 2.291 0.73 0 0.368
0 2.331 1.1195 0 0.050999999999999934
0 2.411 0.9339999999999999 0 0.06999999999999995
0 2.531 1.2545 0 0.20100000000000007
0 2.571 1.2445 0 0.04499999999999993
1 0.5295 0.388 0.031 0.05
1 2.0705 0.428 0.031 0.05
1 2.483 0.428 0.03 0.05
1 2.483 0.508 0.03 0.05
1 1.058 0.608 0.04123105625617661 0.05
1 1.0315 1.0135 0.04451123453691214 0.05
1 1.393125 0.947 0.03378701673720247 0.05
1 1.55 0.848 0.044721359549995794 0.05
1 1.469 0.888 0.04237924020083418 0.05
1 1.2165 0.928 0.040607881008493905 0.05
1 1.521 0.908 0.038 0.05
1 1.1675 1.008 0.041484937025383084 0.05
1 1.57134375 0.7775 0.02900814810100776 0.05
1 1.57134375 1.2225 0.03100762255075355 0.05
1 1.010125 1.0885 0.03504372269037638 0.05
1 1.211 1.208 0.04004996878900158 0.05
1 1.4565 1.208 0.04011234224026316 0.05
1 0.950875 1.2585 0.042297310789221575 0.05
1 1.161 1.288 0.04237924020083418 0.05
1 0.4111875 1.3225 0.03500200887092054 0.05
1 0.4311875 1.156 0.04023854650704968 0.05
1 1.4310625 1.28 0.03980911484823545 0.05
1 1.4118125 1.38 0.03004397818199181 0.05
1 1.021 1.428 0.034 0.05
1 1.266 1.508 0.034 0.05
1 1.0125 1.569 0.04000312487793922 0.05
1 1.19075 1.568 0.04354595273960601 0.05
1 1.01209375 1.6785 0.04302002622326025 0.05
1 0.411 1.2105 0.033 0.05
1 0.811 1.2825 0.041 0.05
1 1.051 1.493 0.03 0.05
1 1.111 0.6475 0.040792156108742275 0.05
1 1.111 1.2815 0.042059481689626185 0.05
1 1.131 1.3815 0.031 0.05
1 1.351 1.304 0.04019950248448356 0.05
1 1.491 1.2785 0.035 0.05
1 1.511 1.0775 0.04031128874149274 0.05
1 2.271 0.548 0.04019950248448356 0.05
3 0.86925 0.754 1.1365 0.8119999999999999
3 2.00575 0.754 1.1364999999999998 0.8119999999999999
3 0.86925 1.5659999999999998 1.1365 0.812
3 2.00575 1.5659999999999998 1.1364999999999998 0.812