0 0.064 0.212 0.04000000000000001 0
0 0.363625 0.277 0 0.06
0 0.474 0.292 0.10600000000000004 0
0 0.3325 0.3075 0 0.049000000000000044
0 0.5415 0.332 0.04299999999999993 0
0 0.168 0.41100000000000003 0 0.07800000000000001
0 0.1715 0.47350000000000003 0 0.04299999999999998
0 0.644 0.572 0.05600000000000005 0
0 0.6014999999999999 0.612 0.07100000000000006 0
0 0.168 0.6635 0 0.05699999999999994
0 0.64175 0.627 0 0.050000000000000044
0 0.11499999999999999 0.692 0.14200000000000002 0
0 0.0955 0.732 0.08300000000000002 0
0 0.375 0.732 0.28200000000000003 0
0 0.242375 0.842 0 0.22799999999999998
0 0.39449999999999996 0.812 0.203 0
0 0.52325 0.8260000000000001 0 0.051999999999999935
0 0.28150000000000003 0.852 0.095 0
0 0.11599999999999999 0.892 0.128 0
0 0.23099999999999998 0.892 0.04000000000000001 0
0 0.3085 0.892 0.05300000000000005 0
0 0.16775 0.9495 0 0.05899999999999994
0 0.4245 0.932 0.061 0
0 0.1605 0.972 0.04099999999999998 0
0 0.084 0.2495 0 0.14900000000000002
0 0.164 0.5529999999999999 0 0.04399999999999993
0 0.204 0.6535 0 0.09299999999999997
0 0.244 0.6285000000000001 0 0.04500000000000004
0 0.284 0.7635000000000001 0 0.07100000000000006
0 0.284 0.868 0 0.052000000000000046
0 0.324 0.8075 0 0.15900000000000003
0 0.444 0.28700000000000003 0 0.07
0 0.484 0.8300000000000001 0 0.04599999999999993
0 0.524 0.306 0 0.04600000000000004
0 0.564 0.384 0 0.09199999999999997
0 0.644 0.3055 0 0.04500000000000004
0 0.644 0.4645 0 0.046999999999999986
0 0.644 0.706 0 0.04399999999999993
0 0.644 0.81 0 0.041999999999999926
1 0.3480625 0.295 0.03930350652295543 0.05
1 0.5235 0.312 0.040607881008493905 0.05
1 0.16775 0.513 0.03677295201639379 0.05
1 0.642875 0.668 0.03207900403690863 0.05
1 0.27 0.872 0.04346262762420146 0.05
1 0.1955 0.892 0.031 0.05
1 0.284 0.8205 0.043 0.05
3 0.20099999999999998 0.376 0.314 0.40199999999999997
3 0.515 0.376 0.31400000000000006 0.40199999999999997
3 0.20099999999999998 0.778 0.314 0.402
3 0.515 0.778 0.31400000000000006 0.402