0 0.4835 0.251 0.20299999999999996 0
0 0.283 0.291 0.38 0
0 0.1145 0.331 0.04100000000000001 0
0 0.16075 0.30100000000000005 0 0.062
0 0.1265 0.571 0.063 0
0 0.5075000000000001 0.571 0.10100000000000003 0
0 0.131 0.611 0.07200000000000001 0
0 0.197375 0.602 0 0.05400000000000005
0 0.5165 0.611 0.13699999999999996 0
0 0.514 0.6225 0 0.05700000000000005
0 0.121875 0.487 0 0.43199999999999994
0 0.5529999999999999 0.691 0.06399999999999995 0
0 0.125 0.776 0 0.08999999999999997
0 0.517 0.771 0.13599999999999995 0
0 0.361625 0.821 0 0.041999999999999926
0 0.523 0.811 0.07600000000000007 0
0 0.5349999999999999 0.851 0.09999999999999998 0
0 0.360625 0.915 0 0.06399999999999995
0 0.5349999999999999 0.891 0.09999999999999998 0
0 0.159 0.6025 0 0.06900000000000006
0 0.399 0.27249999999999996 0 0.04099999999999998
0 0.399 0.9359999999999999 0 0.06999999999999995
0 0.479 0.2665 0 0.07299999999999998
0 0.479 0.5835 0 0.06899999999999995
0 0.479 0.7104999999999999 0 0.041000000000000036
0 0.519 0.8405 0 0.16900000000000004
0 0.559 0.27 0 0.03999999999999998
0 0.559 0.6100000000000001 0 0.14200000000000002
0 0.559 0.76 0 0.04800000000000004
1 0.4965 0.6 0.04243819034784589 0.05
1 0.1234375 0.717 0.02817384647150616 0.05
1 0.361125 0.8625 0.04101219330881976 0.05
3 0.21600000000000003 0.41525 0.24600000000000002 0.37050000000000005
3 0.46199999999999997 0.41525 0.24599999999999994 0.37050000000000005
3 0.21600000000000003 0.78575 0.24600000000000002 0.37049999999999994
3 0.46199999999999997 0.78575 0.24599999999999994 0.37049999999999994