0 0.09975 0.14700000000000002 0 0.04000000000000001
0 0.1905 0.167 0.08500000000000002 0
0 0.2609609375 0.4055 0 0.557
0 0.2985 0.14950000000000002 0 0.04300000000000001
0 0.140953125 0.28900000000000003 0 0.188
0 0.20350000000000001 0.207 0.07499999999999998 0
0 0.20500000000000002 0.247 0.10400000000000001 0
0 0.2435 0.287 0.161 0
0 0.10178125 0.39 0 0.126
0 0.235 0.327 0.17800000000000002 0
0 0.246 0.367 0.156 0
0 0.221 0.407 0.20600000000000002 0
0 0.1775 0.447 0.097 0
0 0.196 0.487 0.098 0
0 0.2 0.527 0.19799999999999998 0
0 0.228 0.567 0.192 0
0 0.15050000000000002 0.607 0.259 0
0 0.17250000000000001 0.647 0.303 0
0 0.0705 0.687 0.097 0
0 0.22099999999999997 0.687 0.13399999999999998 0
0 0.061 0.641 0 0.16399999999999992
0 0.101 0.6285000000000001 0 0.1110000000000001
0 0.141 0.14900000000000002 0 0.04400000000000001
0 0.141 0.4415 0 0.041000000000000036
0 0.141 0.6085 0 0.22899999999999998
0 0.181 0.425 0 0.596
0 0.221 0.425 0 0.596
0 0.301 0.4625 0 0.5209999999999999
1 0.29975 0.1865 0.031100643080167974 0.05
1 0.1409765625 0.402 0.038000028911378804 0.05
1 0.1365 0.687 0.035 0.05
1 0.141 0.478 0.032 0.05
3 0.09674999999999999 0.276 0.1515 0.298
3 0.24825 0.276 0.15150000000000002 0.298
3 0.09674999999999999 0.574 0.1515 0.298
3 0.24825 0.574 0.15150000000000002 0.298