0 0.649 0.56 0.22999999999999998 0
0 0.19549999999999998 0.65 0.313 0
0 0.085 0.125 0 0.11199999999999999
0 0.085 0.498 0 0.242
0 0.085 0.8585 0 0.19299999999999995
0 0.877 0.397 0.23199999999999998 0
0 0.12050000000000001 0.421 0.157 0
0 0.877 0.421 0.23199999999999998 0
0 0.377 0.453 0.06999999999999995 0
0 0.5975 0.573 0.121 0
0 0.504 0.773 0.31800000000000006 0
0 0.533 0.789 0.26 0
0 0.397 0.917 0.05199999999999999 0
0 0.061 0.468 0 0.17800000000000005
0 0.061 0.8815 0 0.23299999999999998
0 0.085 0.468 0 0.17800000000000005
0 0.373 0.499 0 0.08200000000000002
0 0.373 0.958 0 0.07599999999999996
0 0.397 0.49850000000000005 0 0.08300000000000002
0 0.397 0.958 0 0.07599999999999996
0 0.405 0.1815 0 0.22099999999999997
0 0.421 0.885 0 0.22199999999999998
0 0.757 0.5720000000000001 0 0.43600000000000005
0 0.781 0.5720000000000001 0 0.43600000000000005
0 0.789 0.389 0 0.07
2 0.649 0.56 0.035 0.05
3 0.2775 0.30125 0.47700000000000004 0.46449999999999997
3 0.7545 0.30125 0.477 0.46449999999999997
3 0.2775 0.7657499999999999 0.47700000000000004 0.4645
3 0.7545 0.7657499999999999 0.477 0.4645