0 0.2195 0.115 0.04299999999999998 0
0 0.374 0.115 0.040000000000000036 0
0 0.6355 0.115 0.06700000000000006 0
0 0.815125 0.0985 0 0.047
0 0.118 0.155 0.10999999999999999 0
0 0.498 0.197 0 0.10400000000000001
0 0.6365000000000001 0.155 0.09500000000000008 0
0 0.699125 0.1565 0 0.05099999999999999
0 0.28900000000000003 0.195 0.10600000000000004 0
0 0.48250000000000004 0.195 0.063 0
0 0.631 0.195 0.05600000000000005 0
0 0.5155 0.235 0.09899999999999992 0
0 0.6455 0.235 0.05700000000000005 0
0 0.126 0.275 0.132 0
0 0.4435 0.275 0.14900000000000002 0
0 0.81725 0.28600000000000003 0 0.04199999999999998
0 0.0935 0.315 0.067 0
0 0.4635 0.315 0.16300000000000003 0
0 0.47750000000000004 0.355 0.15300000000000002 0
0 0.4645 0.395 0.16500000000000004 0
0 0.096 0.133 0 0.05800000000000001
0 0.096 0.27849999999999997 0 0.069
0 0.176 0.29600000000000004 0 0.043999999999999984
0 0.296 0.2675 0 0.091
0 0.376 0.097 0 0.044
0 0.376 0.29800000000000004 0 0.068
0 0.416 0.1795 0 0.07100000000000001
0 0.416 0.33999999999999997 0 0.174
0 0.456 0.345 0 0.16399999999999998
0 0.496 0.39249999999999996 0 0.069
0 0.536 0.3345 0 0.137
0 0.616 0.2095 0 0.05499999999999999
0 0.656 0.1745 0 0.129
1 0.477 0.256 0.04427188724235731 0.05
1 0.416 0.234 0.038 0.05
3 0.2493125 0.163 0.378625 0.176
3 0.6279375 0.163 0.37862500000000004 0.176
3 0.2493125 0.33899999999999997 0.378625 0.176
3 0.6279375 0.33899999999999997 0.37862500000000004 0.176