0 1.0255 0.218 0.049000000000000155 0
0 0.9165 0.258 0.11499999999999999 0
0 0.99575 0.32 0 0.04400000000000004
0 0.186 0.338 0.057999999999999996 0
0 0.4615 0.338 0.123 0
0 0.992 0.338 0.11599999999999999 0
0 0.9610000000000001 0.418 0.05399999999999994 0
0 0.1405 0.458 0.141 0
0 0.177 0.498 0.048000000000000015 0
0 0.78575 0.5305 0 0.06499999999999995
0 0.185 0.538 0.064 0
0 0.6970000000000001 0.578 0.18400000000000005 0
0 0.178 0.618 0.04600000000000001 0
0 0.67325 0.603 0 0.07400000000000007
0 0.377 0.658 0.44399999999999995 0
0 0.185 0.698 0.064 0
0 0.547875 0.6825 0 0.06099999999999994
0 0.755 0.698 0.06800000000000006 0
0 0.9930000000000001 0.698 0.11399999999999999 0
0 0.185 0.738 0.06 0
0 0.9305000000000001 0.738 0.239 0
0 0.183 0.778 0.06 0
0 0.15 0.475 0 0.04199999999999998
0 0.19 0.45 0 0.10399999999999998
0 0.51 0.33399999999999996 0 0.03999999999999998
0 0.63 0.476 0 0.066
0 0.67 0.763 0 0.04200000000000004
0 0.71 0.5075 0 0.12899999999999995
0 0.75 0.476 0 0.066
0 0.79 0.2245 0 0.173
0 0.79 0.72 0 0.128
0 0.87 0.725 0 0.04800000000000004
0 0.91 0.28900000000000003 0 0.07400000000000001
0 0.91 0.7075 0 0.06299999999999994
0 0.95 0.167 0 0.057999999999999996
0 0.95 0.719 0 0.04400000000000004
0 0.99 0.716 0 0.04200000000000004
0 1.03 0.2435 0 0.19900000000000004
0 1.03 0.717 0 0.040000000000000036
1 0.767875 0.503 0.037404043899022466 0.05
1 0.691625 0.5415 0.03723657476191923 0.05
3 0.31500000000000006 0.2995 0.49000000000000005 0.323
3 0.805 0.2995 0.49 0.323
3 0.31500000000000006 0.6225 0.49000000000000005 0.323
3 0.805 0.6225 0.49 0.323