0 0.08425 0.096 0 0.046
0 0.6465 0.093 0 0.04000000000000001
0 0.1305 0.1275 0 0.109
0 0.207625 0.13699999999999998 0 0.06999999999999999
0 0.38349999999999995 0.113 0.07100000000000001 0
0 0.60775 0.1445 0 0.06299999999999999
0 0.23049999999999998 0.153 0.363 0
0 0.5265 0.153 0.061000000000000054 0
0 0.16871875 0.2535 0 0.207
0 0.087 0.2375 0 0.06500000000000003
0 0.2081875 0.239 0 0.05400000000000002
0 0.7204999999999999 0.233 0.04700000000000004 0
0 0.1311875 0.28800000000000003 0 0.09800000000000003
0 0.3965 0.353 0.695 0
0 0.2765 0.393 0.455 0
0 0.209 0.361 0 0.10599999999999998
0 0.249 0.23 0 0.22400000000000003
0 0.289 0.324 0 0.09799999999999998
0 0.369 0.14049999999999999 0 0.135
0 0.369 0.3405 0 0.14699999999999996
0 0.409 0.3125 0 0.06699999999999995
0 0.569 0.16 0 0.064
0 0.569 0.35650000000000004 0 0.07100000000000001
0 0.689 0.3155 0 0.06899999999999995
1 0.627125 0.113 0.03875 0.05
1 0.188171875 0.161 0.044695595857561846 0.05
1 0.20859375 0.287 0.042007858267828886 0.05
3 0.22275 0.15825 0.34750000000000003 0.17049999999999998
3 0.57025 0.15825 0.3475 0.17049999999999998
3 0.22275 0.32875 0.34750000000000003 0.17049999999999998
3 0.57025 0.32875 0.3475 0.17049999999999998