0 0.35725 0.213 0 0.04999999999999999
0 0.1575 0.279 0 0.03999999999999998
0 0.0605 0.299 0.05499999999999999 0
0 0.29200000000000004 0.299 0.09200000000000003 0
0 0.03525 0.537 0 0.508
0 0.15 0.499 0.082 0
0 0.113 0.523 0 0.06600000000000006
0 0.4485 0.539 0.10899999999999999 0
0 0.48150000000000004 0.739 0.04299999999999998 0
0 0.48150000000000004 0.779 0.04299999999999998 0
0 0.193 0.48250000000000004 0 0.044999999999999984
0 0.273 0.767 0 0.04800000000000004
0 0.433 0.5175000000000001 0 0.06900000000000006
0 0.473 0.753 0 0.07600000000000007
3 0.15050000000000002 0.33875 0.23500000000000001 0.3015
3 0.3855 0.33875 0.235 0.3015
3 0.15050000000000002 0.64025 0.23500000000000001 0.30150000000000005
3 0.3855 0.64025 0.235 0.30150000000000005