0 0.10550000000000001 0.17 0.06700000000000002 0
0 0.10503125 0.3635 0 0.46699999999999997
0 0.26625 0.2075 0 0.056999999999999995
0 0.0885 0.29 0.129 0
0 0.307625 0.307 0 0.08199999999999996
0 0.0965 0.33 0.05299999999999999 0
0 0.3035 0.33 0.04300000000000004 0
0 0.07100000000000001 0.41 0.078 0
0 0.307375 0.4135 0 0.067
0 0.0885 0.45 0.11299999999999999 0
0 0.1205 0.49 0.177 0
0 0.0695 0.53 0.075 0
0 0.1385 0.506 0 0.04800000000000004
0 0.254 0.53 0.04600000000000001 0
0 0.07300000000000001 0.57 0.08600000000000001 0
0 0.2205 0.57 0.046999999999999986 0
0 0.266625 0.5465 0 0.07699999999999996
0 0.33899999999999997 0.57 0.04199999999999998 0
0 0.2135 0.61 0.293 0
0 0.0685 0.65 0.077 0
0 0.1945 0.65 0.11299999999999999 0
0 0.1365 0.69 0.215 0
0 0.085 0.73 0.09 0
0 0.064 0.247 0 0.06999999999999998
0 0.064 0.4675 0 0.15300000000000002
0 0.064 0.6145 0 0.05300000000000005
0 0.104 0.683 0 0.11199999999999999
0 0.144 0.2015 0 0.065
0 0.144 0.6325000000000001 0 0.10300000000000009
0 0.184 0.488 0 0.05399999999999999
0 0.184 0.6345000000000001 0 0.09500000000000008
0 0.224 0.367 0 0.068
0 0.224 0.5395 0 0.11299999999999999
0 0.224 0.6675 0 0.040999999999999925
0 0.304 0.6559999999999999 0 0.09199999999999997
0 0.344 0.3515 0 0.11499999999999999
0 0.344 0.6335 0 0.04700000000000004
1 0.084515625 0.5925 0.04200670751871063 0.05
1 0.3075 0.364 0.03200097654759929 0.05
1 0.237 0.55 0.042059481689626185 0.05
3 0.108 0.28225 0.168 0.3045
3 0.276 0.28225 0.16799999999999998 0.3045
3 0.108 0.58675 0.168 0.3045
3 0.276 0.58675 0.16799999999999998 0.3045