0 0.383 0.224 0.07600000000000001 0
0 0.5485 0.224 0.125 0
0 0.42200000000000004 0.264 0.526 0
0 0.197 0.304 0.07599999999999998 0
0 0.14850000000000002 0.344 0.04100000000000001 0
0 0.20425 0.6465 0 0.8009999999999999
0 0.1505 0.384 0.044999999999999984 0
0 0.48575 0.3925 0 0.32700000000000007
0 0.1825 0.544 0.046999999999999986 0
0 0.64496875 0.5885 0 0.15900000000000003
0 0.181 0.584 0.04400000000000001 0
0 0.66 0.584 0.050000000000000044 0
0 0.1845 0.704 0.05099999999999999 0
0 0.33899999999999997 0.704 0.15199999999999997 0
0 0.3225 0.744 0.32699999999999996 0
0 0.182 0.784 0.045999999999999985 0
0 0.39449999999999996 0.784 0.044999999999999984 0
0 0.182 0.824 0.045999999999999985 0
0 0.1885 0.864 0.059 0
0 0.33899999999999997 0.864 0.07400000000000001 0
0 0.44975 0.9555 0 0.18299999999999994
0 0.6425000000000001 0.864 0.08500000000000008 0
0 0.1865 0.904 0.063 0
0 0.3095 0.904 0.061 0
0 0.4039375 0.917 0 0.08599999999999997
0 0.562875 0.9405 0 0.07299999999999995
0 0.27349999999999997 0.944 0.05499999999999999 0
0 0.403 0.944 0.14399999999999996 0
0 0.1515 0.984 0.046999999999999986 0
0 0.527 0.984 0.174 0
0 0.172 1.024 0.088 0
0 0.438 1.024 0.07399999999999995 0
0 0.5235 1 0 0.04800000000000004
0 0.165 0.296 0 0.09999999999999998
0 0.165 0.41200000000000003 0 0.06
0 0.165 0.5075000000000001 0 0.06900000000000006
0 0.165 0.6074999999999999 0 0.06500000000000006
0 0.165 0.905 0 0.04400000000000004
0 0.165 1.005 0 0.08399999999999996
0 0.245 0.266 0 0.03999999999999998
0 0.245 0.7665 0 0.07300000000000006
0 0.285 0.266 0 0.03999999999999998
0 0.285 0.8255 0 0.05899999999999994
0 0.285 0.938 0 0.06599999999999995
0 0.325 0.7085 0 0.08099999999999996
0 0.325 0.88 0 0.09800000000000009
0 0.365 0.2475 0 0.06899999999999998
0 0.365 0.714 0 0.09199999999999997
0 0.365 0.897 0 0.04600000000000004
0 0.405 0.239 0 0.05200000000000002
0 0.405 0.729 0 0.04400000000000004
0 0.405 1.0185 0 0.05699999999999994
0 0.485 0.698 0 0.08599999999999997
0 0.565 0.242 0 0.04600000000000001
0 0.605 0.23299999999999998 0 0.09799999999999998
0 0.605 0.72 0 0.05600000000000005
0 0.605 0.946 0 0.20199999999999996
0 0.645 0.264 0 0.03999999999999998
0 0.645 0.876 0 0.062000000000000055
1 0.1815 0.324 0.04123105625617661 0.05
1 0.3355 0.924 0.041 0.05
1 0.40446875 0.975 0.03001880920772841 0.05
1 0.5431875 0.9765 0.03938769636574345 0.05
1 0.165 0.4575 0.031 0.05
1 0.165 0.5585 0.033 0.05
1 0.165 0.945 0.036 0.05
1 0.265 0.7995 0.040607881008493905 0.05
3 0.26725 0.39975000000000005 0.27849999999999997 0.43150000000000005
3 0.54575 0.39975000000000005 0.2785000000000001 0.43150000000000005
3 0.26725 0.83125 0.27849999999999997 0.4314999999999999
3 0.54575 0.83125 0.2785000000000001 0.4314999999999999