0 0.2495 0.357 0.367 0
0 0.4195 0.41900000000000004 0 0.08600000000000002
0 0.4845 0.437 0.21499999999999997 0
0 0.7235 0.437 0.07899999999999996 0
0 0.39249999999999996 0.477 0.065 0
0 0.45 0.517 0.19400000000000006 0
0 0.48250000000000004 0.557 0.11100000000000004 0
0 0.497125 0.595 0 0.06400000000000006
0 0.6755 0.597 0.04899999999999993 0
0 0.37975 0.539 0 0.25000000000000006
0 0.378 0.36550000000000005 0 0.05099999999999999
0 0.418 0.534 0 0.052000000000000046
0 0.538 0.581 0 0.04599999999999993
0 0.578 0.611 0 0.10599999999999998
0 0.658 0.2275 0 0.069
0 0.658 0.628 0 0.07200000000000006
0 0.818 0.436 0 0.05400000000000005
0 0.818 0.589 0 0.08399999999999996
1 0.39875 0.401 0.04412765572744603 0.05
3 0.254 0.31074999999999997 0.376 0.2355
3 0.63 0.31074999999999997 0.37599999999999995 0.2355
3 0.254 0.54625 0.376 0.23550000000000004
3 0.63 0.54625 0.37599999999999995 0.23550000000000004