0 0.552 0.366 0.402 0
0 0.5415 0.406 0.385 0
0 0.949125 0.38349999999999995 0 0.046999999999999986
0 0.98765625 0.47000000000000003 0 0.14
0 1.008 0.446 0.04999999999999993 0
0 0.981 0.526 0.05800000000000005 0
0 0.9924999999999999 0.566 0.08099999999999996 0
0 0.982 0.606 0.05799999999999994 0
0 0.7015 0.706 0 0.039999999999999925
0 0.752125 0.688 0 0.061999999999999944
0 0.949625 0.7345 0 0.137
0 0.987 0.6930000000000001 0 0.05399999999999994
0 0.7595000000000001 0.726 0.20499999999999996 0
0 0.9904999999999999 0.726 0.08499999999999996 0
0 0.348875 0.778 0 0.238
0 0.587 0.806 0.05599999999999994 0
0 0.98 0.846 0.05600000000000005 0
0 0.34875 1.027 0 0.08799999999999997
0 0.949875 1.051 0 0.06400000000000006
0 0.3255 1.086 0.379 0
0 0.428 0.387 0 0.043999999999999984
0 0.468 0.38849999999999996 0 0.046999999999999986
0 0.668 0.38749999999999996 0 0.04899999999999999
0 0.708 0.388 0 0.05199999999999999
0 0.988 0.6025 0 0.05700000000000005
0 0.988 0.8145 0 0.08099999999999996
0 0.988 1.053 0 0.06600000000000006
0 1.028 0.416 0 0.11399999999999999
0 1.028 0.638 0 0.09800000000000009
0 1.028 1.0525 0 0.06700000000000017
1 0.968390625 0.4035 0.03916193593992131 0.05
1 0.987828125 0.557 0.03400173766239749 0.05
1 0.9875 0.647 0.035014282800023194 0.05
3 0.36025 0.5407500000000001 0.4485 0.36350000000000005
3 0.80875 0.5407500000000001 0.4484999999999999 0.36350000000000005
3 0.36025 0.90425 0.4485 0.36350000000000005
3 0.80875 0.90425 0.4484999999999999 0.36350000000000005