0 0.153 0.235 0.062 0
0 0.3635 0.23349999999999999 0 0.04100000000000001
0 0.043 0.26649999999999996 0 0.059
0 0.10300000000000001 0.275 0.06400000000000002 0
0 0.316 0.315 0.17600000000000002 0
0 0.442625 0.3305 0 0.11299999999999999
0 0.16899999999999998 0.355 0.08199999999999999 0
0 0.46950000000000003 0.355 0.069 0
0 0.525375 0.379 0 0.09199999999999997
0 0.262 0.395 0.07599999999999998 0
0 0.51 0.395 0.16199999999999998 0
0 0.081 0.269 0 0.062
0 0.121 0.263 0 0.06199999999999997
0 0.161 0.158 0 0.16599999999999998
0 0.161 0.29700000000000004 0 0.04799999999999999
0 0.161 0.388 0 0.07400000000000001
0 0.241 0.3065 0 0.04700000000000004
0 0.321 0.3325 0 0.09500000000000003
0 0.361 0.33399999999999996 0 0.10000000000000003
0 0.401 0.298 0 0.148
1 0.1275 0.255 0.042059481689626185 0.05
1 0.36225 0.269 0.030103986446980736 0.05
1 0.266 0.335 0.043863424398922615 0.05
1 0.141 0.1845 0.041 0.05
1 0.161 0.336 0.03 0.05
3 0.18 0.1625 0.274 0.175
3 0.45399999999999996 0.1625 0.27399999999999997 0.175
3 0.18 0.3375 0.274 0.175
3 0.45399999999999996 0.3375 0.27399999999999997 0.175