0 2.36 0.32399999999999995 0 0.057999999999999996
0 1.04075 0.397 0 0.15799999999999997
0 2.3914999999999997 0.415 0.07100000000000017 0
0 1.12103125 0.584 0 0.284
0 0.21100000000000002 0.495 0.1 0
0 0.4205 0.495 0.23100000000000004 0
0 1.1764999999999999 0.495 0.2889999999999999 0
0 1.4224999999999999 0.495 0.0930000000000002 0
0 0.4815625 0.5665 0 0.06299999999999994
0 1.2795 0.535 0.32299999999999995 0
0 0.45499999999999996 0.575 0.04799999999999999 0
0 0.8385 0.6165 0 0.08300000000000007
0 1.16096875 0.604 0 0.25
0 0.361 0.615 0.126 0
0 0.8260000000000001 0.615 0.07599999999999996 0
0 1.096 0.615 0.1359999999999999 0
0 1.444 0.615 0.04200000000000004 0
0 1.962 0.6935 0 0.15700000000000003
0 0.799375 0.657 0 0.04800000000000004
0 1.123 0.655 0.18999999999999995 0
0 1.3925 0.655 0.133 0
0 2.1455 0.655 0.44100000000000006 0
0 1.1324999999999998 0.695 0.04699999999999993 0
0 1.492 0.695 0.12199999999999989 0
0 1.60171875 0.7775000000000001 0 0.22899999999999998
0 2.007 0.695 0.06600000000000006 0
0 2.35975 0.6735 0 0.04299999999999993
0 0.760125 0.746 0 0.04200000000000004
0 1.048 0.735 0.040000000000000036 0
0 1.6295000000000002 0.735 0.08699999999999997 0
0 2.283 0.7565 0 0.04300000000000004
0 0.279625 0.7805 0 0.051000000000000045
0 1.1200625 0.8325 0 0.11499999999999999
0 1.31625 0.8205 0 0.32299999999999995
0 1.401203125 0.874 0 0.22799999999999998
0 1.541 0.775 0.07400000000000007 0
0 2.175 0.775 0.504 0
0 1.0859999999999999 0.815 0.11999999999999988 0
0 1.385 0.815 0.15200000000000014 0
0 0.843125 0.86 0 0.04600000000000004
0 1.0635 0.855 0.07499999999999996 0
0 1.2005 0.872 0 0.040000000000000036
0 1.4455 0.855 0.27300000000000013 0
0 0.322625 0.9375 0 0.08499999999999996
0 0.759875 0.933 0 0.07599999999999996
0 1.0875 0.8734999999999999 0 0.04300000000000004
0 1.227 0.895 0.20599999999999996 0
0 2.276 0.895 0.1519999999999997 0
0 0.963625 0.9585 0 0.04699999999999993
0 1.088 0.9555 0 0.040999999999999925
0 2.253 0.935 0.19799999999999995 0
0 0.20350000000000001 0.975 0.08499999999999999 0
0 0.418 0.975 0.12 0
0 0.97 0.975 0.43400000000000005 0
0 1.3575 0.975 0.20900000000000007 0
0 2.115 0.975 0.6240000000000001 0
0 0.48125 1.079 0 0.2600000000000001
0 0.8035 1.0425 0 0.05500000000000016
0 0.87975 1.3645 0 0.619
0 2.3674999999999997 1.095 0.06499999999999995 0
0 0.6820625 1.154 0 0.07599999999999985
0 0.7835 1.215 0.08699999999999997 0
0 0.84725 1.2135 0 0.06300000000000017
0 1.658 1.255 0.51 0
0 1.2309999999999999 1.415 0.07999999999999985 0
0 2.0865 1.415 0.06099999999999994 0
0 1.698 1.455 0.08200000000000007 0
0 2.0365 1.455 0.06499999999999995 0
0 0.281 0.639 0 0.06400000000000006
0 0.281 0.9410000000000001 0 0.039999999999999925
0 0.321 0.508 0 0.05400000000000005
0 0.321 0.6315 0 0.07900000000000007
0 0.361 0.6265000000000001 0 0.05900000000000005
0 0.401 0.5660000000000001 0 0.07599999999999996
0 0.721 1.1895 0 0.052999999999999936
0 0.801 0.9604999999999999 0 0.04500000000000004
0 0.801 1.1735 0 0.07299999999999995
0 1.041 0.9515 0 0.052999999999999936
0 1.081 0.5640000000000001 0 0.18800000000000006
0 1.121 0.946 0 0.041999999999999926
0 1.201 0.5115000000000001 0 0.06500000000000006
0 1.201 0.6699999999999999 0 0.039999999999999925
0 1.201 0.7475 0 0.04500000000000004
0 1.241 0.517 0 0.07600000000000007
0 1.321 0.5309999999999999 0 0.10399999999999998
0 1.361 0.504 0 0.04600000000000004
0 1.361 0.827 0 0.06999999999999995
0 1.361 0.9425 0 0.09099999999999997
0 1.401 0.6455 0 0.05500000000000005
0 1.441 0.429 0 0.15000000000000002
0 1.441 0.78 0 0.376
0 1.521 0.7475 0 0.049000000000000044
0 1.561 0.692 0 0.05799999999999994
0 1.561 0.856 0 0.05600000000000005
0 1.681 1.438 0 0.04400000000000004
0 2.041 0.6625000000000001 0 0.04700000000000004
0 2.041 1.4329999999999998 0 0.04600000000000004
0 2.161 0.649 0 0.04400000000000004
0 2.201 0.667 0 0.04999999999999993
1 1.060875 0.473 0.04069474781836103 0.05
1 0.283 0.495 0.044 0.05
1 0.3885 0.595 0.040607881008493905 0.05
1 1.180984375 0.727 0.04023059751684655 0.05
1 1.5885 0.755 0.040792156108742275 0.05
1 1.12053125 0.9075 0.035012553552261794 0.05
1 0.80225 1.004 0.03209750769140807 0.05
1 2.0605 1.435 0.042059481689626185 0.05
1 1.361 0.8795 0.035 0.05
3 0.7275 0.63975 1.133 0.6895
3 1.8605 0.63975 1.133 0.6895
3 0.7275 1.32925 1.133 0.6894999999999999
3 1.8605 1.32925 1.133 0.6894999999999999