0 0.092 0.183 0.04000000000000001 0
0 0.178 0.187 0 0.057999999999999996
0 0.21525 0.2185 0 0.07100000000000001
0 0.101625 0.1975 0 0.07699999999999999
0 0.051500000000000004 0.303 0.061 0
0 0.1378125 0.356 0 0.10599999999999998
0 0.2225 0.33099999999999996 0 0.055999999999999994
0 0.07100000000000001 0.423 0.058 0
0 0.17625 0.4465 0 0.046999999999999986
0 0.21909375 0.449 0 0.12
0 0.06949999999999999 0.463 0.10099999999999999 0
0 0.141375 0.523 0 0.11999999999999994
0 0.020875 0.523 0 0.11999999999999994
0 0.059 0.258 0 0.124
0 0.059 0.454 0 0.20000000000000007
0 0.099 0.4415 0 0.18100000000000005
0 0.139 0.2235 0 0.05499999999999999
1 0.1585 0.206 0.043829214001622256 0.05
1 0.15703125 0.416 0.04090771817456945 0.05
1 0.220796875 0.374 0.0301927564005425 0.05
1 0.1588125 0.4665 0.035570572458142984 0.05
1 0.059 0.337 0.034 0.05
3 0.06987499999999999 0.26425 0.10175 0.2125
3 0.171625 0.26425 0.10175000000000001 0.2125
3 0.06987499999999999 0.47675 0.10175 0.21249999999999997
3 0.171625 0.47675 0.10175000000000001 0.21249999999999997