0 0.4255 0.35550000000000004 0 0.08900000000000002
0 0.51625 0.3185 0 0.04500000000000004
0 0.7114375 0.33899999999999997 0 0.10200000000000004
0 0.9295 0.311 0.30900000000000005 0
0 0.7875 0.32799999999999996 0 0.045999999999999985
0 1.02725 0.32999999999999996 0 0.04199999999999998
0 0.472015625 0.49350000000000005 0 0.36100000000000004
0 0.646 0.471 0.06800000000000006 0
0 0.9179999999999999 0.471 0.04599999999999993 0
0 0.434 0.511 0.052000000000000046 0
0 1.0474999999999999 0.551 0.07300000000000018 0
0 0.878 0.613 0 0.04400000000000004
0 0.32 0.6535 0 0.04500000000000004
0 0.42400000000000004 0.631 0.04199999999999998 0
0 0.853 0.631 0.07800000000000007 0
0 1.03475 0.641 0 0.08600000000000008
0 0.29600000000000004 0.671 0.334 0
0 0.875125 0.7225 0 0.10299999999999998
0 1.013 0.671 0.05400000000000005 0
0 1.0474999999999999 0.711 0.07300000000000018 0
0 0.1925 0.7175 0 0.06699999999999995
0 0.662 0.751 0.442 0
0 0.151 0.791 0.04199999999999998 0
0 0.756 0.791 0.13 0
0 1.0470000000000002 0.791 0.07400000000000007 0
0 0.1515 0.831 0.04299999999999998 0
0 1.064 0.831 0.040000000000000036 0
0 0.15050000000000002 0.871 0.04100000000000001 0
0 0.2895 0.871 0.07900000000000001 0
0 0.309875 0.891 0 0.07000000000000006
0 0.9124375 0.9585 0 0.09499999999999997
0 0.968 0.911 0.040000000000000036 0
0 0.5095 0.969 0 0.06799999999999984
0 0.806 0.951 0.556 0
0 0.4625 0.991 0.04299999999999998 0
0 0.6605 0.991 0.06299999999999994 0
0 0.813 0.991 0.07599999999999996 0
0 0.9524999999999999 0.991 0.1329999999999999 0
0 0.126 1.031 0.04999999999999999 0
0 0.6779999999999999 1.031 0.06799999999999995 0
0 0.7465 1.034 0 0.05600000000000005
0 0.819 1.031 0.041999999999999926 0
0 0.908 1.0585 0 0.05500000000000016
0 0.5800000000000001 1.071 0.04599999999999993 0
0 0.728 1.071 0.04200000000000004 0
0 0.8195 1.071 0.04299999999999993 0
0 0.152 0.861 0 0.45000000000000007
0 0.272 0.6675 0 0.040999999999999925
0 0.432 0.601 0 0.134
0 0.472 1.016 0 0.14000000000000012
0 0.552 0.3395 0 0.05299999999999999
0 0.592 0.33899999999999997 0 0.05199999999999999
0 0.592 1.0445 0 0.08300000000000018
0 0.632 0.3385 0 0.05299999999999999
0 0.632 0.7865 0 0.07499999999999996
0 0.672 0.49050000000000005 0 0.05299999999999999
0 0.672 0.62 0 0.040000000000000036
0 0.752 0.6495 0 0.09699999999999998
0 0.752 0.7865 0 0.07899999999999996
0 0.792 0.9870000000000001 0 0.10999999999999999
0 0.832 0.319 0 0.04400000000000004
0 0.832 0.6745 0 0.04699999999999993
0 0.832 1.0175 0 0.13700000000000012
0 0.872 0.33099999999999996 0 0.04199999999999998
0 0.912 0.33799999999999997 0 0.05399999999999999
0 0.952 0.3375 0 0.05499999999999999
0 0.952 0.958 0 0.09599999999999997
0 0.992 0.3375 0 0.05499999999999999
0 1.072 0.644 0 0.6679999999999999
1 0.8765625 0.653 0.03611461788528296 0.05
1 0.91021875 1.0185 0.025390774038024127 0.05
1 0.7095 1.051 0.04031128874149274 0.05
3 0.34675 0.48750000000000004 0.49150000000000005 0.3990000000000001
3 0.83825 0.48750000000000004 0.49150000000000005 0.3990000000000001
3 0.34675 0.8865000000000001 0.49150000000000005 0.399
3 0.83825 0.8865000000000001 0.49150000000000005 0.399