0 0.51125 0.1885 0 0.08700000000000002
0 0.967 0.185 0.8299999999999998 0
0 1.6185 0.185 0.15900000000000003 0
0 0.5095 0.225 0.14499999999999996 0
0 0.868 0.225 0.21199999999999997 0
0 1.2205 0.225 0.19100000000000006 0
0 1.603 0.225 0.1280000000000001 0
0 0.8260000000000001 0.265 0.07199999999999995 0
0 1.2435 0.265 0.06899999999999995 0
0 1.394125 0.2925 0 0.08900000000000002
0 1.516875 0.27149999999999996 0 0.046999999999999986
0 0.616 0.305 0.1479999999999999 0
0 1.234 0.305 0.06000000000000005 0
0 0.86775 0.366 0 0.04200000000000004
0 1.353375 0.3625 0 0.10699999999999998
0 0.79425 0.35850000000000004 0 0.05299999999999999
0 0.907 0.385 0.08599999999999997 0
0 1.2435 0.385 0.06299999999999994 0
0 0.75075 0.4115 0 0.04099999999999998
0 0.953 0.383 0 0.39799999999999996
0 0.79575 0.494 0 0.057999999999999996
0 1.0899999999999999 0.465 0.07800000000000007 0
0 0.6165 0.505 0.1429999999999999 0
0 1.0295 0.505 0.05499999999999994 0
0 1.256 0.505 0.07399999999999984 0
0 0.23525 0.591 0 0.10799999999999998
0 0.514 0.5395 0 0.05699999999999994
0 0.62625 0.523 0 0.04400000000000004
0 0.7150625 0.5489999999999999 0 0.07599999999999996
0 1.153125 0.5515 0 0.06499999999999995
0 0.153 0.596 0 0.04200000000000004
0 0.356375 0.5945 0 0.04500000000000004
0 0.802 0.585 0.06999999999999995 0
0 1.1280000000000001 0.585 0.2260000000000002 0
0 0.8405 0.6025 0 0.04500000000000004
0 1.07875 0.6 0 0.050000000000000044
0 0.8015 0.665 0.09899999999999998 0
0 0.4645 0.705 0.07100000000000001 0
0 0.51625 0.7055 0 0.07299999999999995
0 1.2715 0.753 0 0.09600000000000009
0 0.47950000000000004 0.745 0.14100000000000007 0
0 1.078 0.742 0 0.04800000000000004
0 1.1535000000000002 0.745 0.08299999999999996 0
0 1.4475 0.745 0.08300000000000018 0
0 1.6375 0.745 0.121 0
0 0.4445 0.785 0.05099999999999999 0
0 0.83625 0.8049999999999999 0 0.039999999999999925
0 1.117625 0.7595000000000001 0 0.08300000000000007
0 1.2755 0.785 0.06099999999999994 0
0 0.273 0.5549999999999999 0 0.041999999999999926
0 0.433 0.5549999999999999 0 0.041999999999999926
0 0.433 0.719 0 0.21199999999999997
0 0.473 0.21 0 0.068
0 0.473 0.613 0 0.42399999999999993
0 0.553 0.20400000000000001 0 0.04000000000000001
0 0.593 0.517 0 0.052000000000000046
0 0.633 0.7224999999999999 0 0.06500000000000006
0 0.673 0.186 0 0.08200000000000002
0 0.713 0.1965 0 0.04100000000000001
0 0.753 0.65 0 0.05400000000000005
0 0.793 0.22749999999999998 0 0.165
0 0.793 0.647 0 0.04800000000000004
0 0.833 0.20550000000000002 0 0.04300000000000001
0 0.873 0.20900000000000002 0 0.05000000000000002
0 0.873 0.47750000000000004 0 0.09100000000000003
0 0.913 0.20550000000000002 0 0.04300000000000001
0 1.033 0.20600000000000002 0 0.05000000000000002
0 1.033 0.7395 0 0.04300000000000004
0 1.073 0.188 0 0.08600000000000002
0 1.113 0.5589999999999999 0 0.05599999999999994
0 1.153 0.21 0 0.05199999999999999
0 1.153 0.3025 0 0.04299999999999998
0 1.153 0.739 0 0.04200000000000004
0 1.193 0.20850000000000002 0 0.049000000000000016
0 1.193 0.716 0 0.05799999999999994
0 1.233 0.2105 0 0.05299999999999999
0 1.233 0.7585 0 0.08100000000000007
0 1.273 0.2125 0 0.056999999999999995
0 1.353 0.202 0 0.04200000000000001
0 1.433 0.1865 0 0.08300000000000002
0 1.553 0.20800000000000002 0 0.048000000000000015
0 1.593 0.20500000000000002 0 0.048000000000000015
0 1.633 0.20500000000000002 0 0.048000000000000015
0 1.673 0.203 0 0.04400000000000001
1 1.4135625 0.241 0.04371802402899747 0.05
1 1.5349375 0.2395 0.039509690267072455 0.05
1 0.7725 0.388 0.04391184350491334 0.05
1 1.0655 0.485 0.04044749683231337 0.05
1 1.095875 0.578 0.03629135572006094 0.05
1 0.433 0.5945 0.037 0.05
3 0.53925 0.315 0.7725 0.33999999999999997
3 1.31175 0.315 0.7725 0.33999999999999997
3 0.53925 0.655 0.7725 0.33999999999999997
3 1.31175 0.655 0.7725 0.33999999999999997