0 0.9465 0.383 0.05699999999999994 0
0 0.9789999999999999 0.423 0.07999999999999996 0
0 0.94575 0.4585 0 0.07700000000000001
0 0.994 0.463 0.04999999999999993 0
0 0.9704999999999999 0.503 0.09699999999999986 0
0 0.196 0.543 0.05399999999999999 0
0 0.9789999999999999 0.543 0.07999999999999996 0
0 0.94575 0.6855 0 0.20500000000000007
0 0.9974999999999999 0.583 0.04299999999999993 0
0 0.9989999999999999 0.623 0.039999999999999925 0
0 0.193 0.663 0.04799999999999999 0
0 0.996 0.663 0.04599999999999993 0
0 0.9075 0.749 0 0.09200000000000008
0 0.9974999999999999 0.703 0.04299999999999993 0
0 0.996 0.743 0.04599999999999993 0
0 0.78875 0.815 0 0.08399999999999996
0 0.9445 0.843 0 0.040000000000000036
0 0.994 0.823 0.04999999999999993 0
0 0.22499999999999998 0.863 0.152 0
0 0.7825 0.863 0.47299999999999986 0
0 0.1975 0.903 0.097 0
0 0.5471875 0.9299999999999999 0 0.19200000000000006
0 0.58575 0.873 0 0.07800000000000007
0 0.9875 0.869 0 0.348
0 0.1875 0.943 0.07700000000000001 0
0 0.84 0.943 0.3579999999999999 0
0 0.1805 0.983 0.063 0
0 0.49750000000000005 0.983 0.10700000000000004 0
0 0.84 0.983 0.3579999999999999 0
0 0.174 1.023 0.05000000000000002 0
0 0.388 1.0074999999999998 0 0.06299999999999994
0 0.8365 1.023 0.09299999999999997 0
0 0.90675 1.0565 0 0.06700000000000017
0 0.94875 0.9824999999999999 0 0.08099999999999996
0 0.9989999999999999 1.023 0.039999999999999925 0
0 0.172 1.063 0.04600000000000001 0
0 0.22675 1.084 0 0.04600000000000004
0 0.626875 1.133 0 0.2799999999999999
0 0.6875 1.063 0.06099999999999994 0
0 0.20450000000000002 1.103 0.11100000000000002 0
0 0.70475 1.1165 0 0.125
0 0.95375 1.1255 0 0.04499999999999993
0 0.16899999999999998 1.143 0.04000000000000001 0
0 0.176 1.183 0.05400000000000002 0
0 0.305125 1.2160000000000002 0 0.06600000000000006
0 0.182 1.223 0.066 0
0 0.5940000000000001 1.223 0.15000000000000002 0
0 0.86275 1.2435 0 0.040999999999999925
0 0.16899999999999998 1.263 0.04000000000000001 0
0 0.601 1.263 0.14400000000000002 0
0 0.90875 1.2995 0 0.131
0 0.16899999999999998 1.303 0.04000000000000001 0
0 0.46625 1.333 0 0.12400000000000011
0 0.196 1.343 0.094 0
0 0.42500000000000004 1.343 0.07 0
0 0.225625 1.3635000000000002 0 0.08299999999999996
0 0.449 1.383 0.118 0
0 0.6845 1.383 0.04699999999999993 0
0 0.938 1.383 0.05999999999999994 0
0 0.17049999999999998 1.423 0.04300000000000001 0
0 0.27049999999999996 1.423 0.046999999999999986 0
0 0.8280000000000001 1.423 0.09799999999999998 0
0 0.181 1.503 0.064 0
0 0.49250000000000005 1.503 0.09700000000000003 0
0 0.7195 1.503 0.131 0
0 0.8705 1.5095 0 0.07699999999999996
0 0.311 1.543 0.32399999999999995 0
0 0.787 1.543 0.26 0
0 0.3435 1.583 0.389 0
0 0.785 1.5685 0 0.08099999999999996
0 0.829375 1.54 0 0.1379999999999999
0 0.16899999999999998 1.623 0.04000000000000001 0
0 0.679 1.623 0.04399999999999993 0
0 0.16899999999999998 1.663 0.04000000000000001 0
0 0.26625 1.6615 0 0.31300000000000017
0 0.516 1.663 0.050000000000000044 0
0 0.174 1.703 0.05000000000000002 0
0 0.8845000000000001 1.703 0.05500000000000005 0
0 0.174 1.743 0.05000000000000002 0
0 0.49950000000000006 1.743 0.07700000000000001 0
0 0.8955 1.743 0.07700000000000007 0
0 0.9989999999999999 1.743 0.039999999999999925 0
0 0.20600000000000002 1.783 0.11400000000000002 0
0 0.4285 1.787 0 0.07000000000000006
0 0.46625 1.755 0 0.15400000000000014
0 0.884 1.783 0.05400000000000005 0
0 0.9989999999999999 1.783 0.039999999999999925 0
0 0.34800000000000003 1.823 0.398 0
0 0.74875 1.831 0 0.23199999999999998
0 0.914 1.823 0.04600000000000004 0
0 0.9974999999999999 1.823 0.04299999999999993 0
0 0.66 1.863 0.04600000000000004 0
0 0.777 1.863 0.062000000000000055 0
0 0.9195 1.863 0.04899999999999993 0
0 0.652 1.903 0.050000000000000044 0
0 0.9435 1.903 0.09699999999999998 0
0 0.174 1.943 0.05000000000000002 0
0 0.7929999999999999 1.943 0.31199999999999994 0
0 0.147 1.8715 0 0.04899999999999993
0 0.187 0.381 0 0.07599999999999996
0 0.187 0.5369999999999999 0 0.132
0 0.187 1.36 0 1.174
0 0.227 0.8979999999999999 0 0.128
0 0.227 1.189 0 0.040000000000000036
0 0.227 1.5434999999999999 0 0.07700000000000018
0 0.227 1.7970000000000002 0 0.04200000000000004
0 0.267 0.7464999999999999 0 0.05700000000000005
0 0.267 0.864 0 0.06000000000000005
0 0.307 1.491 0 0.19599999999999995
0 0.347 0.8565 0 0.04500000000000004
0 0.387 0.8875 0 0.10699999999999998
0 0.387 1.54 0 0.07000000000000006
0 0.387 1.7854999999999999 0 0.05899999999999994
0 0.427 1.3855 0 0.10699999999999998
0 0.427 1.545 0 0.08000000000000007
0 0.467 0.6214999999999999 0 0.04300000000000004
0 0.467 0.854 0 0.040000000000000036
0 0.467 1.5435 0 0.09699999999999998
0 0.507 1.379 0 0.09399999999999986
0 0.547 1.816 0 0.040000000000000036
0 0.627 0.859 0 0.050000000000000044
0 0.627 1.8145 0 0.09100000000000019
0 0.667 1.025 0 0.382
0 0.667 1.2905 0 0.05900000000000016
0 0.667 1.7850000000000001 0 0.32400000000000007
0 0.707 0.867 0 0.05400000000000005
0 0.707 0.967 0 0.050000000000000044
0 0.707 1.508 0 0.08199999999999985
0 0.747 0.9175 0 0.15500000000000003
0 0.747 1.51 0 0.08599999999999985
0 0.787 0.975 0 0.06600000000000006
0 0.787 1.447 0 0.06000000000000005
0 0.827 0.999 0 0.1140000000000001
0 0.867 0.97 0 0.05600000000000005
0 0.867 1.35 0 0.05599999999999983
0 0.867 1.7309999999999999 0 0.1279999999999999
0 0.867 1.8940000000000001 0 0.039999999999999813
0 0.907 0.44699999999999995 0 0.045999999999999985
0 0.907 0.967 0 0.050000000000000044
0 0.907 1.7375 0 0.41900000000000004
0 0.947 0.36750000000000005 0 0.04899999999999999
0 0.947 1.9155 0 0.06300000000000017
0 0.987 0.503 0 0.32
0 0.987 1.555 0 0.06000000000000005
0 0.987 1.7655 0 0.14100000000000001
1 0.946375 0.42 0.028027887897592283 0.05
1 0.945125 0.8055 0.035022314315304746 0.05
1 0.98725 0.693 0.03200390601161052 0.05
1 0.3875 0.9365 0.035014282800023194 0.05
1 0.92775 1.016 0.042 0.05
1 0.6469375 1.267 0.041880969723730135 0.05
1 0.88875 1.538 0.041620307543313514 0.05
1 0.8081875 1.513 0.04279767078942498 0.05
1 0.901 1.803 0.044721359549995794 0.05
1 0.9565 1.823 0.039 0.05
3 0.365 0.744 0.43599999999999994 0.802
3 0.8009999999999999 0.744 0.43599999999999994 0.802
3 0.365 1.546 0.43599999999999994 0.802
3 0.8009999999999999 1.546 0.43599999999999994 0.802