0 0.574125 0.224 0 0.064
0 0.809375 0.227 0 0.07
0 1.1325 0.224 0 0.064
0 1.251 0.622 0 0.8600000000000001
0 0.708 0.232 1.1520000000000001 0
0 1.6665 0.232 0.639 0
0 0.474 0.272 0.043999999999999984 0
0 1.4885 0.431 0 0.404
0 1.57275 0.431 0 0.404
0 1.84725 0.2515 0 0.04100000000000001
0 1.93275 0.311 0 0.16
0 0.17325 0.311 0 0.04800000000000004
0 1.209875 0.405 0 0.057999999999999996
0 1.933875 0.517 0 0.25
0 0.9685 0.3905 0 0.32300000000000006
0 1.168875 0.5665 0 0.05899999999999994
0 1.212125 0.6035 0 0.123
0 1.0485 0.6285000000000001 0 0.07300000000000006
0 1.1335625 0.6285000000000001 0 0.07300000000000006
0 1.222 0.592 0.05400000000000005 0
0 0.308 0.632 0.08799999999999997 0
0 0.6055 0.632 0.121 0
0 1.013 0.632 0.10200000000000009 0
0 1.6355 0.632 0.04299999999999993 0
0 0.23550000000000001 0.672 0.20700000000000002 0
0 0.6121640625 0.867 0 0.31000000000000005
0 0.6919833984375 0.867 0 0.31000000000000005
0 0.5335625 0.7675000000000001 0 0.08100000000000007
0 0.651671875 0.7969999999999999 0 0.14
0 0.81215625 0.8694999999999999 0 0.28500000000000003
0 0.8935 0.752 0.05500000000000005 0
0 1.172125 0.7404999999999999 0 0.041000000000000036
0 1.9535 0.752 0.06499999999999995 0
0 0.586 0.792 0.22599999999999998 0
0 0.857 0.792 0.236 0
0 0.2485 0.829 0 0.04999999999999993
0 0.619 0.832 0.06000000000000005 0
0 0.9035 0.832 0.137 0
0 0.5269999999999999 0.872 0.10799999999999998 0
0 0.732359375 0.94 0 0.16999999999999993
0 0.77215625 0.8995 0 0.08899999999999997
0 0.850375 0.8360000000000001 0 0.09999999999999998
0 0.494 0.9855 0 0.20500000000000007
0 0.575875 0.9415 0 0.16299999999999992
0 0.65175 0.9585 0 0.123
0 0.3175 0.952 0.065 0
0 0.562 0.952 0.06799999999999995 0
0 0.7795000000000001 0.952 0.05700000000000005 0
0 0.9355 0.952 0.07899999999999996 0
0 0.778 0.992 0.358 0
0 0.2125 1.042 0 0.09200000000000008
0 0.9765 0.8714999999999999 0 0.32100000000000006
0 1.09375 1.022 0 0.052000000000000046
0 1.1715 1.072 0.040999999999999925 0
0 0.132 0.23049999999999998 0 0.04500000000000001
0 0.132 0.9949999999999999 0 0.05999999999999994
0 0.172 0.2285 0 0.07300000000000001
0 0.212 0.231 0 0.068
0 0.252 1.0034999999999998 0 0.04699999999999993
0 0.292 0.253 0 0.06199999999999997
0 0.292 0.641 0 0.06600000000000006
0 0.332 0.2555 0 0.05699999999999997
0 0.332 0.645 0 0.07400000000000007
0 0.372 0.228 0 0.07200000000000001
0 0.412 0.247 0 0.04000000000000001
0 0.452 0.2495 0 0.04500000000000001
0 0.492 0.7929999999999999 0 0.132
0 0.532 0.868 0 0.052000000000000046
0 0.532 0.944 0 0.039999999999999925
0 0.612 0.224 0 0.064
0 0.652 0.5720000000000001 0 0.10999999999999999
0 0.732 0.2955 0 0.13299999999999998
0 0.732 0.778 0 0.10199999999999998
0 0.772 0.558 0 0.041999999999999926
0 0.772 0.7989999999999999 0 0.04999999999999993
0 0.892 0.907 0 0.08799999999999997
0 0.932 0.8300000000000001 0 0.20600000000000007
0 0.932 0.994 0 0.061999999999999944
0 1.172 0.2145 0 0.044999999999999984
0 1.212 0.215 0 0.045999999999999985
0 1.212 0.817 0 0.04399999999999993
0 1.652 0.633 0 0.04200000000000004
0 1.972 0.571 0 0.10399999999999998
1 0.192625 0.266 0.04455965103094951 0.05
1 1.15121875 0.594 0.03553832658201565 0.05
1 0.53278125 0.825 0.034035884096788205 0.05
1 0.6517109375 0.882 0.030000101725087953 0.05
1 0.719 0.792 0.04 0.05
1 0.7321796875 0.876 0.026002483542743086 0.05
1 0.513 0.965 0.03956008088970496 0.05
1 0.5975 0.972 0.04011234224026316 0.05
1 0.532 0.909 0.03 0.05
1 0.912 0.957 0.0417612260356422 0.05
3 0.5954999999999999 0.41600000000000004 0.9269999999999999 0.448
3 1.5225 0.41600000000000004 0.927 0.448
3 0.5954999999999999 0.8640000000000001 0.9269999999999999 0.44800000000000006
3 1.5225 0.8640000000000001 0.927 0.44800000000000006