0 0.3215 0.275 0.563 0
0 0.203 0.515 0.05600000000000002 0
0 0.44075 0.6405000000000001 0 0.05500000000000005
0 0.52025 0.6950000000000001 0 0.05599999999999994
0 0.1875 0.715 0.07100000000000001 0
0 0.242 0.6955 0 0.04499999999999993
0 0.5115 0.715 0.183 0
0 0.480078125 0.9195 0 0.24299999999999988
0 0.579 0.835 0.04799999999999993 0
0 0.0795 0.8745 0 0.041000000000000036
0 0.579 0.875 0.04799999999999993 0
0 0.5785 0.915 0.04899999999999993 0
0 0.52025 0.9585 0 0.15500000000000003
0 0.5785 0.955 0.04899999999999993 0
0 0.071 0.995 0.06199999999999999 0
0 0.0775 1.0779999999999998 0 0.08600000000000008
0 0.08900000000000001 1.075 0.098 0
0 0.075 1.115 0.068 0
0 0.53 1.115 0.09199999999999997 0
0 0.344 1.155 0.045999999999999985 0
0 0.0725 1.195 0.065 0
0 0.557125 1.229 0 0.06799999999999984
0 0.4445 1.235 0.10899999999999999 0
0 0.506 1.315 0.04600000000000004 0
0 0.16 0.33499999999999996 0 0.07200000000000001
0 0.16 0.6935 0 0.04299999999999993
0 0.2 0.526 0 0.04600000000000004
0 0.32 0.261 0 0.05199999999999999
0 0.32 1.251 0 0.17000000000000015
0 0.36 0.261 0 0.05199999999999999
0 0.36 1.1545 0 0.05700000000000016
0 0.4 0.26649999999999996 0 0.063
0 0.4 1.028 0 0.04600000000000004
0 0.44 0.26 0 0.04999999999999999
0 0.44 0.7415 0 0.06900000000000006
0 0.48 0.265 0 0.06
0 0.48 1.1975 0 0.04700000000000015
0 0.52 0.26049999999999995 0 0.05099999999999999
0 0.52 0.434 0 0.050000000000000044
0 0.56 0.261 0 0.05199999999999999
0 0.56 0.97 0 0.32799999999999985
0 0.6 0.26049999999999995 0 0.05099999999999999
0 0.6 0.8445 0 0.08099999999999996
0 0.6 1.1735 0 0.051000000000000156
1 0.440375 0.6875 0.039007210871837526 0.05
1 0.5785625 1.2055 0.04306118466786533 0.05
1 0.34 1.231 0.04346262762420146 0.05
1 0.58 1.141 0.04237924020083418 0.05
3 0.18075 0.51025 0.28150000000000003 0.5505
3 0.46225 0.51025 0.2815 0.5505
3 0.18075 1.06075 0.28150000000000003 0.5505000000000001
3 0.46225 1.06075 0.2815 0.5505000000000001