0 0.1288125 0.3135 0 0.125
0 0.1681875 0.307 0 0.11199999999999999
0 0.20934375 0.307 0 0.11199999999999999
0 0.248625 0.312 0 0.122
0 0.28975 0.308 0 0.11399999999999999
0 0.329125 0.29500000000000004 0 0.08800000000000002
0 0.36775 0.29700000000000004 0 0.09200000000000003
0 0.40971875 0.308 0 0.11399999999999999
0 0.449375 0.3095 0 0.11699999999999999
0 0.19 0.331 0.07200000000000001 0
0 0.35550000000000004 0.331 0.197 0
0 0.4845 0.358 0 0.05399999999999999
0 0.607 0.331 0.08400000000000007 0
0 0.10750000000000001 0.371 0.117 0
0 0.493 0.371 0.11400000000000005 0
0 0.698 0.371 0.09199999999999997 0
0 0.688375 0.5585 0 0.06699999999999995
0 0.5283125 0.6375 0 0.09500000000000008
0 0.1145 0.651 0.093 0
0 0.484 0.651 0.11000000000000004 0
0 0.07500000000000001 0.731 0.052000000000000005 0
0 0.702 0.731 0.08399999999999996 0
0 0.245 0.7925 0 0.04299999999999993
0 0.51 0.771 0.05600000000000005 0
0 0.7195 0.771 0.049000000000000044 0
0 0.274 0.811 0.14599999999999996 0
0 0.702 0.851 0.08399999999999996 0
0 0.2245 0.891 0.046999999999999986 0
0 0.40675 0.914 0 0.04600000000000004
0 0.49650000000000005 0.891 0.09100000000000003 0
0 0.088 0.711 0 0.736
0 0.2485 0.923 0 0.05399999999999994
0 0.5675 0.931 0.09299999999999997 0
0 0.412125 1.0005 0 0.05900000000000005
0 0.504 1.011 0.246 0
0 0.2505 1.077 0 0.052000000000000046
0 0.33499999999999996 1.051 0.064 0
0 0.5425 1.051 0.04299999999999993 0
0 0.6005 1.091 0.041000000000000036 0
0 0.5235000000000001 1.171 0.07500000000000007 0
0 0.5820000000000001 1.211 0.06599999999999995 0
0 0.091 1.264 0 0.10999999999999988
0 0.130875 1.2805 0 0.09499999999999997
0 0.248625 1.2429999999999999 0 0.039999999999999813
0 0.289 1.2805 0 0.09499999999999997
0 0.591 1.251 0.08399999999999996 0
0 0.6115 1.283 0 0.07800000000000007
0 0.688875 1.3545 0 0.040999999999999925
0 0.129 0.8295 0 0.09499999999999997
0 0.129 0.9590000000000001 0 0.06599999999999995
0 0.169 1.06 0 0.05600000000000005
0 0.209 0.877 0 0.1459999999999999
0 0.209 1.2309999999999999 0 0.039999999999999813
0 0.329 0.8425 0 0.07499999999999996
0 0.369 1.2774999999999999 0 0.07899999999999996
0 0.409 1.2970000000000002 0 0.04200000000000004
0 0.409 1.395 0 0.05600000000000005
0 0.449 1.294 0 0.07400000000000007
0 0.529 0.7905 0 0.052999999999999936
0 0.529 0.882 0 0.04400000000000004
0 0.569 0.354 0 0.057999999999999996
0 0.569 1.0375 0 0.08100000000000007
0 0.569 1.2195 0 0.04300000000000015
0 0.609 0.35350000000000004 0 0.056999999999999995
0 0.649 0.34650000000000003 0 0.046999999999999986
0 0.649 1.2200000000000002 0 0.05400000000000005
0 0.729 0.6305000000000001 0 0.5690000000000001
0 0.729 1.3185 0 0.04499999999999993
1 0.2415 0.331 0.031 0.05
1 0.1375 0.351 0.0417612260356422 0.05
1 0.445 0.351 0.043863424398922615 0.05
1 0.5425 0.351 0.04272001872658766 0.05
1 0.6505 0.351 0.04011234224026316 0.05
1 0.227 0.809 0.03736308338453881 0.05
1 0.4094375 0.954 0.03442224026701342 0.05
1 0.465 1.031 0.04237924020083418 0.05
1 0.572 1.071 0.04308131845707603 0.05
1 0.555 1.191 0.0417612260356422 0.05
1 0.59025 1.26 0.04260575078554537 0.05
1 0.7089375 1.3355 0.040731015516434155 0.05
1 0.529 0.8385 0.043 0.05
3 0.22275 0.544 0.34750000000000003 0.586
3 0.57025 0.544 0.3475 0.586
3 0.22275 1.13 0.34750000000000003 0.5860000000000001
3 0.57025 1.13 0.3475 0.5860000000000001