0 0.7444999999999999 0.505 0.10300000000000009 0
0 0.666 0.515 0.22199999999999998 0
0 0.75 0.74 0.1160000000000001 0
0 0.115 0.308 0 0.37
0 0.8 0.321 0 0.4
0 0.512 0.381 0.09200000000000003 0
0 0.532 0.397 0.052000000000000046 0
0 0.2295 0.517 0.329 0
0 0.107 0.525 0.08399999999999999 0
0 0.1075 0.733 0.08499999999999999 0
0 0.1845 0.733 0.065 0
0 0.28049999999999997 0.733 0.05499999999999999 0
0 0.552 0.733 0.07799999999999996 0
0 0.309 0.11100000000000002 0 0.05800000000000001
0 0.309 0.345 0 0.064
0 0.461 0.546 0 0.05399999999999994
0 0.461 0.6719999999999999 0 0.132
0 0.605 0.11000000000000001 0 0.05800000000000001
0 0.605 0.34199999999999997 0 0.068
1 0.235 0.733 0.036 0.05
1 0.461 0.5895 0.033 0.05
2 0.8 0.2543333333333333 0.035 0.05
2 0.8 0.3876666666666666 0.035 0.05
3 0.25075000000000003 0.24575 0.3715 0.32949999999999996
3 0.62225 0.24575 0.37150000000000005 0.32949999999999996
3 0.25075000000000003 0.57525 0.3715 0.3295
3 0.62225 0.57525 0.37150000000000005 0.3295