0 0.96675 0.258 0 0.04200000000000004
0 0.279 0.277 0.374 0
0 0.5994999999999999 0.277 0.06500000000000006 0
0 0.9095 0.277 0.10899999999999999 0
0 1.188 0.277 0.1259999999999999 0
0 0.2135 0.2895 0 0.05499999999999999
0 0.42025 0.28900000000000003 0 0.055999999999999994
0 0.45575 0.28900000000000003 0 0.055999999999999994
0 0.2945 0.36150000000000004 0 0.044999999999999984
0 0.46199999999999997 0.357 0.07200000000000001 0
0 1.3285 0.437 0.11499999999999999 0
0 0.4625 0.477 0.069 0
0 1.0125 0.477 0.06099999999999994 0
0 0.45999999999999996 0.517 0.068 0
0 0.792 0.517 0.15400000000000003 0
0 1.0175 0.517 0.07099999999999995 0
0 0.49275 0.4425 0 0.363
0 1.0175 0.557 0.07099999999999995 0
0 0.69375 0.613 0 0.050000000000000044
0 1.1444999999999999 0.597 0.32499999999999996 0
0 0.6559999999999999 0.637 0.07999999999999996 0
0 1.1444999999999999 0.637 0.32499999999999996 0
0 0.41475 0.7 0 0.04599999999999993
0 1.1960000000000002 0.677 0.08600000000000008 0
0 0.288 0.717 0.392 0
0 0.5605 0.717 0.05499999999999994 0
0 1.096 0.717 0.09400000000000008 0
0 1.256 0.717 0.09399999999999986 0
0 0.133 0.757 0.08199999999999999 0
0 0.32925 0.747 0 0.06800000000000006
0 0.7344999999999999 0.757 0.06700000000000006 0
0 0.864 0.757 0.07200000000000006 0
0 0.9684999999999999 0.757 0.049000000000000044 0
0 1.073 0.757 0.04800000000000004 0
0 1.1545 0.797 0.05499999999999994 0
0 1.1695 0.839 0 0.04400000000000004
0 1.017 0.877 0.05999999999999994 0
0 1.135625 0.8785000000000001 0 0.07500000000000007
0 1.013875 0.9390000000000001 0 0.04399999999999993
0 1.21325 0.96 0 0.1259999999999999
0 1.2785 0.917 0.05699999999999994 0
0 0.4195 0.957 0.04899999999999999 0
0 0.8540000000000001 0.957 0.08599999999999997 0
0 1.05325 0.7945 0 0.649
0 1.256 0.957 0.08999999999999986 0
0 0.4505 1.0255 0 0.18699999999999994
0 0.81225 1.037 0 0.16400000000000003
0 1.0928125 1.041 0 0.15600000000000003
0 1.250875 1.0005 0 0.04499999999999993
0 0.290125 1.0255 0 0.04500000000000015
0 1.0855 1.037 0.08099999999999996 0
0 1.1729375 1.0685 0 0.10099999999999998
0 0.21025 1.0979999999999999 0 0.04200000000000004
0 0.5275 1.077 0.08699999999999997 0
0 0.8545 1.077 0.08699999999999997 0
0 1.0390000000000001 1.077 0.10200000000000009 0
0 1.12825 1.0979999999999999 0 0.04200000000000004
0 0.157 1.117 0.13 0
0 0.25725 1.0985 0 0.040999999999999925
0 0.29125 1.0985 0 0.040999999999999925
0 0.46199999999999997 1.117 0.20799999999999996 0
0 0.8545 1.117 0.16100000000000003 0
0 1.0085 1.0965 0 0.04499999999999993
0 1.1715 1.117 0.10899999999999999 0
0 0.132 0.7505 0 0.07500000000000007
0 0.132 1.099 0 0.040000000000000036
0 0.172 0.7505 0 0.07500000000000007
0 0.172 1.099 0 0.040000000000000036
0 0.292 0.27749999999999997 0 0.04099999999999998
0 0.332 1.0985 0 0.040999999999999925
0 0.372 1.0985 0 0.040999999999999925
0 0.412 0.9625 0 0.06099999999999994
0 0.412 1.0925 0 0.052999999999999936
0 0.492 1.0975000000000001 0 0.04299999999999993
0 0.572 0.9810000000000001 0 0.10199999999999998
0 0.732 0.27449999999999997 0 0.04099999999999998
0 0.772 0.7444999999999999 0 0.06900000000000006
0 0.852 0.744 0 0.118
0 0.852 1.097 0 0.04400000000000004
0 0.892 0.7375 0 0.05500000000000005
0 0.892 1.0965 0 0.04499999999999993
0 0.932 0.7364999999999999 0 0.05500000000000005
0 0.972 1.099 0 0.040000000000000036
0 1.012 0.5685 0 0.201
0 1.012 0.8445 0 0.04700000000000004
0 1.092 0.6925 0 0.127
0 1.132 0.48350000000000004 0 0.04099999999999998
0 1.172 0.6200000000000001 0 0.122
0 1.172 0.768 0 0.05400000000000005
0 1.212 0.6160000000000001 0 0.11399999999999999
0 1.212 1.099 0 0.040000000000000036
0 1.252 0.603 0 0.08999999999999997
0 1.252 0.708 0 0.040000000000000036
0 1.252 0.88 0 0.1419999999999999
0 1.252 1.0985 0 0.040999999999999925
0 1.292 0.40049999999999997 0 0.407
0 1.292 0.865 0 0.45999999999999996
1 0.29325 0.3205 0.04107614879708174 0.05
1 1.144 0.697 0.04123105625617661 0.05
1 0.922 0.757 0.044 0.05
1 1.1525625 0.851 0.03933847512296327 0.05
1 1.19309375 1.0205 0.04062139407073568 0.05
1 1.2514375 0.916 0.027023427336294707 0.05
1 0.2736875 1.063 0.044505793162239 0.05
1 1.232 0.6805 0.04272001872658766 0.05
3 0.4155 0.4275 0.647 0.461
3 1.0625 0.4275 0.6469999999999999 0.461
3 0.4155 0.8885000000000001 0.647 0.46099999999999997
3 1.0625 0.8885000000000001 0.6469999999999999 0.46099999999999997