0 0.774625 0.34450000000000003 0 0.333
0 0.81675 0.2385 0 0.04100000000000001
0 0.8765000000000001 0.258 1.069 0
0 0.413125 0.46499999999999997 0 0.328
0 0.8025 0.338 0.05899999999999994 0
0 0.7995 0.378 0.052999999999999936 0
0 0.9105000000000001 0.378 0.05300000000000005 0
0 0.855625 0.42100000000000004 0 0.062
0 0.8155 0.458 0.08499999999999996 0
0 0.9175 0.458 0.050999999999999934 0
0 0.753 0.498 0.08000000000000007 0
0 0.693625 0.599 0 0.07000000000000006
0 0.5685 0.618 0.41500000000000004 0
0 1.107 0.618 0.398 0
0 0.5015 0.658 0.14099999999999996 0
0 1.004 0.658 0.19200000000000006 0
0 0.79 0.738 0.07799999999999996 0
0 0.858375 0.7925 0 0.07699999999999996
0 1.1385 0.778 0.08099999999999996 0
0 0.455875 0.8745 0 0.1130000000000001
0 0.9390000000000001 0.818 0.344 0
0 1.17325 0.862 0 0.17799999999999994
0 0.4131875 0.8939999999999999 0 0.10199999999999998
0 0.49575 0.885 0 0.08800000000000008
0 0.688 0.858 0.06399999999999995 0
0 1.076 0.858 0.08000000000000007 0
0 0.5065000000000001 0.898 0.10100000000000003 0
0 0.688 0.898 0.06399999999999995 0
0 0.8005 0.898 0.06699999999999995 0
0 1.0705 0.898 0.08499999999999996 0
0 0.3775 0.938 0.14300000000000002 0
0 1.2505000000000002 0.938 0.32099999999999995 0
0 0.7075 0.978 0.10299999999999998 0
0 0.374 0.23 0 0.057999999999999996
0 0.374 0.44399999999999995 0 0.292
0 0.374 0.7605 0 0.15899999999999992
0 0.414 0.236 0 0.05400000000000002
0 0.534 0.8755 0 0.06900000000000006
0 0.614 0.875 0 0.06800000000000006
0 0.694 0.882 0 0.08200000000000007
0 0.734 0.512 0 0.04200000000000004
0 0.774 0.894 0 0.052000000000000046
0 0.814 0.391 0 0.132
0 0.854 0.673 0 0.07799999999999996
0 0.894 0.3115 0 0.14500000000000002
0 0.934 0.3205 0 0.28500000000000003
0 0.934 0.9095 0 0.20899999999999996
0 1.014 0.6515 0 0.07699999999999996
0 1.054 0.825 0 0.039999999999999925
0 1.094 0.6515 0 0.07699999999999996
0 1.094 0.8755 0 0.1449999999999999
0 1.334 0.972 0 0.08399999999999996
1 0.4135625 0.419 0.03801007267817308 0.05
1 0.8748125 0.3455 0.038841223268584114 0.05
1 0.875 0.458 0.034 0.05
1 0.7855 0.478 0.044721359549995794 0.05
1 0.8561875 0.7325 0.04222724979204778 0.05
1 0.973 0.798 0.042059481689626185 0.05
1 0.39359375 0.813 0.039302164778164575 0.05
1 0.4315 0.918 0.040607881008493905 0.05
1 0.374 0.2785 0.039 0.05
3 0.58225 0.387 0.5525 0.418
3 1.13475 0.387 0.5525 0.418
3 0.58225 0.8049999999999999 0.5525 0.41800000000000004
3 1.13475 0.8049999999999999 0.5525 0.41800000000000004