0 0.183125 0.156 0 0.03999999999999998
0 0.258875 0.161 0 0.04999999999999999
0 0.21949999999999997 0.176 0.13499999999999998 0
0 0.13975 0.22 0 0.04199999999999998
0 0.349 0.456 0.055999999999999994 0
0 0.3385 0.496 0.063 0
0 0.7001875 0.513 0 0.07200000000000006
0 0.2585 0.6415 0 0.259
0 0.298375 0.5455 0 0.06699999999999995
0 0.381875 0.544 0 0.06399999999999995
0 0.482 0.536 0.09400000000000003 0
0 0.767 0.536 0.040000000000000036 0
0 0.1015 0.576 0.043 0
0 0.22125 0.6080000000000001 0 0.11399999999999999
0 0.3215 0.576 0.069 0
0 0.5575 0.576 0.131 0
0 0.063125 0.6194999999999999 0 0.07300000000000006
0 0.102 0.5635 0 0.10499999999999998
0 0.1815 0.6094999999999999 0 0.041000000000000036
0 0.299625 0.6605 0 0.08899999999999997
0 0.817 0.616 0.06399999999999995 0
0 0.3125 0.656 0.121 0
0 0.8140000000000001 0.656 0.05799999999999994 0
0 0.6195 0.6945 0 0.15300000000000002
0 0.8140000000000001 0.696 0.05799999999999994 0
0 0.08399999999999999 0.736 0.046 0
0 0.504875 0.7384999999999999 0 0.06500000000000006
0 0.341 0.5685 0 0.15100000000000002
0 0.381 0.45299999999999996 0 0.062
0 0.461 0.534 0 0.04600000000000004
0 0.461 0.6275 0 0.07900000000000007
0 0.501 0.5665 0 0.11099999999999999
0 0.541 0.5369999999999999 0 0.051999999999999935
0 0.581 0.6114999999999999 0 0.07300000000000006
0 0.661 0.4065 0 0.059
0 0.861 0.5940000000000001 0 0.07399999999999995
1 0.299 0.5975 0.03702110884346929 0.05
1 0.3814375 0.499 0.028013668538768712 0.05
1 0.461 0.5725 0.031 0.05
1 0.561 0.569 0.0417612260356422 0.05
3 0.261 0.29475 0.4 0.3175
3 0.661 0.29475 0.39999999999999997 0.3175
3 0.261 0.61225 0.4 0.3175
3 0.661 0.61225 0.39999999999999997 0.3175