0 0.15075 0.357 0 0.05399999999999999
0 0.30675 0.359 0 0.07600000000000001
0 0.42675 0.36450000000000005 0 0.08300000000000002
0 1.7805 0.33 0.051000000000000156 0
0 1.828125 0.3085 0 0.11699999999999999
0 0.5455 0.37 0.10099999999999998 0
0 1.464625 0.3785 0 0.04500000000000004
0 1.508625 0.3785 0 0.04300000000000004
0 1.825875 0.427 0 0.11399999999999999
0 1.8669375 0.4155 0 0.175
0 1.90640625 0.386 0 0.10599999999999998
0 0.511 0.38449999999999995 0 0.05099999999999999
0 0.54325 0.3705 0 0.07899999999999996
0 0.6525 0.41 0.14500000000000002 0
0 1.512 0.41 0.23399999999999999 0
0 1.7690000000000001 0.41 0.039999999999999813 0
0 1.8455 0.41 0.04699999999999993 0
0 2.061 0.5225 0 0.22500000000000003
0 2.1035 0.4665 0 0.11300000000000004
0 0.4666875 0.5875 0 0.27499999999999997
0 0.829 0.48950000000000005 0 0.07900000000000001
0 0.9865 0.49050000000000005 0 0.08100000000000002
0 1.67 0.471 0 0.04199999999999998
0 1.710625 0.45799999999999996 0 0.05199999999999999
0 1.77 0.45 0.041999999999999815 0
0 1.8885 0.45 0.07499999999999996 0
0 2.141 0.45 0.15000000000000036 0
0 0.345625 0.55 0 0.38
0 0.4281875 0.521 0 0.07200000000000006
0 0.6265000000000001 0.49 0.041000000000000036 0
0 0.944625 0.494 0 0.057999999999999996
0 1.7534999999999998 0.49 0.2350000000000001 0
0 1.98875 0.4565 0 0.067
0 2.1315 0.49 0.16900000000000004 0
0 0.629125 0.5125 0 0.049000000000000044
0 0.722 0.53 0.09199999999999997 0
0 0.913 0.53 0.16600000000000004 0
0 2.1465 0.53 0.04499999999999993 0
0 0.2674375 0.605 0 0.124
0 0.575 0.61 0.22799999999999992 0
0 1.944 0.6145 0 0.049000000000000044
0 2.1174999999999997 0.61 0.11499999999999977 0
0 0.545125 0.696 0 0.06399999999999995
0 0.586625 0.6865 0 0.07699999999999996
0 1.1765 0.69 0.133 0
0 2.11075 0.716 0 0.052000000000000046
0 0.581 0.73 0.738 0
0 0.986 0.7375 0 0.07500000000000007
0 1.14225 0.7095 0 0.041000000000000036
0 1.1915 0.73 0.04700000000000015 0
0 1.235 0.49 0 0.48
0 1.8825 0.73 0.6670000000000003 0
0 0.8155 0.77 0.125 0
0 1.389 0.8380000000000001 0 0.05599999999999994
0 1.43625 0.8320000000000001 0 0.04399999999999993
0 1.18775 0.885 0 0.10000000000000009
0 1.4380000000000002 0.85 0.1060000000000001 0
0 1.590625 0.8645 0 0.05500000000000005
0 1.627625 0.862 0 0.050000000000000044
0 0.823875 0.88 0 0.04200000000000004
0 0.989875 0.891 0 0.05800000000000005
0 1.2258125 0.992 0 0.20400000000000007
0 1.27125 0.9255 0 0.07099999999999995
0 1.564 0.89 0.06600000000000006 0
0 1.702 0.89 0.14400000000000013 0
0 1.181 0.97 0.1160000000000001 0
0 0.7275 1.17 0.049000000000000044 0
0 1.2414999999999998 1.17 0.07099999999999995 0
0 1.2770000000000001 1.21 0.05599999999999983 0
0 1.34575 1.2155 0 0.09699999999999998
0 1.70825 1.2245 0 0.07499999999999996
0 1.30775 1.2445 0 0.133
0 1.385375 1.276 0 0.052000000000000046
0 1.298 1.29 0.050000000000000044 0
0 1.4689999999999999 1.29 0.09400000000000008 0
0 1.2730000000000001 1.33 0.08799999999999986 0
0 0.227 0.3295 0 0.15899999999999997
0 0.227 0.5525 0 0.123
0 0.347 0.845 0 0.040000000000000036
0 0.387 0.3735 0 0.04300000000000004
0 0.707 0.41800000000000004 0 0.07800000000000001
0 0.707 1.1400000000000001 0 0.04799999999999982
0 0.867 0.493 0 0.06
0 0.867 0.6839999999999999 0 0.08399999999999996
0 0.947 0.6855 0 0.08299999999999996
0 0.947 0.868 0 0.07000000000000006
0 1.147 0.9655 0 0.06299999999999994
0 1.187 1.123 0 0.04599999999999982
0 1.227 1.159 0 0.04800000000000004
0 1.267 1.1665 0 0.2230000000000001
0 1.347 0.49 0 0.48
0 1.427 0.384 0 0.05399999999999999
0 1.467 0.839 0 0.05399999999999994
0 1.587 0.5775 0 0.06499999999999995
0 1.747 0.864 0 0.052000000000000046
0 1.787 0.3205 0 0.05099999999999999
0 1.787 0.4355 0 0.07699999999999996
0 1.867 0.7065 0 0.052999999999999936
0 2.027 0.612 0 0.062000000000000055
0 2.147 0.612 0 0.06400000000000006
0 2.187 0.5625 0 0.16900000000000004
1 0.588 0.39 0.04308131845707603 0.05
1 1.8055 0.41 0.033 0.05
1 1.86 0.43 0.043863424398922615 0.05
1 1.781 0.47 0.044721359549995794 0.05
1 1.167375 0.9345 0.04076226809194993 0.05
1 1.20640625 1.097 0.039273529969306296 0.05
1 1.6135 0.89 0.033 0.05
1 1.3655625 1.257 0.04202547590450345 0.05
3 0.6670625 0.52 1.0326250000000001 0.54
3 1.6996875 0.52 1.0326250000000001 0.54
3 0.6670625 1.06 1.0326250000000001 0.54
3 1.6996875 1.06 1.0326250000000001 0.54