0 0.3178125 0.11399999999999999 0 0.078
0 0.395953125 0.1585 0 0.16699999999999998
0 0.517 0.1215 0 0.09300000000000001
0 0.436 0.14400000000000002 0 0.098
0 0.476 0.145 0 0.059999999999999984
0 0.42500000000000004 0.155 0.07 0
0 0.418 0.235 0.14800000000000002 0
0 0.51675 0.22649999999999998 0 0.04100000000000001
1 0.516875 0.187 0.03800082235952269 0.05
3 0.367609375 0.118 0.09959374999999998 0.08600000000000001
3 0.467203125 0.118 0.09959375000000004 0.08600000000000001
3 0.367609375 0.20400000000000001 0.09959374999999998 0.086
3 0.467203125 0.20400000000000001 0.09959375000000004 0.086