0 0.035 0.162 0 0.318
0 0.22 0.4215 0 0.349
0 0.3615 0.429 0.15100000000000002 0
0 0.429 0.101 0 0.054000000000000006
0 0.429 0.227 0 0.05399999999999999
0 0.429 0.376 0 0.052000000000000046
0 0.437 0.28200000000000003 0 0.05399999999999999
1 0.433 0.3285 0.041773197148410844 0.05
2 0.22 0.36333333333333334 0.035 0.05
2 0.22 0.47966666666666663 0.035 0.05
3 0.1355 0.15125 0.20099999999999998 0.2965
3 0.3365 0.15125 0.201 0.2965
3 0.1355 0.44775 0.20099999999999998 0.2965
3 0.3365 0.44775 0.201 0.2965