0 0.589 0.31 0.21999999999999997 0
0 0.248 1.21 0.14600000000000002 0
0 0.224 1.23 0.282 0
0 0.265 0.9635 0 0.1429999999999999
0 0.295 0.966 0 0.14400000000000002
0 0.52 0.44799999999999995 0 0.27999999999999997
0 0.55 0.1635 0 0.195
0 0.61 0.1785 0 0.22499999999999998
0 0.845 0.1565 0 0.177
0 0.91 0.2575 0 0.129
0 0.97 0.158 0 0.18
0 0.5485 0.309 0.135 0
0 0.933 0.309 0.14200000000000002 0
0 0.9185 0.317 0.11299999999999999 0
0 0.5675 0.341 0.09499999999999997 0
0 0.9125 0.349 0.10299999999999998 0
0 0.5575 0.677 0.07699999999999996 0
0 0.7575000000000001 0.677 0.061000000000000054 0
0 0.875 0.685 0.17199999999999993 0
0 0.35650000000000004 0.917 0.05499999999999999 0
0 0.1755 1.189 0.249 0
0 0.165 1.197 0.22800000000000004 0
0 0.4575 1.197 0.07900000000000001 0
0 0.917 1.197 0.08399999999999996 0
0 0.2485 1.221 0.10699999999999998 0
0 0.48750000000000004 1.229 0.09100000000000003 0
0 0.157 0.9969999999999999 0 0.05999999999999994
0 0.285 0.998 0 0.128
0 0.485 1.1789999999999998 0 0.05400000000000005
0 0.493 0.9665 0 0.09499999999999997
0 0.501 0.28900000000000003 0 0.05399999999999999
0 0.501 0.982 0 0.06800000000000006
0 0.613 0.257 0 0.07399999999999998
0 0.613 0.32499999999999996 0 0.06
0 0.717 0.3155 0 0.07499999999999996
0 0.949 0.6815 0 0.10699999999999998
0 0.949 0.9944999999999999 0 0.43099999999999994
0 0.965 0.514 0 0.3360000000000001
1 0.949 0.757 0.044 0.05
2 0.224 1.23 0.035 0.05
2 0.52 0.448 0.035 0.05
3 0.28925 0.357 0.4765 0.5820000000000001
3 0.7657499999999999 0.357 0.47650000000000003 0.5820000000000001
3 0.28925 0.9390000000000001 0.4765 0.582
3 0.7657499999999999 0.9390000000000001 0.47650000000000003 0.582