0 0.44599999999999995 0.197 0.07600000000000001 0
0 0.75878125 0.2375 0 0.161
0 0.117875 0.246 0 0.05200000000000002
0 0.4605 0.237 0.059 0
0 0.508 0.277 0.16399999999999998 0
0 0.119625 0.4275 0 0.24900000000000005
0 0.5165 0.317 0.05700000000000005 0
0 0.59975 0.3305 0 0.044999999999999984
0 0.7324999999999999 0.317 0.04500000000000004 0
0 0.278 0.43000000000000005 0 0.066
0 0.31821875 0.4255 0 0.129
0 0.516375 0.40149999999999997 0 0.063
0 0.134 0.437 0.048 0
0 0.3435 0.437 0.15299999999999997 0
0 0.558 0.437 0.05999999999999994 0
0 0.14 0.477 0.06000000000000001 0
0 0.437 0.477 0.06000000000000005 0
0 0.5585 0.477 0.06099999999999994 0
0 0.80075 0.5045 0 0.05500000000000005
0 1.15725 0.5015000000000001 0 0.049000000000000044
0 0.165 0.494 0 0.04600000000000004
0 0.3575 0.5215000000000001 0 0.08100000000000007
0 0.6639999999999999 0.517 0.061999999999999944 0
0 0.798875 0.616 0 0.09800000000000009
0 0.115 0.744 0 0.134
0 0.718875 0.7345 0 0.15300000000000002
0 0.7745 0.677 0.06500000000000006 0
0 0.763125 0.7184999999999999 0 0.05500000000000005
0 0.799875 0.7565 0 0.1110000000000001
0 0.1655 0.786 0 0.05799999999999994
0 0.2775 0.7885 0 0.06299999999999994
0 0.601625 0.7825 0 0.07499999999999996
0 0.917125 0.7915 0 0.06899999999999995
0 0.4885 0.797 0.757 0
0 0.998875 0.796 0 0.05799999999999994
0 1.037625 0.794 0 0.06399999999999995
0 1.160625 0.7895000000000001 0 0.041000000000000036
0 0.159 0.41800000000000004 0 0.057999999999999996
0 0.199 0.7995 0 0.040999999999999925
0 0.239 0.79 0 0.06999999999999995
0 0.399 0.4345 0 0.051000000000000045
0 0.439 0.21000000000000002 0 0.10600000000000001
0 0.439 0.483 0 0.05399999999999999
0 0.479 0.2415 0 0.163
0 0.479 0.4255 0 0.04099999999999998
0 0.519 0.2435 0 0.137
0 0.599 0.26 0 0.04999999999999999
0 0.599 0.442 0 0.09999999999999998
0 0.599 0.6485 0 0.14100000000000001
0 0.639 0.5900000000000001 0 0.10399999999999998
0 0.719 0.29100000000000004 0 0.043999999999999984
0 0.839 0.504 0 0.040000000000000036
0 0.879 0.7885 0 0.05499999999999994
0 1.079 0.7969999999999999 0 0.04799999999999993
1 0.11875 0.2875 0.031049355870935554 0.05
1 0.599375 0.3725 0.039007210871837526 0.05
1 0.337859375 0.4855 0.040299089339121553 0.05
1 0.4135 0.457 0.042059481689626185 0.05
1 0.7998125 0.5495 0.03505018723202488 0.05
1 0.781 0.678 0.04420477915339019 0.05
1 0.6003125 0.699 0.02613217604792988 0.05
3 0.37265624999999997 0.32425 0.5253125 0.3345
3 0.89796875 0.32425 0.5253125000000001 0.3345
3 0.37265624999999997 0.65875 0.5253125 0.33449999999999996
3 0.89796875 0.65875 0.5253125000000001 0.33449999999999996