0 0.065 0.794 0 0.10599999999999998
0 0.095 1.6065 0 0.20500000000000007
0 0.13 1.381 0 0.21799999999999997
0 0.081 0.413 0.13399999999999998 0
0 0.1015 0.429 0.07700000000000001 0
0 0.476 1.069 0.07400000000000001 0
0 0.48550000000000004 1.077 0.05499999999999999 0
0 0.4275 1.229 0.121 0
0 0.045 0.472 0 0.066
0 0.045 0.6265000000000001 0 0.05900000000000005
0 0.045 0.927 0 0.05799999999999994
0 0.045 1.3775 0 0.05899999999999994
0 0.053 0.357 0 0.14400000000000002
0 0.053 1.0779999999999998 0 0.05800000000000005
0 0.277 1.4585 0 0.07300000000000018
0 0.517 0.3245 0 0.065
0 0.517 0.6295 0 0.061000000000000054
0 0.517 0.9245 0 0.052999999999999936
0 0.517 1.0795 0 0.05700000000000016
0 0.525 1.2315 0 0.05899999999999994
0 0.525 1.3805 0 0.05899999999999994
1 0.1125 1.4905 0.03769615364994153 0.05
2 0.13 1.381 0.035 0.05
3 0.14175000000000001 0.641 0.2555 0.712
3 0.39725 0.641 0.2555 0.712
3 0.14175000000000001 1.353 0.2555 0.7120000000000001
3 0.39725 1.353 0.2555 0.7120000000000001