0 0.36425 0.386 0 0.192
0 0.04675 0.488 0 0.38200000000000006
0 0.145 0.33 0.059999999999999984 0
0 0.5665 0.38749999999999996 0 0.195
0 0.28675 0.384 0 0.188
0 0.522 0.41 0.11399999999999993 0
0 0.16325 0.473 0 0.045999999999999985
0 0.241 0.473 0 0.045999999999999985
0 0.522 0.45 0.06400000000000006 0
0 0.64575 0.389 0 0.198
0 0.29850000000000004 0.49 0.505 0
0 0.10450000000000001 0.65 0.117 0
0 0.148 0.69 0.074 0
0 0.148 0.73 0.074 0
0 0.1355 0.77 0.049 0
0 0.367 0.769 0 0.07200000000000006
0 0.11699999999999999 0.81 0.14200000000000002 0
0 0.39749999999999996 0.81 0.065 0
0 0.1315 0.85 0.049 0
0 0.07300000000000001 0.89 0.054000000000000006 0
0 0.1275 0.8815 0 0.04500000000000004
0 0.165 0.8175 0 0.19700000000000006
0 0.205375 0.9470000000000001 0 0.11399999999999999
0 0.22799999999999998 0.93 0.13399999999999998 0
0 0.2215 0.97 0.343 0
0 0.643 0.97 0.10399999999999998 0
0 0.2875 1.01 0.189 0
0 0.40675 0.998 0 0.09200000000000008
0 0.077 1.05 0.06 0
0 0.1275 1.0445 0 0.05699999999999994
0 0.165 1.019 0 0.128
0 0.155 1.09 0.09600000000000002 0
0 0.3785 1.09 0.16300000000000003 0
0 0.442 1.1164999999999998 0 0.10699999999999998
0 0.098 1.33 0.07400000000000001 0
0 0.0975 1.37 0.067 0
0 0.098 1.41 0.06 0
0 0.0945 1.45 0.04500000000000001 0
0 0.62 1.45 0.07400000000000007 0
0 0.139 1.49 0.186 0
0 0.49350000000000005 1.49 0.35700000000000004 0
0 0.11549999999999999 1.53 0.06699999999999999 0
0 0.37425 1.502 0 0.05600000000000005
0 0.56825 1.5470000000000002 0 0.1180000000000001
0 0.605 1.2725 0 0.621
0 0.189 1.57 0.14200000000000002 0
0 0.5285 1.5865 0 0.04700000000000015
0 0.086 0.6775 0 0.06699999999999995
0 0.086 0.9535 0 0.07499999999999996
0 0.086 1.491 0 0.09199999999999986
0 0.126 0.345 0 0.11000000000000004
0 0.126 0.522 0 0.15599999999999997
0 0.126 0.6685 0 0.07699999999999996
0 0.126 0.7845 0 0.09499999999999997
0 0.126 1.2965 0 0.07500000000000018
0 0.126 1.5005000000000002 0 0.11099999999999999
0 0.166 0.6699999999999999 0 0.051999999999999935
0 0.166 1.595 0 0.10599999999999987
0 0.246 0.933 0 0.06999999999999995
0 0.286 0.9795 0 0.049000000000000044
0 0.366 0.9935 0 0.19899999999999995
0 0.406 0.763 0 0.06000000000000005
0 0.446 1.28 0 0.07799999999999985
0 0.486 1.568 0 0.15999999999999992
0 0.526 1.298 0 0.04200000000000004
0 0.566 1.3555000000000001 0 0.10699999999999998
0 0.646 1.069 0 0.07000000000000006
0 0.646 1.4765 0 0.04899999999999993
0 0.686 0.9944999999999999 0 0.06499999999999995
0 0.686 1.166 0 0.04200000000000004
0 0.686 1.366 0 0.05599999999999983
0 0.686 1.6095 0 0.07699999999999996
1 0.101 0.87 0.040607881008493905 0.05
1 0.165 0.9355 0.039 0.05
1 0.424375 1.0535 0.04004450648965473 0.05
1 0.107 1.07 0.04 0.05
1 0.126 0.422 0.044 0.05
1 0.126 0.615 0.03 0.05
1 0.126 0.722 0.03 0.05
1 0.146 1.549 0.04237924020083418 0.05
1 0.266 0.9615 0.042059481689626185 0.05
1 0.546 1.3105 0.04346262762420146 0.05
1 0.666 1.033 0.040607881008493905 0.05
3 0.20825 0.6295 0.3245 0.679
3 0.53275 0.6295 0.32449999999999996 0.679
3 0.20825 1.3085 0.3245 0.6789999999999999
3 0.53275 1.3085 0.32449999999999996 0.6789999999999999