0 1.2865 0.255 0.19700000000000006 0
0 0.736 0.285 0.18199999999999994 0
0 0.9535 0.29 0.11099999999999988 0
0 3.466 0.295 0.1499999999999999 0
0 1.2775 0.315 0.16900000000000004 0
0 0.7555000000000001 0.385 0.1130000000000001 0
0 0.6134999999999999 0.515 0.18499999999999994 0
0 2.8920000000000003 0.555 0.10999999999999988 0
0 3.3365 0.595 0.13900000000000023 0
0 0.737 0.6 0.17199999999999993 0
0 3.476 0.695 0.13999999999999968 0
0 1.4985 0.71 0.2330000000000001 0
0 3.3795 0.735 0.2070000000000003 0
0 2.229 0.765 0.10599999999999987 0
0 3.311 0.775 0.266 0
0 1.5205 0.77 0.30699999999999994 0
0 0.6935 0.79 0.21100000000000008 0
0 2.668 0.79 0.3240000000000003 0
0 1.5390000000000001 0.81 0.30800000000000005 0
0 3.383 0.835 0.23000000000000043 0
0 1.9634999999999998 0.845 0.2529999999999999 0
0 1.9785 0.88 0.18299999999999983 0
0 3.423 0.91 0.16999999999999993 0
0 2.2085 0.985 0.19300000000000006 0
0 3.29 0.985 0.20999999999999996 0
0 2.948 1.03 0.2400000000000002 0
0 2.7455 1.13 0.14900000000000002 0
0 1.334 1.185 0.238 0
0 1.521 1.19 0.11999999999999988 0
0 3.1355 1.41 0.2290000000000001 0
0 3.034 1.415 0.3580000000000001 0
0 1.385 0.7190000000000001 0 0.13
0 1.425 0.7275 0 0.14700000000000002
0 1.465 0.7989999999999999 0 0.2899999999999999
0 1.445 1.023 0 0.2579999999999999
0 1.485 0.9359999999999999 0 0.1459999999999999
0 1.84 0.4565 0 0.635
0 2.455 1.0015 0 0.2609999999999999
0 2.735 0.563 0 0.10199999999999998
0 2.935 0.867 0 0.1519999999999999
0 2.935 0.3415 0 0.10700000000000004
0 2.97 0.2385 0 0.243
0 3.27 0.4905 0 0.269
0 3.31 0.704 0 0.22199999999999998
0 1.2485 0.245 0.05699999999999994 0
0 1.4465 0.293 0.1010000000000002 0
0 2.39 0.301 0.1280000000000001 0
0 1.532 0.309 0.062000000000000055 0
0 2.3724999999999996 0.309 0.08099999999999996 0
0 2.501 0.317 0.06400000000000006 0
0 0.6935 0.325 0.08499999999999996 0
0 0.996 0.325 0.05799999999999994 0
0 1.4205 0.325 0.05899999999999994 0
0 1.572 0.333 0.15399999999999991 0
0 2.8255 0.373 0.05699999999999994 0
0 1.0605 0.525 0.051000000000000156 0
0 2.904 0.605 0.11399999999999988 0
0 2.8955 0.613 0.08700000000000019 0
0 3.0015 0.629 0.06499999999999995 0
0 3.3600000000000003 0.653 0.18199999999999994 0
0 1.4235 0.669 0.10899999999999999 0
0 1.431 0.685 0.09400000000000008 0
0 0.34099999999999997 0.773 0.066 0
0 2.15 0.773 0.05799999999999983 0
0 2.2954999999999997 0.773 0.05500000000000016 0
0 0.848 0.781 0.06400000000000006 0
0 1.8624999999999998 0.797 0.050999999999999934 0
0 2.224 0.797 0.09399999999999986 0
0 2.3875 0.797 0.06300000000000017 0
0 2.59 0.797 0.16599999999999993 0
0 2.561 0.805 0.09799999999999986 0
0 2.914 0.805 0.08000000000000007 0
0 1.407 0.813 0.09799999999999986 0
0 2.9835000000000003 0.813 0.05699999999999994 0
0 1.419 0.821 0.07400000000000007 0
0 3.342 0.837 0.1459999999999999 0
0 3.4695 0.837 0.10499999999999998 0
0 0.758 0.861 0.28600000000000003 0
0 3.315 0.861 0.09799999999999986 0
0 1.4344999999999999 0.901 0.10900000000000021 0
0 1.651 0.941 0.09200000000000008 0
0 2.489 0.989 0.06999999999999984 0
0 1.3325 1.037 0.051000000000000156 0
0 1.6800000000000002 1.069 0.05400000000000005 0
0 2.2295 1.173 0.05899999999999972 0
0 2.3105 1.173 0.06100000000000039 0
0 3.248 1.173 0.06600000000000028 0
0 1.645 1.189 0.1259999999999999 0
0 0.4295 1.197 0.175 0
0 2.426 1.197 0.06000000000000005 0
0 2.575 1.197 0.06400000000000006 0
0 3.034 1.197 0.06600000000000028 0
0 3.254 1.197 0.0519999999999996 0
0 3.3645 1.197 0.11500000000000021 0
0 2.6500000000000004 1.205 0.09200000000000008 0
0 3.484 1.205 0.11800000000000033 0
0 0.367 1.213 0.07200000000000001 0
0 0.8614999999999999 1.221 0.05300000000000005 0
0 2.2235 1.221 0.08300000000000018 0
0 0.317 0.8574999999999999 0 0.051000000000000045
0 0.317 0.9125 0 0.05499999999999994
0 0.549 0.385 0 0.124
0 0.549 0.6515 0 0.05500000000000005
0 0.565 0.5549999999999999 0 0.08199999999999996
0 0.877 0.8255 0 0.05699999999999994
0 0.893 0.6539999999999999 0 0.08599999999999997
0 1.013 0.2535 0 0.08499999999999999
0 1.021 0.41300000000000003 0 0.07
0 1.029 0.9504999999999999 0 0.1289999999999999
0 1.029 1.0545 0 0.07699999999999996
0 1.037 0.651 0 0.052000000000000046
0 1.085 0.655 0 0.05800000000000005
0 1.125 0.9115 0 0.07699999999999996
0 1.213 1.0135 0 0.061000000000000054
0 1.285 0.8765000000000001 0 0.051000000000000045
0 1.445 1.1320000000000001 0 0.1260000000000001
0 1.709 0.9889999999999999 0 0.051999999999999935
0 1.725 0.935 0 0.051999999999999935
0 1.725 1.0474999999999999 0 0.061000000000000165
0 1.741 0.354 0 0.055999999999999994
0 1.741 0.6585 0 0.14900000000000002
0 2.117 0.8534999999999999 0 0.05300000000000005
0 2.125 1.035 0 0.08399999999999996
0 2.133 0.8105 0 0.06499999999999995
0 2.333 0.3295 0 0.059
0 2.333 0.5015000000000001 0 0.11100000000000004
0 2.333 0.751 0 0.07200000000000006
0 2.357 0.402 0 0.09600000000000003
0 2.357 0.515 0 0.05600000000000005
0 2.509 0.9815 0 0.3649999999999999
0 2.749 0.368 0 0.05199999999999999
0 2.829 0.237 0 0.05400000000000002
0 2.845 0.6585000000000001 0 0.051000000000000045
0 2.845 0.903 0 0.14
0 2.845 1.0005 0 0.052999999999999936
0 2.885 0.6445000000000001 0 0.07900000000000007
0 2.933 0.8865 0 0.11299999999999999
0 2.981 1.162 0 0.062000000000000055
0 3.189 1.0545 0 0.2789999999999999
0 3.205 0.2685 0 0.091
0 3.205 1.0925 0 0.15700000000000003
0 3.269 0.8275 0 0.06099999999999994
0 3.533 0.3645 0 0.121
0 3.533 0.534 0 0.05999999999999994
0 3.533 0.614 0 0.09600000000000009
0 3.533 0.8175 0 0.05899999999999994
0 3.533 0.8895 0 0.08300000000000007
0 3.533 1.124 0 0.1140000000000001
1 1.3905 0.274 0.03956008088970496 0.05
1 3.2895 0.806 0.04477722635447622 0.05
1 1.496 0.313 0.04004996878900158 0.05
1 2.965 0.617 0.025298221281347035 0.05
1 2.3395 0.785 0.04080441152620633 0.05
1 3.294 1.185 0.03538361202590826 0.05
1 0.557 0.5965 0.0322490309931942 0.05
1 2.357 0.4685 0.037 0.05
2 1.2865 0.255 0.035 0.05
2 3.466 0.295 0.035 0.05
2 1.4985 0.71 0.035 0.05
2 3.311 0.775 0.035 0.05
2 1.4693333333333332 0.77 0.035 0.05
2 1.5716666666666668 0.77 0.035 0.05
2 2.614 0.79 0.035 0.05
2 2.722 0.79 0.035 0.05
2 3.383 0.835 0.035 0.05
2 2.948 1.03 0.035 0.05
2 1.334 1.185 0.035 0.05
2 1.84 0.266 0.035 0.05
2 1.84 0.393 0.035 0.05
2 1.84 0.52 0.035 0.05
2 1.84 0.647 0.035 0.05
2 2.935 0.867 0.035 0.05
2 3.31 0.704 0.035 0.05
3 1.1175 0.4415 1.619 0.649
3 2.7365 0.4415 1.6189999999999998 0.649
3 1.1175 1.0905 1.619 0.649
3 2.7365 1.0905 1.6189999999999998 0.649