0 0.9524999999999999 0.345 0.11699999999999988 0
0 0.5690000000000001 0.44 0.21200000000000002 0
0 0.271 0.53 0.15199999999999997 0
0 0.275 0.7230000000000001 0 0.11599999999999999
0 0.615 0.727 0 0.236
0 0.68 0.1945 0 0.361
0 0.69 0.2845 0 0.22300000000000003
0 0.78 0.44100000000000006 0 0.198
0 0.935 0.6985 0 0.19900000000000007
0 0.1005 0.277 0.07100000000000001 0
0 0.9944999999999999 0.405 0.07500000000000007 0
0 0.5415 0.445 0.11699999999999999 0
0 0.9075 0.597 0.07499999999999996 0
0 0.7525 0.709 0.05900000000000005 0
0 0.834 0.765 0.22199999999999998 0
0 0.753 0.773 0.06000000000000005 0
0 0.8665 0.773 0.15699999999999992 0
0 0.077 0.601 0 0.05400000000000005
0 0.261 0.7230000000000001 0 0.07999999999999996
0 0.605 0.478 0 0.062
0 0.605 0.634 0 0.07200000000000006
0 0.605 0.7635000000000001 0 0.05700000000000005
0 0.781 0.373 0 0.05800000000000005
0 0.933 0.6875 0 0.17500000000000004
0 1.021 0.372 0 0.057999999999999996
2 0.569 0.44 0.035 0.05
2 0.78 0.441 0.035 0.05
3 0.30674999999999997 0.22175 0.4835 0.4155
3 0.79025 0.22175 0.48350000000000004 0.4155
3 0.30674999999999997 0.63725 0.4835 0.4155
3 0.79025 0.63725 0.48350000000000004 0.4155