0 1.0145 0.235 0.1110000000000001 0
0 0.839 0.465 0.252 0
0 0.6164999999999999 0.565 0.407 0
0 1.23 0.565 0.2999999999999998 0
0 1.637 0.58 0.33599999999999985 0
0 1.1515 0.73 0.135 0
0 0.8865 0.91 0.14100000000000001 0
0 1.303 0.935 0.3779999999999999 0
0 0.415 0.2265 0 0.34500000000000003
0 0.415 0.8520000000000001 0 0.6940000000000001
0 0.42 0.5625 0 0.18500000000000005
0 1.085 0.6515 0 0.18099999999999994
0 1.255 0.8095 0 0.133
0 1.275 1.0819999999999999 0 0.16399999999999992
0 1.82 0.38 0 0.408
0 0.7649999999999999 0.573 0.09799999999999998 0
0 0.725 0.5965 0 0.05700000000000005
0 0.813 0.3165 0 0.05300000000000005
0 0.973 1.0805 0 0.05900000000000016
0 1.269 0.9665 0 0.06499999999999995
0 1.405 1.1019999999999999 0 0.09999999999999987
0 1.629 0.9670000000000001 0 0.06399999999999995
0 1.645 1.1735000000000002 0 0.09899999999999998
2 0.5486666666666666 0.565 0.035 0.05
2 0.6843333333333332 0.565 0.035 0.05
2 1.18 0.565 0.035 0.05
2 1.28 0.565 0.035 0.05
2 1.581 0.58 0.035 0.05
2 1.693 0.58 0.035 0.05
2 0.42 0.5625 0.035 0.05
2 1.085 0.6515 0.035 0.05
3 0.76475 0.34625 0.7035 0.5844999999999999
3 1.46825 0.34625 0.7035 0.5844999999999999
3 0.76475 0.93075 0.7035 0.5845000000000001
3 1.46825 0.93075 0.7035 0.5845000000000001