0 0.495 0.259 0.8680000000000001 0
0 0.8675 0.277 0 0.04799999999999999
0 0.900875 0.44 0 0.374
0 0.503125 0.42400000000000004 0 0.04999999999999999
0 0.5410625 0.4505 0 0.08100000000000002
0 0.8975 0.419 0.06300000000000006 0
0 0.573 0.459 0.061999999999999944 0
0 0.7415 0.5025 0 0.05700000000000005
0 0.1420625 0.6045 0 0.07900000000000007
0 0.1855 0.605 0 0.08000000000000007
0 0.736 0.579 0.07400000000000007 0
0 0.74 0.619 0.08200000000000007 0
0 0.096 0.659 0.055999999999999994 0
0 0.3025 0.659 0.135 0
0 0.605 0.659 0.050000000000000044 0
0 0.6625 0.6665 0 0.05699999999999994
0 0.186 0.723 0 0.04800000000000004
0 0.181 0.739 0.08000000000000002 0
0 0.33199999999999996 0.739 0.03999999999999998 0
0 0.4665 0.765 0 0.052000000000000046
0 0.20650000000000002 0.779 0.13100000000000003 0
0 0.471 0.779 0.07800000000000001 0
0 0.74 0.7705 0 0.041000000000000036
0 0.861 0.779 0.136 0
0 0.101 0.6034999999999999 0 0.07700000000000007
0 0.141 0.277 0 0.04199999999999998
0 0.141 0.76 0 0.062000000000000055
0 0.181 0.281 0 0.04999999999999999
0 0.221 0.281 0 0.04999999999999999
0 0.221 0.646 0 0.050000000000000044
0 0.261 0.281 0 0.04999999999999999
0 0.261 0.6245 0 0.049000000000000044
0 0.301 0.218 0 0.15799999999999997
0 0.301 0.6025 0 0.11699999999999999
0 0.341 0.765 0 0.052000000000000046
0 0.461 0.281 0 0.04999999999999999
0 0.501 0.281 0 0.04999999999999999
0 0.501 0.7695000000000001 0 0.04300000000000004
0 0.541 0.281 0 0.04999999999999999
0 0.581 0.3795 0 0.051000000000000045
0 0.581 0.7085 0 0.16500000000000004
0 0.661 0.2125 0 0.14699999999999996
0 0.701 0.5545 0 0.175
0 0.741 0.604 0 0.06800000000000006
0 0.781 0.29500000000000004 0 0.07800000000000001
0 0.821 0.2855 0 0.059
1 0.56103125 0.4225 0.04024927212074773 0.05
1 0.74125 0.5505 0.03900320499651279 0.05
1 0.20325 0.633 0.04285148772213166 0.05
1 0.68175 0.581 0.038707234465923814 0.05
1 0.2035 0.684 0.04482186966202994 0.05
3 0.278 0.30200000000000005 0.434 0.326
3 0.712 0.30200000000000005 0.43400000000000005 0.326
3 0.278 0.628 0.434 0.326
3 0.712 0.628 0.43400000000000005 0.326