0 0.532 0.162 0.07599999999999996 0
0 0.6739999999999999 0.162 0.05599999999999994 0
0 0.281 0.202 0.458 0
0 0.6799999999999999 0.202 0.21800000000000008 0
0 0.09749999999999999 0.242 0.091 0
0 0.4975 0.2125 0 0.059
0 0.09749999999999999 0.282 0.091 0
0 0.095 0.322 0.08600000000000002 0
0 0.09425 0.3935 0 0.14100000000000001
0 0.132265625 0.5115000000000001 0 0.30900000000000005
0 0.09749999999999999 0.402 0.091 0
0 0.410875 0.43200000000000005 0 0.06
0 0.091 0.442 0.07800000000000001 0
0 0.453875 0.4535 0 0.08100000000000002
0 0.0885 0.482 0.069 0
0 0.411125 0.5145 0 0.06500000000000006
0 0.479 0.482 0.057999999999999996 0
0 0.097 0.522 0.08600000000000002 0
0 0.09749999999999999 0.562 0.087 0
0 0.515 0.562 0.04200000000000004 0
0 0.1645 0.602 0.22500000000000003 0
0 0.5895 0.602 0.399 0
0 0.154 0.642 0.2 0
0 0.086 0.682 0.068 0
0 0.531625 0.6579999999999999 0 0.14400000000000002
0 0.127 0.722 0.14600000000000002 0
0 0.271 0.722 0.04999999999999999 0
0 0.4725 0.722 0.18699999999999994 0
0 0.490125 0.755 0 0.06800000000000006
0 0.082 0.802 0.060000000000000005 0
0 0.09849999999999999 0.842 0.093 0
0 0.411625 0.873 0 0.09000000000000008
0 0.597 0.842 0.07999999999999996 0
0 0.088 0.882 0.07200000000000001 0
0 0.17275 0.8885000000000001 0 0.05900000000000005
0 0.092 0.21050000000000002 0 0.04500000000000001
0 0.092 0.5469999999999999 0 0.08399999999999996
0 0.092 0.6825 0 0.127
0 0.092 0.86 0 0.040000000000000036
0 0.132 0.259 0 0.14200000000000002
0 0.132 0.851 0 0.07200000000000006
0 0.172 0.63 0 0.08000000000000007
0 0.212 0.628 0 0.08000000000000007
0 0.252 0.753 0 0.33000000000000007
0 0.292 0.20950000000000002 0 0.047000000000000014
0 0.332 0.616 0 0.05600000000000005
0 0.452 0.191 0 0.057999999999999996
0 0.492 0.47750000000000004 0 0.04099999999999998
0 0.572 0.191 0 0.057999999999999996
0 0.572 0.752 0 0.3320000000000001
0 0.612 0.6085 0 0.04500000000000004
0 0.652 0.191 0 0.057999999999999996
0 0.692 0.3045 0 0.28500000000000003
0 0.692 0.5555 0 0.09699999999999998
0 0.732 0.6094999999999999 0 0.04700000000000004
1 0.311 0.182 0.04308131845707603 0.05
1 0.5705 0.182 0.04001249804748511 0.05
1 0.093125 0.4845 0.041061691392342815 0.05
1 0.113125 0.326 0.03839352158893477 0.05
1 0.1321328125 0.427 0.027001306572842453 0.05
1 0.4325 0.488 0.04440228034684705 0.05
1 0.510875 0.7255 0.04246469121517311 0.05
1 0.092 0.604 0.03 0.05
1 0.712 0.595 0.043863424398922615 0.05
3 0.23625 0.35100000000000003 0.3685 0.378
3 0.60475 0.35100000000000003 0.36850000000000005 0.378
3 0.23625 0.7290000000000001 0.3685 0.378
3 0.60475 0.7290000000000001 0.36850000000000005 0.378