0 0.16649999999999998 0.77 0.259 0
0 0.33 0.676 0 0.446
0 0.65 0.49050000000000005 0 0.10300000000000004
0 0.87 0.8295 0 0.2849999999999999
0 0.7070000000000001 0.445 0.08599999999999997 0
0 0.853 0.445 0.15800000000000003 0
0 0.356 0.461 0.45399999999999996 0
0 0.8625 0.469 0.139 0
0 0.0885 0.765 0.09100000000000001 0
0 0.8620000000000001 0.893 0.10999999999999999 0
0 0.5874999999999999 0.901 0.20099999999999996 0
0 0.5755 0.917 0.17700000000000005 0
0 0.8455 0.925 0.07699999999999996 0
0 0.6645 1.069 0.10499999999999998 0
0 0.8505 1.069 0.133 0
0 0.172 1.077 0.258 0
0 0.47750000000000004 1.221 0.10500000000000004 0
0 0.077 1.1804999999999999 0 0.22899999999999987
0 0.317 0.6165 0 0.07700000000000007
0 0.485 0.9345 0 0.06299999999999994
0 0.549 0.3085 0 0.139
0 0.669 0.8029999999999999 0 0.22000000000000008
0 0.685 0.851 0 0.124
0 0.805 0.9345 0 0.09099999999999997
0 0.893 0.684 0 0.47800000000000004
0 0.917 0.76 0 0.6499999999999999
0 0.925 0.478 0 0.08600000000000002
2 0.33 0.6016666666666667 0.035 0.05
2 0.33 0.7503333333333333 0.035 0.05
3 0.26075 0.503 0.4475 0.528
3 0.70825 0.503 0.44750000000000006 0.528
3 0.26075 1.031 0.4475 0.5279999999999999
3 0.70825 1.031 0.44750000000000006 0.5279999999999999