0 0.3935 0.545 0.10699999999999998 0
0 0.6335 0.63 0.31900000000000006 0
0 0.9484999999999999 0.63 0.10499999999999987 0
0 0.8005 0.64 0.353 0
0 0.2465 0.71 0.22099999999999997 0
0 0.385 1.2054999999999998 0 0.123
0 0.56 0.7435 0 1.089
0 0.61 0.738 0 0.22199999999999998
0 0.708 0.637 0.254 0
0 0.265 0.709 0.16399999999999998 0
0 0.278 0.901 0.186 0
0 0.788 1.253 0.41400000000000003 0
0 0.454 1.261 0.10999999999999999 0
0 0.631 1.285 0.05600000000000005 0
0 0.981 0.587 0 0.061999999999999944
0 0.981 0.9 0 0.07000000000000006
0 0.989 1.1760000000000002 0 0.17599999999999993
2 0.2465 0.71 0.035 0.05
2 0.56 0.335125 0.035 0.05
2 0.56 0.47125 0.035 0.05
2 0.56 0.607375 0.035 0.05
2 0.56 0.7435 0.035 0.05
2 0.56 0.879625 0.035 0.05
2 0.56 1.01575 0.035 0.05
2 0.56 1.151875 0.035 0.05
2 0.61 0.738 0.035 0.05
3 0.35225 0.47125000000000006 0.4325 0.5445
3 0.78475 0.47125000000000006 0.4324999999999999 0.5445
3 0.35225 1.0157500000000002 0.4325 0.5445
3 0.78475 1.0157500000000002 0.4324999999999999 0.5445