0 0.47550000000000003 0.547 0.046999999999999986 0
0 0.5635 0.673 0 0.18200000000000005
0 0.6065 0.74 0 0.06600000000000006
0 0.35700000000000004 0.747 0.626 0
0 0.20575 0.766 0 0.04200000000000004
0 0.413 0.7635000000000001 0 0.04700000000000004
0 0.047375 0.969 0 0.08799999999999986
0 0.6045 1.1225 0 0.2450000000000001
0 0.5665 1.116 0 0.09800000000000009
0 0.045125 1.1444999999999999 0 0.07499999999999996
0 0.571 1.107 0.08199999999999996 0
0 0.5549999999999999 1.147 0.04999999999999993 0
0 0.320875 1.22 0 0.06599999999999984
0 0.1238125 1.339 0 0.30200000000000005
0 0.161 1.207 0 0.040000000000000036
0 0.2935 1.227 0.08500000000000002 0
0 0.44799999999999995 1.227 0.043999999999999984 0
0 0.162 1.3185 0 0.1030000000000002
0 0.2835625 1.3159999999999998 0 0.1260000000000001
0 0.1015 1.307 0.115 0
0 0.2835 1.307 0.07100000000000001 0
0 0.49450000000000005 1.307 0.10500000000000004 0
0 0.289 1.347 0.156 0
0 0.51 1.347 0.09200000000000003 0
0 0.193 1.387 0.07800000000000001 0
0 0.4915 1.4135 0 0.052999999999999936
0 0.526875 1.403 0 0.04800000000000004
0 0.641875 1.3975 0 0.050999999999999934
0 0.214 1.427 0.34 0
0 0.5760000000000001 1.427 0.18800000000000006 0
0 0.085125 1.454 0 0.08000000000000007
0 0.1653125 1.4725 0 0.129
0 0.203375 1.4775 0 0.04499999999999993
0 0.3228125 1.4605000000000001 0 0.09099999999999997
0 0.3405 1.507 0.08900000000000002 0
0 0.4365 1.547 0.129 0
0 0.0455 1.6400000000000001 0 0.06399999999999983
0 0.1305 1.666 0 0.07800000000000007
0 0.0825 1.8185 0 0.06300000000000017
0 0.401 1.787 0.057999999999999996 0
0 0.35700000000000004 1.867 0.626 0
0 0.36275 1.8715000000000002 0 0.07099999999999995
0 0.438 1.947 0.15600000000000003 0
0 0.045375 1.9815 0 0.04699999999999993
0 0.363375 1.9769999999999999 0 0.07999999999999985
0 0.406625 1.978 0 0.07799999999999985
0 0.521125 1.991 0 0.051999999999999824
0 0.563 1.9935 0 0.05499999999999994
0 0.6035 2.1315 0 0.04899999999999993
0 0.642 2.112 0 0.1080000000000001
0 0.204 1.377 0 0.10999999999999988
0 0.244 1.3445 0 0.08099999999999996
0 0.364 1.4575 0 0.08499999999999996
0 0.444 1.395 0 0.041999999999999815
0 0.444 1.7785 0 0.051000000000000156
0 0.484 1.8235000000000001 0 0.28700000000000014
0 0.564 1.4529999999999998 0 0.07800000000000007
0 0.644 1.322 0 0.052000000000000046
1 0.30221875 1.253 0.0373125 0.05
1 0.1615 1.247 0.04001249804748511 0.05
1 0.16365625 1.389 0.03814410382024986 0.05
1 0.5454375 1.4205 0.03933529744389891 0.05
1 0.3785 1.527 0.042059481689626185 0.05
1 0.3630625 1.922 0.03000650971039451 0.05
1 0.5025625 1.8485 0.03717883302364398 0.05
3 0.20049999999999998 0.9517500000000001 0.313 0.8095
3 0.5135000000000001 0.9517500000000001 0.31300000000000006 0.8095
3 0.20049999999999998 1.76125 0.313 0.8094999999999999
3 0.5135000000000001 1.76125 0.31300000000000006 0.8094999999999999