0 0.09825 0.11900000000000001 0 0.04000000000000001
0 0.05675 0.139 0 0.07999999999999999
0 0.05675 0.256 0 0.07399999999999998
0 0.0925 0.259 0.08300000000000002 0
0 0.05675 0.3885 0 0.09899999999999998
0 0.082 0.539 0.066 0
0 0.06 0.5389999999999999 0 0.05399999999999994
0 0.3 0.44999999999999996 0 0.08200000000000002
1 0.05675 0.199 0.04 0.05
3 0.11174999999999999 0.21575 0.1255 0.2335
3 0.23725 0.21575 0.1255 0.2335
3 0.11174999999999999 0.44925 0.1255 0.23349999999999993
3 0.23725 0.44925 0.1255 0.23349999999999993