0 0.451 0.351 0.10199999999999998 0
0 0.6805 0.351 0.2849999999999999 0
0 0.9935 0.351 0.1429999999999999 0
0 1.1764999999999999 0.351 0.16300000000000003 0
0 1.607 0.351 0.6099999999999999 0
0 2.7855 0.351 0.935 0
0 0.42100000000000004 0.391 0.04199999999999998 0
0 0.583 0.391 0.04599999999999993 0
0 1.079 0.391 0.27 0
0 1.6099999999999999 0.391 0.6100000000000001 0
0 2.5995 0.391 0.5629999999999997 0
0 3.1630000000000003 0.391 0.18000000000000016 0
0 1.0015 0.431 0.11499999999999999 0
0 1.1525 0.431 0.06499999999999995 0
0 1.219375 0.386 0 0.15000000000000002
0 1.3125 0.431 0.08300000000000018 0
0 1.648 0.431 0.528 0
0 2.628 0.431 0.6200000000000001 0
0 3.157 0.431 0.19200000000000017 0
0 0.446 0.471 0.09199999999999997 0
0 0.9984999999999999 0.471 0.1529999999999999 0
0 1.1525 0.471 0.06499999999999995 0
0 1.22275 0.5005 0 0.05900000000000005
0 1.6495 0.471 0.5310000000000001 0
0 2.5865 0.471 0.5369999999999999 0
0 2.893125 0.40700000000000003 0 0.192
0 2.9345 0.4335 0 0.07499999999999996
0 3.033 0.471 0.1459999999999999 0
0 0.4225 0.511 0.044999999999999984 0
0 0.583 0.511 0.08999999999999997 0
0 0.9684999999999999 0.511 0.049000000000000044 0
0 1.1665 0.511 0.061000000000000165 0
0 1.264 0.511 0.06800000000000006 0
0 1.6495 0.511 0.5310000000000001 0
0 2.536 0.511 0.43599999999999994 0
0 2.8575 0.511 0.1349999999999998 0
0 3.1630000000000003 0.511 0.18000000000000016 0
0 1.0015 0.551 0.11499999999999999 0
0 1.1545 0.551 0.06899999999999995 0
0 1.5779999999999998 0.551 0.6340000000000001 0
0 2.6355 0.551 0.6470000000000002 0
0 3.14025 0.5780000000000001 0 0.09199999999999997
0 0.7875 0.591 0.05899999999999994 0
0 1.186 0.591 0.10000000000000009 0
0 1.33725 0.599 0 0.04600000000000004
0 1.645 0.591 0.522 0
0 2.5365 0.591 0.44300000000000006 0
0 2.8265000000000002 0.591 0.07299999999999995 0
0 2.996 0.591 0.07800000000000029 0
0 3.223 0.591 0.06000000000000005 0
0 0.4285 0.631 0.044999999999999984 0
0 0.997 0.631 0.1060000000000001 0
0 1.2029999999999998 0.631 0.13400000000000012 0
0 1.4135 0.631 0.04700000000000015 0
0 1.536 0.631 0.1339999999999999 0
0 1.6865 0.631 0.04500000000000015 0
0 1.8775 0.631 0.07499999999999996 0
0 2.598 0.631 0.5659999999999998 0
0 2.9565 0.631 0.04899999999999993 0
0 3.158 0.631 0.07399999999999984 0
0 0.4395 0.671 0.06699999999999995 0
0 0.5925 0.671 0.06499999999999995 0
0 0.7845 0.671 0.06499999999999995 0
0 1.03 0.671 0.08999999999999997 0
0 1.19 0.671 0.1519999999999999 0
0 1.4885000000000002 0.671 0.07099999999999995 0
0 1.58 0.671 0.040000000000000036 0
0 1.8305 0.671 0.16900000000000004 0
0 2.497 0.671 0.3639999999999999 0
0 2.742 0.671 0.041999999999999815 0
0 2.8355 0.671 0.07699999999999996 0
0 2.95 0.671 0.06199999999999983 0
0 0.438 0.711 0.06399999999999995 0
0 0.88 0.711 0.062000000000000055 0
0 0.9874999999999999 0.711 0.04299999999999993 0
0 1.178 0.711 0.1279999999999999 0
0 1.73675 0.7435 0 0.10300000000000009
0 1.896 0.711 0.04200000000000004 0
0 2.135875 0.7869999999999999 0 0.17200000000000004
0 2.7855 0.711 0.935 0
0 0.4395 0.751 0.06699999999999995 0
0 0.8029999999999999 0.751 0.08999999999999997 0
0 1.1869999999999998 0.751 0.04600000000000004 0
0 1.70175 0.776 0 0.050000000000000044
0 1.82 0.7464999999999999 0 0.05300000000000005
0 2.7455 0.751 0.9049999999999998 0
0 0.6115 0.791 0.135 0
0 0.776 0.791 0.07999999999999996 0
0 0.937 0.8575 0 0.133
0 1.189 0.791 0.050000000000000044 0
0 1.635 0.791 0.2879999999999998 0
0 1.931 0.791 0.1120000000000001 0
0 2.7675 0.791 0.9050000000000002 0
0 0.3305 0.831 0.229 0
0 0.724 0.831 0.10799999999999998 0
0 0.8775 0.831 0.1190000000000001 0
0 1.189 0.831 0.05600000000000005 0
0 2.6345 0.831 0.6390000000000002 0
0 3.0415 0.831 0.11299999999999999 0
0 3.2295 0.831 0.04700000000000015 0
0 0.545 0.871 0.278 0
0 0.9964999999999999 0.871 0.483 0
0 1.47 0.871 0.07200000000000006 0
0 1.912 0.871 0.062000000000000055 0
0 2.7205 0.871 0.8109999999999999 0
0 0.4415 0.911 0.07099999999999995 0
0 0.6255 0.911 0.1309999999999999 0
0 0.775 0.911 0.04600000000000004 0
0 1.099 0.911 0.43599999999999994 0
0 1.4085 0.911 0.08099999999999996 0
0 1.6465 0.911 0.05899999999999994 0
0 1.904 0.911 0.08399999999999985 0
0 2.1365 0.9425 0 0.07899999999999996
0 2.702 0.911 0.774 0
0 0.775 0.951 0.04600000000000004 0
0 1.0625 0.951 0.2370000000000001 0
0 1.358 0.951 0.2939999999999998 0
0 1.6305 0.951 0.07699999999999996 0
0 1.887 0.951 0.04999999999999982 0
0 2.741 0.951 0.8460000000000001 0
0 0.4395 0.991 0.06699999999999995 0
0 0.7685 0.991 0.07100000000000006 0
0 1.2205 0.991 0.5530000000000002 0
0 1.561 0.991 0.052000000000000046 0
0 1.8935 0.991 0.04299999999999993 0
0 2.13625 1.0645 0 0.1469999999999999
0 2.7359999999999998 0.991 0.8359999999999999 0
0 0.4395 1.031 0.06699999999999995 0
0 0.9309999999999999 1.031 0.1439999999999999 0
0 1.083 1.031 0.08400000000000007 0
0 1.1935 1.031 0.05900000000000016 0
0 1.34025 0.978 0 0.10599999999999987
0 1.4405000000000001 1.031 0.1369999999999998 0
0 1.653125 1.0245 0 0.04899999999999993
0 1.8935 1.031 0.04299999999999993 0
0 1.93825 1.0235 0 0.05300000000000005
0 2.7095000000000002 1.031 0.7829999999999999 0
0 0.74225 1.0935000000000001 0 0.04500000000000015
0 0.9185 1.071 0.07499999999999996 0
0 1.0819999999999999 1.071 0.08200000000000007 0
0 1.193 1.071 0.05800000000000005 0
0 1.2814999999999999 1.071 0.05300000000000016 0
0 1.436 1.071 0.1279999999999999 0
0 1.57825 1.0705 0 0.052999999999999936
0 1.8655 1.071 0.06899999999999995 0
0 2.0695 1.071 0.09299999999999997 0
0 2.717 1.071 0.798 0
0 0.95 1.111 0.05599999999999994 0
0 1.015875 1.1325 0 0.15700000000000003
0 1.1444999999999999 1.111 0.20700000000000007 0
0 1.436 1.111 0.1279999999999999 0
0 2.3585000000000003 1.111 0.08099999999999996 0
0 2.537 1.1015000000000001 0 0.19100000000000006
0 2.77675 0.97 0 0.48
0 0.8775 1.151 0.06300000000000006 0
0 1.4729999999999999 1.151 0.07800000000000007 0
0 1.58125 1.1835 0 0.06499999999999995
0 1.65525 1.163 0 0.10599999999999987
0 1.9075000000000002 1.151 0.07099999999999995 0
0 2.708 1.151 0.7799999999999998 0
0 0.4645 1.1865 0 0.05899999999999994
0 0.50425 1.2005 0 0.04299999999999993
0 0.8995 1.191 0.10699999999999998 0
0 1.319 1.191 0.08400000000000007 0
0 1.3805 1.0630000000000002 0 0.32000000000000006
0 1.8635000000000002 1.191 0.42300000000000026 0
0 2.7855 1.191 0.935 0
0 0.558 1.231 0.30399999999999994 0
0 0.9869999999999999 1.231 0.05599999999999994 0
0 1.2495 1.231 0.06499999999999995 0
0 1.345 1.21 0 0.04200000000000004
0 1.89375 1.198 0 0.14400000000000013
0 3.216 1.4729999999999999 0 0.5879999999999999
0 1.615 1.271 0.19799999999999995 0
0 2.31 1.271 0.040000000000000036 0
0 1.57575 1.319 0 0.09600000000000009
0 1.65425 1.291 0 0.040000000000000036
0 2.8045 1.311 0.8970000000000002 0
0 2.8045 1.351 0.8970000000000002 0
0 1.29425 1.4155 0 0.04899999999999993
0 2.8045 1.391 0.8970000000000002 0
0 1.7175 1.431 0.16900000000000004 0
0 2.796 1.431 0.8300000000000001 0
0 1.8255 1.471 0.05300000000000016 0
0 2.796 1.471 0.8300000000000001 0
0 1.698 1.511 0.16799999999999993 0
0 2.1376875 1.5345 0 0.09899999999999998
0 2.8045 1.511 0.8970000000000002 0
0 1.29575 1.6524999999999999 0 0.22899999999999987
0 2.8045 1.551 0.8970000000000002 0
0 2.8045 1.591 0.8970000000000002 0
0 1.6925 1.631 0.1569999999999998 0
0 2.796 1.631 0.8300000000000001 0
0 1.735 1.6695 0 0.09299999999999997
0 2.796 1.671 0.8300000000000001 0
0 0.391 1.711 0.184 0
0 1.719 1.711 0.20999999999999996 0
0 2.8045 1.711 0.8970000000000002 0
0 0.274 1.751 0.11600000000000002 0
0 2.8045 1.751 0.8970000000000002 0
0 0.216 0.863 0 0.07200000000000006
0 0.216 1.7405 0 0.052999999999999936
0 0.336 1.7374999999999998 0 0.05899999999999994
0 0.416 0.77 0 0.9180000000000001
0 0.456 0.34099999999999997 0 0.05199999999999999
0 0.456 0.74 0 0.14
0 0.456 0.8915 0 0.05900000000000005
0 0.456 1.0110000000000001 0 0.04600000000000004
0 0.496 0.7875 0 0.06499999999999995
0 0.496 0.879 0 0.040000000000000036
0 0.536 0.7825 0 0.05500000000000005
0 0.536 0.8614999999999999 0 0.04300000000000004
0 0.576 0.4095 0 0.197
0 0.576 0.7655 0 0.405
0 0.576 1.1320000000000001 0 0.19999999999999996
0 0.616 0.33899999999999997 0 0.055999999999999994
0 0.616 0.7825 0 0.05500000000000005
0 0.616 0.8855 0 0.09100000000000008
0 0.616 1.19 0 0.05800000000000005
0 0.656 0.852 0 0.19399999999999995
0 0.656 1.1915 0 0.06099999999999994
0 0.696 0.3405 0 0.059
0 0.696 0.7829999999999999 0 0.14400000000000002
0 0.696 1.19 0 0.05800000000000005
0 0.736 0.7715 0 0.10899999999999999
0 0.736 1.0095 0 0.04299999999999993
0 0.736 1.1935 0 0.06499999999999995
0 0.776 0.3405 0 0.059
0 0.776 0.6459999999999999 0 0.122
0 0.776 0.8875 0 0.18299999999999994
0 0.816 0.364 0 0.10599999999999998
0 0.816 0.7845 0 0.273
0 0.816 1.1804999999999999 0 0.0970000000000002
0 0.856 0.7969999999999999 0 0.21000000000000008
0 0.856 1.17 0 0.1060000000000001
0 0.896 0.8440000000000001 0 0.15400000000000003
0 0.896 0.992 0 0.04599999999999993
0 0.896 1.1415000000000002 0 0.17500000000000004
0 0.936 1.1145 0 0.20900000000000007
0 0.976 0.8600000000000001 0 0.128
0 1.016 0.4395 0 0.25699999999999995
0 1.016 0.649 0 0.04600000000000004
0 1.016 0.943 0 0.1439999999999999
0 1.056 0.523 0 0.424
0 1.056 1.0434999999999999 0 0.345
0 1.096 0.34550000000000003 0 0.069
0 1.096 0.976 0 0.20999999999999996
0 1.136 0.5215 0 0.421
0 1.136 0.94 0 0.1379999999999999
0 1.176 0.47750000000000004 0 0.333
0 1.176 0.8029999999999999 0 0.16600000000000004
0 1.176 1.0955 0 0.2670000000000001
0 1.216 0.844 0 0.562
0 1.216 1.193 0 0.04600000000000004
0 1.256 0.33099999999999996 0 0.03999999999999998
0 1.256 0.6395 0 0.15300000000000002
0 1.256 0.9265 0 0.129
0 1.296 0.498 0 0.20999999999999996
0 1.296 0.9510000000000001 0 0.09599999999999997
0 1.296 1.2275 0 0.07099999999999995
0 1.296 1.492 0 0.040000000000000036
0 1.336 0.3735 0 0.125
0 1.376 0.40900000000000003 0 0.055999999999999994
0 1.376 0.6005 0 0.049000000000000044
0 1.416 0.47150000000000003 0 0.321
0 1.416 0.819 0 0.08399999999999996
0 1.416 1.0175 0 0.22299999999999998
0 1.456 0.5025 0 0.38299999999999995
0 1.456 0.9065 0 0.08299999999999996
0 1.456 1.045 0 0.1140000000000001
0 1.456 1.1869999999999998 0 0.07800000000000007
0 1.496 0.7685 0 0.915
0 1.536 0.49650000000000005 0 0.37100000000000005
0 1.536 1.475 0 0.5839999999999999
0 1.576 0.493 0 0.36400000000000005
0 1.576 0.99 0 0.061999999999999944
0 1.616 0.55 0 0.47800000000000004
0 1.616 0.976 0 0.128
0 1.616 1.6084999999999998 0 0.31699999999999995
0 1.656 0.4635 0 0.305
0 1.656 0.9339999999999999 0 0.04999999999999993
0 1.696 0.4685 0 0.295
0 1.696 0.9995 0 0.08100000000000007
0 1.696 1.7015 0 0.04300000000000015
0 1.736 0.488 0 0.35400000000000004
0 1.736 0.9884999999999999 0 0.07100000000000006
0 1.776 0.506 0 0.38999999999999996
0 1.776 0.9964999999999999 0 0.08700000000000008
0 1.816 0.4605 0 0.299
0 1.816 1.1835 0 0.06499999999999995
0 1.816 1.6055 0 0.32299999999999995
0 1.856 0.485 0 0.34800000000000003
0 1.856 0.9259999999999999 0 0.08399999999999996
0 1.896 0.5545 0 0.48700000000000004
0 1.896 0.9605 0 0.17900000000000005
0 1.896 1.4215 0 0.04300000000000015
0 2.056 1.478 0 0.5779999999999998
0 2.096 1.561 0 0.04600000000000004
0 2.176 1.624 0 0.12200000000000011
0 2.336 0.762 0 0.9020000000000001
0 2.376 0.7525 0 0.883
0 2.376 1.5345 0 0.46499999999999986
0 2.416 0.759 0 0.8960000000000001
0 2.416 1.5345 0 0.46499999999999986
0 2.456 0.7605 0 0.899
0 2.456 1.55 0 0.3759999999999999
0 2.496 0.7555 0 0.889
0 2.496 1.525 0 0.42599999999999993
0 2.536 0.6435 0 0.665
0 2.536 1.55 0 0.3759999999999999
0 2.576 0.759 0 0.8960000000000001
0 2.576 1.552 0 0.42999999999999994
0 2.616 0.759 0 0.8960000000000001
0 2.616 1.5345 0 0.46499999999999986
0 2.656 0.7545 0 0.887
0 2.656 1.55 0 0.3759999999999999
0 2.696 0.7575 0 0.893
0 2.696 1.525 0 0.42599999999999993
0 2.736 0.4475 0 0.27299999999999996
0 2.736 0.9285000000000001 0 0.537
0 2.736 1.55 0 0.3759999999999999
0 2.776 0.356 0 0.09000000000000002
0 2.776 0.657 0 0.09999999999999998
0 2.776 1.552 0 0.42999999999999994
0 2.816 0.7545 0 0.887
0 2.816 1.5345 0 0.46499999999999986
0 2.856 0.46299999999999997 0 0.304
0 2.856 0.9259999999999999 0 0.5439999999999999
0 2.856 1.55 0 0.3759999999999999
0 2.896 0.9035 0 0.45499999999999996
0 2.896 1.187 0 0.040000000000000036
0 2.896 1.525 0 0.42599999999999993
0 2.936 0.34199999999999997 0 0.062
0 2.936 0.5765 0 0.07699999999999996
0 2.936 0.9335 0 0.559
0 2.936 1.525 0 0.42599999999999993
0 2.976 0.33099999999999996 0 0.03999999999999998
0 2.976 0.8065 0 0.4870000000000001
0 2.976 1.187 0 0.040000000000000036
0 2.976 1.552 0 0.42999999999999994
0 3.016 0.3655 0 0.10899999999999999
0 3.016 0.9415 0 0.531
0 3.016 1.552 0 0.42999999999999994
0 3.056 0.3325 0 0.04299999999999998
0 3.056 0.937 0 0.5219999999999999
0 3.056 1.55 0 0.3759999999999999
0 3.096 0.9555 0 0.509
0 3.096 1.55 0 0.3759999999999999
0 3.136 0.35150000000000003 0 0.08100000000000002
0 3.136 0.7855000000000001 0 0.21899999999999997
0 3.136 0.9884999999999999 0 0.08899999999999997
0 3.136 1.525 0 0.42599999999999993
0 3.176 0.3625 0 0.10299999999999998
0 3.176 0.5860000000000001 0 0.06399999999999995
0 3.176 0.765 0 0.17799999999999994
0 3.176 1.552 0 0.42999999999999994
0 3.216 0.45999999999999996 0 0.298
0 3.216 0.761 0 0.16999999999999993
1 0.52 0.351 0.036 0.05
1 1.08 0.351 0.03 0.05
1 1.28 0.351 0.044 0.05
1 1.369 0.431 0.03 0.05
1 1.219375 0.5465 0.03368326735932843 0.05
1 2.772 0.511 0.036 0.05
1 2.958 0.571 0.04004996878900158 0.05
1 2.774 0.591 0.032 0.05
1 3.187 0.611 0.04004996878900158 0.05
1 1.453 0.631 0.032 0.05
1 1.0945 0.671 0.039 0.05
1 1.542 0.671 0.036 0.05
1 2.7 0.671 0.042 0.05
1 2.78 0.671 0.034 0.05
1 0.8345 0.731 0.04001249804748511 0.05
1 1.736375 0.553 0.02701041465805366 0.05
1 2.1361875 0.888 0.03000650971039451 0.05
1 0.6745 0.811 0.041 0.05
1 0.817 0.811 0.04004996878900158 0.05
1 3.213 0.811 0.04237924020083418 0.05
1 0.592 0.851 0.04237924020083418 0.05
1 2.9695 0.831 0.031 0.05
1 1.437 0.891 0.04272001872658766 0.05
1 1.196 0.951 0.03 0.05
1 1.602 0.971 0.04031128874149274 0.05
1 1.516 0.991 0.038 0.05
1 1.022 1.031 0.038 0.05
1 1.1445 1.031 0.039 0.05
1 1.6545625 0.979 0.04110067669759222 0.05
1 0.739125 1.052 0.04048533685175412 0.05
1 1.2385 1.071 0.033 0.05
1 0.912 1.131 0.042059481689626185 0.05
1 2.5365 0.754 0.03001666203960727 0.05
1 0.956 1.211 0.04044749683231337 0.05
1 1.289 1.211 0.04031128874149274 0.05
1 1.295125 1.456 0.03204781583821275 0.05
1 1.8005 1.451 0.04011234224026316 0.05
1 1.733 1.491 0.04346262762420146 0.05
1 2.15684375 1.5735 0.04369036113663974 0.05
1 1.295875 1.6195 0.02600120189529707 0.05
1 0.496 0.8395 0.039 0.05
1 0.756 0.7055 0.04123105625617661 0.05
1 0.756 0.9135 0.041 0.05
1 0.896 1.0345 0.039 0.05
1 1.156 0.726 0.0417612260356422 0.05
1 1.156 0.8645 0.04272001872658766 0.05
1 1.436 1.1385 0.04428317965096906 0.05
1 1.456 0.968 0.04 0.05
1 2.856 0.6345 0.039 0.05
1 2.896 1.149 0.036 0.05
1 2.936 0.6345 0.039 0.05
3 0.97525 0.6749999999999999 1.5185 0.728
3 2.49375 0.6749999999999999 1.5185000000000002 0.728
3 0.97525 1.403 1.5185 0.728
3 2.49375 1.403 1.5185000000000002 0.728