0 1.1225 0.235 0.7090000000000001 0
0 0.5760000000000001 0.24 0.15400000000000003 0
0 1.224 0.245 0.10999999999999988 0
0 1.2305000000000001 0.275 0.14300000000000002 0
0 1.0335 0.57 0.19899999999999995 0
0 1.8975 0.7 0.5129999999999999 0
0 1.3570000000000002 0.95 0.268 0
0 1.0705 1.13 0.10899999999999999 0
0 1.718 1.13 0.35199999999999987 0
0 1.0619999999999998 1.195 0.1359999999999999 0
0 1.4195 1.205 0.18699999999999983 0
0 0.53 0.5815 0 0.7769999999999999
0 0.87 0.9955 0 0.15700000000000003
0 0.875 0.423 0 0.10199999999999998
0 0.935 0.4445 0 0.18500000000000005
0 1.175 0.36350000000000005 0 0.337
0 1.25 1.2075 0 0.11499999999999999
0 1.315 1.286 0 0.1379999999999999
0 1.54 1.2305000000000001 0 0.2489999999999999
0 1.745 1.2525 0 0.2929999999999999
0 1.975 0.39549999999999996 0 0.39699999999999996
0 1.975 1.0775000000000001 0 0.7590000000000001
0 2 0.607 0 0.8199999999999998
0 1.0265 0.245 0.09299999999999997 0
0 0.9444999999999999 0.693 0.16499999999999992 0
0 0.896 0.701 0.06000000000000005 0
0 1.197 0.901 0.08800000000000008 0
0 1.2774999999999999 0.901 0.07099999999999995 0
0 1.1905000000000001 0.941 0.10299999999999998 0
0 1.3935 1.125 0.09299999999999997 0
0 0.877 0.7285 0 0.09499999999999997
0 0.981 0.383 0 0.07600000000000001
0 1.173 1.126 0 0.05800000000000005
0 1.525 1.1675 0 0.07699999999999996
0 1.693 1.2999999999999998 0 0.05800000000000005
0 1.693 1.3599999999999999 0 0.05999999999999983
0 1.965 1.1680000000000001 0 0.07800000000000007
1 1.226 0.921 0.04 0.05
2 1.76925 0.7 0.035 0.05
2 1.8975 0.7 0.035 0.05
2 2.02575 0.7 0.035 0.05
2 0.53 0.3225 0.035 0.05
2 0.53 0.452 0.035 0.05
2 0.53 0.5815 0.035 0.05
2 0.53 0.711 0.035 0.05
2 0.53 0.8405 0.035 0.05
2 1.175 0.3073333333333333 0.035 0.05
2 1.175 0.41966666666666663 0.035 0.05
2 1.975 0.3293333333333333 0.035 0.05
2 1.975 0.4616666666666666 0.035 0.05
3 0.91275 0.509 0.8275 0.6319999999999999
3 1.74025 0.509 0.8274999999999999 0.6319999999999999
3 0.91275 1.141 0.8275 0.6320000000000001
3 1.74025 1.141 0.8274999999999999 0.6320000000000001