0 0.42400000000000004 0.292 0.03999999999999998 0
0 0.4795 0.3215 0 0.059
0 0.107 0.332 0.13199999999999998 0
0 0.3635 0.332 0.09099999999999997 0
0 0.2505 0.372 0.06299999999999997 0
0 0.44225 0.34950000000000003 0 0.044999999999999984
0 0.573 0.372 0.05999999999999994 0
0 0.16 0.508 0 0.16999999999999998
0 0.534 0.532 0.05799999999999994 0
0 0.077 0.572 0.07400000000000001 0
0 0.5015000000000001 0.692 0.069 0
0 0.5825 0.732 0.040999999999999925 0
0 0.35050000000000003 0.772 0.09100000000000003 0
0 0.5825 0.772 0.040999999999999925 0
0 0.215 0.852 0.35000000000000003 0
0 0.10350000000000001 0.892 0.127 0
0 0.20025 0.883 0 0.062000000000000055
0 0.2415 0.8785000000000001 0 0.05300000000000005
0 0.319375 0.883 0 0.062000000000000055
0 0.3585 0.877 0 0.050000000000000044
0 0.087 0.932 0.046 0
0 0.282125 1.021 0 0.05999999999999994
0 0.0765 1.052 0.07300000000000001 0
0 0.2035 1.064 0 0.050000000000000044
0 0.36075 1.145 0 0.21799999999999997
0 0.0915 1.092 0.043 0
0 0.199125 1.1320000000000001 0 0.07999999999999985
0 0.22799999999999998 1.132 0.11999999999999997 0
0 0.42200000000000004 1.132 0.062 0
0 0.172 1.172 0.264 0
0 0.32325 1.2325 0 0.040999999999999925
0 0.4775 1.241 0 0.05800000000000005
0 0.532 1.212 0.040000000000000036 0
0 0.18 1.252 0.21399999999999997 0
0 0.431 1.252 0.16200000000000003 0
0 0.573 1.252 0.05999999999999994 0
0 0.52025 1.329 0 0.19799999999999995
0 0.11699999999999999 1.332 0.082 0
0 0.08 0.5825 0 0.16100000000000003
0 0.08 0.9079999999999999 0 0.11199999999999999
0 0.08 1.1595 0 0.18900000000000006
0 0.12 0.6445 0 0.133
0 0.12 1.0895000000000001 0 0.06299999999999994
0 0.16 1.096 0 0.05600000000000005
0 0.16 1.1955 0 0.052999999999999936
0 0.24 1.237 0 0.039999999999999813
0 0.28 0.35050000000000003 0 0.05299999999999999
0 0.28 1.2465 0 0.052999999999999936
0 0.32 0.344 0 0.03999999999999998
0 0.32 1.021 0 0.05999999999999994
0 0.44 1.2565 0 0.04699999999999993
0 0.52 0.532 0 0.040000000000000036
0 0.52 1.1195 0 0.16700000000000004
0 0.56 0.3295 0 0.10699999999999998
0 0.56 1.2385000000000002 0 0.05499999999999994
0 0.6 0.331 0 0.10999999999999999
0 0.6 1.2530000000000001 0 0.09800000000000009
1 0.381 0.312 0.04031128874149274 0.05
1 0.460875 0.339 0.04431210331275192 0.05
1 0.14 0.5855 0.04272001872658766 0.05
1 0.340375 1.1225 0.04342306414798477 0.05
1 0.1795625 1.1705 0.03923984741305705 0.05
1 0.49875 1.153 0.04344249072049161 0.05
1 0.451 1.232 0.04 0.05
1 0.5475 1.232 0.041 0.05
3 0.18075 0.5640000000000001 0.28150000000000003 0.576
3 0.46225 0.5640000000000001 0.2815 0.576
3 0.18075 1.14 0.28150000000000003 0.576
3 0.46225 1.14 0.2815 0.576