0 0.266625 0.10350000000000001 0 0.053000000000000005
0 0.045 0.197 0.04 0
0 0.1875 0.2195 0 0.044999999999999984
0 0.066 0.2575 0 0.10300000000000001
0 0.074 0.317 0.098 0
0 0.149125 0.34750000000000003 0 0.061
0 0.11325 0.4185 0 0.04299999999999998
0 0.065 0.135 0 0.09
0 0.065 0.39 0 0.09999999999999998
0 0.345 0.224 0 0.043999999999999984
1 0.0655 0.1995 0.026019223662515377 0.05
1 0.0655 0.3245 0.031016124838541645 0.05
1 0.1311875 0.3875 0.04059575870703736 0.05
3 0.105 0.16775 0.16 0.1815
3 0.265 0.16775 0.15999999999999998 0.1815
3 0.105 0.34925 0.16 0.1815
3 0.265 0.34925 0.15999999999999998 0.1815