0 0.9655 0.31 0.07299999999999995 0
0 0.1585 0.43 0.15899999999999997 0
0 0.601 0.43 0.282 0
0 1.0875 0.47 0.20499999999999996 0
0 0.5995 0.59 0.27899999999999997 0
0 0.5569999999999999 0.63 0.07599999999999996 0
0 0.5465 0.67 0.05499999999999994 0
0 0.5095000000000001 0.71 0.09900000000000003 0
0 0.36 0.75 0.318 0
0 0.641 0.75 0.17199999999999993 0
0 0.36 0.79 0.318 0
0 0.5940000000000001 0.79 0.07799999999999996 0
0 0.731 0.79 0.040000000000000036 0
0 0.4655 0.83 0.583 0
0 1.0875 0.83 0.20499999999999996 0
0 1.074 0.8465 0 0.04700000000000004
0 0.927 1.03 0.15000000000000002 0
0 0.878 1.07 0.052000000000000046 0
0 0.199 0.8200000000000001 0 0.039999999999999925
0 0.279 0.794 0 0.08799999999999997
0 0.319 0.7949999999999999 0 0.08999999999999997
0 0.359 0.7925 0 0.08499999999999996
0 0.399 0.7895 0 0.07899999999999996
0 0.439 0.7949999999999999 0 0.08999999999999997
0 0.479 0.6439999999999999 0 0.11399999999999999
0 0.479 0.8125 0 0.05499999999999994
0 0.519 0.7135 0 0.253
0 0.559 0.7135 0 0.253
0 0.599 0.6970000000000001 0 0.10199999999999998
0 0.599 0.8109999999999999 0 0.051999999999999935
0 0.639 0.4675 0 0.09100000000000003
0 0.639 0.61 0 0.04600000000000004
0 0.639 0.78 0 0.08399999999999996
0 0.679 0.46299999999999997 0 0.08200000000000002
0 0.719 0.7889999999999999 0 0.10199999999999998
0 0.759 0.8285 0 0.11099999999999999
0 0.959 0.251 0 0.122
0 0.999 0.634 0 0.8880000000000001
0 1.079 0.48650000000000004 0 0.046999999999999986
1 0.557 0.73 0.04019950248448356 0.05
1 0.719 0.77 0.04308131845707603 0.05
1 0.619 0.6675 0.042059481689626185 0.05
3 0.35674999999999996 0.41200000000000003 0.5555 0.444
3 0.91225 0.41200000000000003 0.5555 0.444
3 0.35674999999999996 0.8560000000000001 0.5555 0.44400000000000006
3 0.91225 0.8560000000000001 0.5555 0.44400000000000006