0 0.8345 0.215 0.32499999999999996 0
0 2.3520000000000003 0.26 0.19600000000000017 0
0 0.5465 0.555 0.16099999999999998 0
0 2.3545 0.53 0.16100000000000003 0
0 0.639 0.7 0.34400000000000003 0
0 2.394 1.115 0.13200000000000012 0
0 0.831 1.125 0.6339999999999999 0
0 0.49 1.0205 0 0.10099999999999998
0 0.585 0.621 0 0.1499999999999999
0 0.62 0.6399999999999999 0 0.10799999999999998
0 0.755 0.562 0 0.124
0 0.825 0.8220000000000001 0 0.2260000000000001
0 1.21 0.6975 0 0.18100000000000005
0 1.22 0.3825 0 0.6030000000000001
0 1.375 0.3355 0 0.355
0 1.905 1.022 0 0.1120000000000001
0 2.155 0.741 0 0.17199999999999993
0 0.355 1.133 0.08200000000000002 0
2 0.5465 0.555 0.035 0.05
2 0.5816666666666667 0.7 0.035 0.05
2 0.6963333333333332 0.7 0.035 0.05
2 1.375 0.2763333333333333 0.035 0.05
2 1.375 0.3946666666666666 0.035 0.05
3 0.8505 0.344 1.073 0.526
3 1.9235 0.344 1.073 0.526
3 0.8505 0.87 1.073 0.526
3 1.9235 0.87 1.073 0.526