0 0.44849999999999995 0.148 0.731 0
0 0.923328125 0.332 0 0.44800000000000006
0 0.962875 0.33 0 0.44400000000000006
0 1.00259375 0.329 0 0.44200000000000006
0 1.116 0.148 0.07800000000000007 0
0 1.203 0.1505 0 0.085
0 0.444 0.188 0.7220000000000001 0
0 0.883453125 0.368 0 0.38000000000000006
0 0.9684999999999999 0.188 0.08899999999999986 0
0 1.0429296875 0.35950000000000004 0 0.395
0 1.155 0.188 0.18000000000000016 0
0 0.664 0.228 1.1620000000000001 0
0 0.664 0.268 1.1620000000000001 0
0 0.664 0.308 1.1620000000000001 0
0 0.664 0.348 1.1620000000000001 0
0 0.664 0.388 1.1620000000000001 0
0 0.664 0.428 1.1620000000000001 0
0 0.664 0.468 1.1620000000000001 0
0 0.6084999999999999 0.508 1.051 0
0 1.1626875 0.44400000000000006 0 0.22600000000000003
0 0.604 0.548 1.042 0
0 0.083 0.346 0 0.476
0 0.123 0.346 0 0.476
0 0.163 0.346 0 0.476
0 0.203 0.346 0 0.476
0 0.243 0.346 0 0.476
0 0.283 0.346 0 0.476
0 0.323 0.346 0 0.476
0 0.363 0.346 0 0.476
0 0.403 0.346 0 0.476
0 0.443 0.346 0 0.476
0 0.483 0.346 0 0.476
0 0.523 0.346 0 0.476
0 0.563 0.346 0 0.476
0 0.603 0.346 0 0.476
0 0.643 0.346 0 0.476
0 0.683 0.3455 0 0.475
0 0.723 0.346 0 0.476
0 0.763 0.346 0 0.476
0 0.803 0.335 0 0.45400000000000007
0 0.843 0.371 0 0.34600000000000003
0 0.883 0.1315 0 0.047
0 1.083 0.2925 0 0.369
0 1.083 0.534 0 0.05400000000000005
0 1.123 0.329 0 0.44200000000000006
0 1.163 0.2085 0 0.201
0 1.203 0.355 0 0.26
0 1.243 0.3905 0 0.31900000000000006
1 1.203 0.209 0.032 0.05
1 1.083 0.492 0.03 0.05
3 0.3735 0.22699999999999998 0.5810000000000001 0.238
3 0.9545000000000001 0.22699999999999998 0.5810000000000001 0.238
3 0.3735 0.46499999999999997 0.5810000000000001 0.238
3 0.9545000000000001 0.46499999999999997 0.5810000000000001 0.238