0 0.40549999999999997 0.18 0.04299999999999998 0
0 0.38 0.26 0.08799999999999997 0
0 0.131 0.42 0.11800000000000001 0
0 0.2915 0.42 0.12699999999999997 0
0 0.6765 0.42 0.2230000000000001 0
0 0.9410000000000001 0.42 0.051999999999999935 0
0 0.75025 0.4435 0 0.11299999999999999
0 0.51275 0.6275 0 0.09900000000000009
0 0.627 0.62 0.23199999999999998 0
0 0.74675 0.7265 0 0.133
0 0.394625 0.727 0 0.05400000000000005
0 0.51325 0.724 0 0.04800000000000004
0 0.478 0.74 0.066 0
0 0.1515 0.772 0 0.04200000000000004
0 0.35175 0.773 0 0.040000000000000036
0 0.9125 0.78 0.34099999999999997 0
0 0.432 0.16499999999999998 0 0.04200000000000001
0 0.592 0.706 0 0.17400000000000004
1 0.209 0.42 0.038 0.05
1 0.3731875 0.7535 0.04288666022203174 0.05
3 0.32475 0.30625 0.5055000000000001 0.3245
3 0.8302499999999999 0.30625 0.5055 0.3245
3 0.32475 0.63075 0.5055000000000001 0.3245
3 0.8302499999999999 0.63075 0.5055 0.3245