0 0.6005 0.368 0.05900000000000005 0
0 0.5934999999999999 0.408 0.041000000000000036 0
0 0.509 0.568 0.8879999999999999 0
0 0.348 0.573 0 0.06999999999999995
0 0.4255 0.605 0 0.13
0 0.467 0.5720000000000001 0 0.07199999999999995
0 0.622 0.5705 0 0.07499999999999996
0 0.5435 0.648 0.15499999999999997 0
0 0.7364999999999999 0.648 0.05300000000000005 0
0 0.87 0.648 0.05400000000000005 0
0 0.38475 0.7815 0 0.17100000000000004
0 0.526 0.768 0.9219999999999999 0
0 0.182875 0.724 0 0.376
0 0.3 0.7835000000000001 0 0.049000000000000044
0 0.4175 0.808 0.15899999999999997 0
0 0.6655 0.808 0.041000000000000036 0
0 0.4105 0.848 0.173 0
0 0.5448125 0.8785000000000001 0 0.239
0 0.6114999999999999 0.848 0.06300000000000006 0
0 0.3215 0.888 0.08899999999999997 0
0 0.46499999999999997 0.888 0.068 0
0 0.6005 0.888 0.125 0
0 0.1355 0.928 0.141 0
0 0.41400000000000003 0.928 0.15199999999999997 0
0 0.2845 0.968 0.22500000000000003 0
0 0.42525 0.9804999999999999 0 0.16899999999999993
0 0.4645 1.0435 0 0.275
0 0.5435 0.968 0.08499999999999996 0
0 0.881 0.968 0.06600000000000006 0
0 0.3845 1.008 0.08899999999999997 0
0 0.5595 1.008 0.197 0
0 0.2615 1.048 0.393 0
0 0.5505 1.048 0.052999999999999936 0
0 0.9490000000000001 1.048 0.07599999999999996 0
0 0.231 1.088 0.332 0
0 0.5425 1.088 0.040999999999999925 0
0 0.17149999999999999 1.128 0.129 0
0 0.3725 1.128 0.06899999999999995 0
0 0.4275 1.139 0 0.08400000000000007
0 0.1275 1.168 0.040999999999999995 0
0 0.23349999999999999 1.168 0.09899999999999998 0
0 0.3765 1.168 0.07699999999999996 0
0 0.105 0.5605 0 0.05499999999999994
0 0.105 0.9995 0 0.1509999999999999
0 0.145 0.5615 0 0.050999999999999934
0 0.145 0.9835 0 0.11899999999999988
0 0.145 1.1305 0 0.10099999999999998
0 0.185 1.1505 0 0.06099999999999994
0 0.225 0.563 0 0.05399999999999994
0 0.225 0.9695 0 0.08099999999999996
0 0.225 1.101 0 0.10599999999999987
0 0.265 0.56 0 0.04799999999999993
0 0.265 0.9695 0 0.08099999999999996
0 0.265 1.072 0 0.04800000000000004
0 0.305 0.39899999999999997 0 0.382
0 0.305 0.8725 0 0.041000000000000036
0 0.305 1.101 0 0.10599999999999987
0 0.345 0.97 0 0.42200000000000004
0 0.385 1.049 0 0.264
0 0.425 0.8365 0 0.052999999999999936
0 0.465 0.7889999999999999 0 0.05999999999999994
0 0.505 0.5609999999999999 0 0.04999999999999993
0 0.505 0.7795000000000001 0 0.041000000000000036
0 0.505 0.9750000000000001 0 0.08199999999999996
0 0.545 0.56 0 0.04799999999999993
0 0.585 0.386 0 0.068
0 0.585 0.558 0 0.06399999999999995
0 0.585 0.8805000000000001 0 0.243
0 0.625 0.38449999999999995 0 0.061
0 0.625 0.8180000000000001 0 0.118
0 0.625 0.962 0 0.10399999999999998
0 0.665 0.5615 0 0.050999999999999934
0 0.665 0.7889999999999999 0 0.05999999999999994
0 0.705 0.5645 0 0.05699999999999994
0 0.745 0.6134999999999999 0 0.15499999999999992
0 0.745 0.7795000000000001 0 0.041000000000000036
0 0.785 0.562 0 0.051999999999999935
0 0.825 0.5615 0 0.05699999999999994
0 0.865 0.6075 0 0.14300000000000002
0 0.905 0.562 0 0.051999999999999935
0 0.905 0.7889999999999999 0 0.05999999999999994
0 0.945 0.39899999999999997 0 0.382
0 0.945 0.7795000000000001 0 0.041000000000000036
0 0.985 0.5700000000000001 0 0.07799999999999996
0 0.985 0.7889999999999999 0 0.05999999999999994
1 0.1639375 0.918 0.039730537688282046 0.05
1 0.3025 0.83 0.04428317965096906 0.05
1 0.633 0.828 0.04004996878900158 0.05
1 0.5185 0.888 0.039 0.05
1 0.4955 0.948 0.041484937025383084 0.05
1 0.426375 1.081 0.03207900403690863 0.05
1 0.425125 0.9375 0.033000946956110215 0.05
1 0.445 1.008 0.032 0.05
1 0.3615 1.028 0.04011234224026316 0.05
1 0.166 1.168 0.036 0.05
1 0.125 1.0775 0.04031128874149274 0.05
1 0.225 1.029 0.038 0.05
1 0.445 0.811 0.041 0.05
1 0.625 0.8935 0.033 0.05
3 0.2955 0.45125 0.461 0.48650000000000004
3 0.7565 0.45125 0.46099999999999997 0.48650000000000004
3 0.2955 0.9377500000000001 0.461 0.48650000000000004
3 0.7565 0.9377500000000001 0.46099999999999997 0.48650000000000004