0 0.5245 0.232 0.06900000000000006 0
0 0.61 0.232 0.040000000000000036 0
0 1.06525 0.2175 0 0.046999999999999986
0 1.2845 0.232 0.06700000000000017 0
0 1.425 0.2555 0 0.047000000000000014
0 0.86725 0.2955 0 0.046999999999999986
0 1.2865 0.272 0.07100000000000017 0
0 1.0705 0.3405 0 0.056999999999999995
0 1.279 0.312 0.05600000000000005 0
0 0.9225 0.352 0.052999999999999936 0
0 0.983625 0.35350000000000004 0 0.04899999999999999
0 1.283 0.352 0.06400000000000006 0
0 0.903 0.41900000000000004 0 0.05399999999999999
0 0.7050087890625 0.6825 0 0.42100000000000004
0 0.8180000000000001 0.512 0.30399999999999994 0
0 0.896 0.552 0.052000000000000046 0
0 0.947 0.5315000000000001 0 0.05700000000000005
0 1.385625 0.7195 0 0.349
0 0.7850625 0.617 0 0.08600000000000008
0 0.866625 0.6025 0 0.07500000000000007
0 1.22775 0.6185 0 0.05900000000000005
0 0.883 0.632 0.05400000000000005 0
0 1.144 0.6585000000000001 0 0.05300000000000005
0 1.3453125 0.745 0 0.3340000000000001
0 1.30475 0.787 0 0.25
0 1.187375 0.7070000000000001 0 0.05399999999999994
0 1.361 0.712 0.04800000000000004 0
0 0.7204999999999999 0.752 0.06500000000000006 0
0 0.8775 0.752 0.06900000000000006 0
0 1.3595000000000002 0.752 0.050999999999999934 0
0 0.7255 0.792 0.07500000000000007 0
0 0.9 0.7030000000000001 0 0.398
0 0.7255 0.832 0.07500000000000007 0
0 0.856 0.832 0.07400000000000007 0
0 0.7909999999999999 0.872 0.04599999999999993 0
0 0.8775 0.872 0.06700000000000006 0
0 0.743 0.8895 0 0.04500000000000004
0 0.8165 0.912 0.10299999999999998 0
0 1.1575 0.912 0.3370000000000001 0
0 1.4255 0.912 0.133 0
0 0.6185 1.017 0 0.050000000000000044
0 0.706 1.0205 0 0.05699999999999994
0 0.742125 1.0194999999999999 0 0.05499999999999994
0 0.7840625 1.026 0 0.07399999999999995
0 0.8660000000000001 0.992 0.10999999999999999 0
0 0.8089999999999999 1.032 0.43599999999999994 0
0 0.665 1.017 0 0.04600000000000004
0 0.705 0.2985 0 0.20700000000000002
0 0.745 0.7324999999999999 0 0.07700000000000007
0 0.825 0.7795000000000001 0 0.051000000000000045
0 0.825 0.8605 0 0.041000000000000036
0 0.825 1.0155 0 0.049000000000000044
0 0.865 0.8045 0 0.18900000000000006
0 0.865 1.0155 0 0.049000000000000044
0 0.945 0.3785 0 0.05300000000000005
0 1.025 0.9 0 0.050000000000000044
0 1.065 0.8975 0 0.04700000000000004
0 1.145 0.898 0 0.04600000000000004
0 1.185 0.9005000000000001 0 0.04700000000000004
0 1.265 0.2505 0 0.11699999999999999
0 1.305 0.231 0 0.07600000000000001
0 1.305 0.357 0 0.10199999999999998
0 1.505 0.5085 0 0.041000000000000036
0 1.505 0.9015 0 0.049000000000000044
0 1.545 0.9035 0 0.051000000000000045
1 0.5745 0.232 0.031 0.05
1 0.924 0.399 0.043965895873961214 0.05
1 1.1656875 0.6825 0.0436622333945482 0.05
1 0.7655 0.852 0.04031128874149274 0.05
1 0.8305 0.852 0.04031128874149274 0.05
1 1.3425 0.912 0.033 0.05
1 1.285 0.3075 0.04011234224026316 0.05
3 0.75375 0.40974999999999995 0.5275000000000001 0.43549999999999994
3 1.28125 0.40974999999999995 0.5274999999999999 0.43549999999999994
3 0.75375 0.84525 0.5275000000000001 0.4355
3 1.28125 0.84525 0.5274999999999999 0.4355