0 0.27449999999999997 0.458 0.07100000000000001 0
0 0.985875 0.6154999999999999 0 0.05500000000000005
0 2.42 0.498 0 0.24
0 0.8015000000000001 0.658 0.253 0
0 1.057 0.658 0.15200000000000002 0
0 1.4965000000000002 0.658 0.2550000000000001 0
0 2.351 0.6795 0 0.04299999999999993
0 2.42 0.7045 0 0.09299999999999997
0 0.70075 0.6775 0 0.040999999999999925
0 0.752 0.6775 0 0.040999999999999925
0 0.8235 0.6775 0 0.040999999999999925
0 1.0655000000000001 0.698 0.15500000000000003 0
0 2.238 0.698 0.3979999999999997 0
0 2.544375 0.6885 0 0.04499999999999993
0 2.7565 0.698 0.05699999999999994 0
0 1.0668125 0.7255 0 0.139
0 1.549 0.738 0.15000000000000013 0
0 2.7565 0.738 0.05699999999999994 0
0 2.3465 0.802 0 0.04799999999999993
0 2.42 0.9764999999999999 0 0.31700000000000006
0 0.5015000000000001 0.898 0.07700000000000001 0
0 0.884 0.898 0.06800000000000006 0
0 1.6925 0.898 0.18300000000000005 0
0 1.155 0.978 0.05600000000000005 0
0 1.266 0.978 0.041999999999999815 0
0 1.429 0.978 0.09600000000000009 0
0 1.5441875 1.0055 0 0.05499999999999994
0 1.1925 1.018 0.131 0
0 0.185390625 1.095 0 0.1120000000000001
0 1.503625 1.052 0 0.04800000000000004
0 0.30025 1.02 0 0.23599999999999988
0 0.36050000000000004 1.218 0.063 0
0 1.4965000000000002 1.258 0.050999999999999934 0
0 1.3105 1.418 0.10899999999999999 0
0 1.7254999999999998 1.418 0.10699999999999998 0
0 1.74875 1.5585 0 0.040999999999999925
0 2.02325 1.8355 0 0.621
0 2.29 1.538 0.15800000000000036 0
0 2.496 1.538 0.1559999999999997 0
0 2.731 1.538 0.1080000000000001 0
0 1.522 1.578 0.496 0
0 2.037 1.578 0.040000000000000036 0
0 2.0425 1.738 0.054999999999999716 0
0 2.2035 1.738 0.054999999999999716 0
0 2.0435 1.778 0.052999999999999936 0
0 2.0404999999999998 1.818 0.05099999999999971 0
0 2.6109999999999998 1.858 0.08799999999999963 0
0 2.612 1.898 0.05600000000000005 0
0 2.0374999999999996 1.938 0.040999999999999925 0
0 2.613 1.938 0.05799999999999983 0
0 2.7525000000000004 1.938 0.06499999999999995 0
0 2.0374999999999996 1.978 0.040999999999999925 0
0 2.415 1.978 0.1559999999999997 0
0 2.2455 2.018 0.4570000000000003 0
0 2.0385 2.058 0.04300000000000015 0
0 2.314 2.058 0.08999999999999986 0
0 2.0395 2.098 0.04499999999999993 0
0 2.187 2.122 0 0.04800000000000004
0 2.0374999999999996 2.138 0.040999999999999925 0
0 2.7205000000000004 2.138 0.040999999999999925 0
0 0.225 1.0815000000000001 0 0.139
0 0.265 1.0815000000000001 0 0.139
0 0.305 0.4255 0 0.09499999999999997
0 0.745 0.8645 0 0.06700000000000006
0 1.025 0.6935 0 0.07499999999999996
0 1.105 0.7185 0 0.125
0 1.185 1.0085 0 0.06499999999999995
0 1.265 0.526 0 0.29600000000000004
0 1.265 1.2015 0 0.45100000000000007
0 1.425 0.6805 0 0.04899999999999993
0 1.465 0.6805 0 0.04899999999999993
0 1.465 0.9105 0 0.15300000000000002
0 1.505 0.6805 0 0.04899999999999993
0 2.065 1.8355 0 0.621
0 2.105 1.545 0 0.040000000000000036
0 2.145 1.5445 0 0.040999999999999925
0 2.185 1.544 0 0.04200000000000004
0 2.225 1.5465 0 0.04700000000000015
0 2.225 2.085 0 0.052000000000000046
0 2.265 1.545 0 0.040000000000000036
0 2.305 1.545 0 0.040000000000000036
0 2.345 1.5455 0 0.04100000000000015
0 2.345 2.0445 0 0.20299999999999985
0 2.385 1.541 0 0.04600000000000004
0 2.385 1.984 0 0.08199999999999985
0 2.425 1.547 0 0.04800000000000004
0 2.425 1.978 0 0.09399999999999986
0 2.465 1.543 0 0.040000000000000036
0 2.465 1.9945 0 0.10699999999999998
0 2.545 1.5445 0 0.052999999999999936
0 2.585 1.5434999999999999 0 0.05499999999999994
0 2.585 1.9055 0 0.10299999999999998
0 2.625 1.734 0 0.43599999999999994
0 2.665 1.537 0 0.04200000000000004
0 2.705 1.5390000000000001 0 0.04200000000000004
0 2.745 0.7055 0 0.07899999999999996
1 1.0054375 0.6495 0.04122821394385161 0.05
1 2.42 0.638 0.04 0.05
1 1.207 0.998 0.042059481689626185 0.05
1 1.52390625 1.0305 0.04086950460000709 0.05
1 2.206 2.1025 0.0401621712560464 0.05
3 0.8352929687499999 0.8200000000000001 1.2998046875 0.884
3 2.13509765625 0.8200000000000001 1.2998046875000002 0.884
3 0.8352929687499999 1.704 1.2998046875 0.8839999999999999
3 2.13509765625 1.704 1.2998046875000002 0.8839999999999999