0 0.2643125 0.2295 0 0.07300000000000001
0 0.4259375 0.39849999999999997 0 0.33699999999999997
0 0.6670625 0.231 0 0.07600000000000001
0 0.249 0.273 0.368 0
0 0.50775 0.233 0 0.08000000000000002
0 0.7335 0.393 0.129 0
0 0.34475 0.6214999999999999 0 0.1469999999999999
0 0.673 0.5705 0 0.04899999999999993
0 0.6285000000000001 0.593 0.09500000000000008 0
0 0.628 0.633 0.04600000000000004 0
0 0.6639375 0.7444999999999999 0 0.1090000000000001
0 0.3852578125 0.8035 0 0.15700000000000003
0 0.6315 0.753 0.041000000000000036 0
0 0.8525 0.753 0.10899999999999999 0
0 0.4243125 0.8300000000000001 0 0.09599999999999997
0 0.8335 0.793 0.07299999999999995 0
0 0.90425 0.8445 0 0.22299999999999998
0 0.744 0.8665 0 0.07700000000000007
0 0.7985 0.833 0.04899999999999993 0
0 0.944 0.868 0 0.08000000000000007
0 0.35450000000000004 0.873 0.044999999999999984 0
0 0.66425 0.9079999999999999 0 0.10399999999999998
0 0.86725 0.9345 0 0.05899999999999994
0 0.4065 0.953 0.14899999999999997 0
0 0.9195 0.953 0.135 0
0 0.4243125 1.02 0 0.09799999999999998
0 0.584875 1.0035 0 0.137
0 0.664 1.0394999999999999 0 0.049000000000000155
0 0.105 0.47950000000000004 0 0.05299999999999999
0 0.385 0.9455 0 0.04299999999999993
0 0.465 0.7969999999999999 0 0.10399999999999998
0 0.465 0.915 0 0.04200000000000004
0 0.465 1.0325 0 0.133
0 0.545 0.571 0 0.04599999999999993
0 0.585 0.5720000000000001 0 0.04799999999999993
0 0.825 0.757 0 0.05800000000000005
0 0.985 0.9575 0 0.052999999999999936
1 0.38512890625 0.903 0.04200079126975058 0.05
1 0.44465625 0.886 0.04372039176688608 0.05
1 0.40465625 0.9965 0.03951547363059185 0.05
1 0.465 0.951 0.03 0.05
3 0.2955 0.4195 0.461 0.453
3 0.7565 0.4195 0.46099999999999997 0.453
3 0.2955 0.8725 0.461 0.45299999999999996
3 0.7565 0.8725 0.46099999999999997 0.45299999999999996