0 0.191 0.237 0.33199999999999996 0
0 0.22025 0.747 0 0.050000000000000044
0 0.063 0.24 0 0.048000000000000015
0 0.063 0.744 0 0.04400000000000004
0 0.103 0.2485 0 0.04100000000000001
0 0.103 0.7444999999999999 0 0.04500000000000004
0 0.143 0.2485 0 0.04100000000000001
0 0.183 0.7370000000000001 0 0.10799999999999998
0 0.223 0.2485 0 0.04100000000000001
0 0.343 0.21050000000000002 0 0.10700000000000001
0 0.343 0.7565 0 0.09900000000000009
3 0.108 0.31925 0.166 0.3245
3 0.274 0.31925 0.16599999999999998 0.3245
3 0.108 0.64375 0.166 0.32450000000000007
3 0.274 0.64375 0.16599999999999998 0.32450000000000007