0 0.587625 0.218 0 0.22400000000000003
0 0.4625 0.186 0.05099999999999999 0
0 0.5066875 0.2765 0 0.10300000000000001
0 0.54375 0.277 0 0.10200000000000001
0 0.511 0.306 0.14199999999999996 0
0 0.069 0.322 0 0.43200000000000005
0 0.628375 0.357 0 0.066
0 0.7535000000000001 0.426 0.42699999999999994 0
0 0.268 0.48950000000000005 0 0.08700000000000002
0 0.551 0.443 0 0.04600000000000004
0 0.30900000000000005 0.506 0.48400000000000004 0
0 0.310625 0.5405 0 0.07499999999999996
0 0.348625 0.5385 0 0.07299999999999995
0 0.38575 0.5389999999999999 0 0.07399999999999995
0 0.562 0.546 0.07199999999999995 0
0 0.67425 0.573 0 0.05399999999999994
0 0.6565000000000001 0.586 0.245 0
0 0.467 0.28900000000000003 0 0.062
0 0.467 0.532 0 0.052000000000000046
0 0.507 0.532 0 0.052000000000000046
0 0.547 0.5485 0 0.10299999999999998
0 0.587 0.5075000000000001 0 0.04300000000000004
0 0.627 0.4435 0 0.04700000000000004
0 0.627 0.5800000000000001 0 0.039999999999999925
0 0.667 0.4455 0 0.05299999999999999
0 0.747 0.5095 0 0.181
0 0.867 0.4575 0 0.07700000000000001
0 0.947 0.44599999999999995 0 0.05399999999999999
1 0.608 0.327 0.04118934935150105 0.05
1 0.6276875 0.405 0.03003149388558618 0.05
1 0.549 0.4815 0.03125699921617557 0.05
3 0.29200000000000004 0.22949999999999998 0.45 0.247
3 0.742 0.22949999999999998 0.44999999999999996 0.247
3 0.29200000000000004 0.4765 0.45 0.247
3 0.742 0.4765 0.44999999999999996 0.247