0 0.14250000000000002 0.269 0.04500000000000001 0
0 0.14100000000000001 0.309 0.04200000000000001 0
0 0.1385 0.349 0.047 0
0 0.1245 0.765 0 1.0719999999999998
0 0.48225 0.7585 0 0.499
0 0.1395 0.549 0.045 0
0 0.4995 0.549 0.051000000000000045 0
0 0.1395 0.589 0.045 0
0 0.209125 0.6005 0 0.07500000000000007
0 0.2865 0.601 0 0.07000000000000006
0 0.2985 0.629 0.363 0
0 0.1375 0.869 0.045 0
0 0.5795 0.869 0.040999999999999925 0
0 0.1375 0.909 0.045 0
0 0.1365 0.949 0.047 0
0 0.20875 0.9570000000000001 0 0.06999999999999995
0 0.286375 0.956 0 0.06799999999999995
0 0.4085 0.9570000000000001 0 0.06999999999999995
0 0.651 0.949 0.07999999999999996 0
0 0.2975 0.989 0.365 0
0 0.677 0.989 0.07599999999999996 0
0 0.1325 1.029 0.045 0
0 0.4425 1.109 0.07499999999999996 0
0 0.1305 1.149 0.045 0
0 0.40775 1.2035 0 0.19499999999999984
0 0.487 1.202 0 0.19799999999999995
0 0.135 1.189 0.05 0
0 0.2545 1.229 0.28300000000000003 0
0 0.4435 1.2650000000000001 0 0.07199999999999984
0 0.14 1.269 0.054000000000000006 0
0 0.27849999999999997 1.269 0.147 0
0 0.4425 1.269 0.07499999999999996 0
0 0.167 0.5994999999999999 0 0.07300000000000006
0 0.167 0.9470000000000001 0 0.04999999999999993
0 0.207 1.0884999999999998 0 0.09499999999999997
0 0.207 1.2645 0 0.07299999999999995
0 0.247 0.601 0 0.07000000000000006
0 0.247 1.2645 0 0.07299999999999995
0 0.287 1.2645 0 0.07299999999999995
0 0.327 0.601 0 0.07000000000000006
0 0.327 0.956 0 0.06799999999999995
0 0.327 1.2645 0 0.07299999999999995
0 0.447 1.1305 0 0.04899999999999993
0 0.487 0.438 0 0.040000000000000036
0 0.567 0.8554999999999999 0 0.04700000000000004
0 0.647 0.9774999999999999 0 0.07499999999999996
0 0.687 1.032 0 0.18400000000000016
1 0.4005 1.249 0.041 0.05
1 0.186 1.269 0.038 0.05
3 0.25975 0.497 0.3035 0.536
3 0.56325 0.497 0.3035 0.536
3 0.25975 1.033 0.3035 0.5359999999999999
3 0.56325 1.033 0.3035 0.5359999999999999