0 0.136875 0.3075 0 0.061
0 0.72925 0.295 0 0.11599999999999999
0 0.2765 0.317 0.259 0
0 0.569625 0.3215 0 0.04899999999999999
0 0.768 0.317 0.07200000000000006 0
0 0.5509999999999999 0.357 0.09599999999999997 0
0 0.53325 0.42600000000000005 0 0.194
0 0.61375 0.4175 0 0.175
0 0.3325 0.4625 0 0.05099999999999999
0 0.281 0.477 0.05399999999999999 0
0 0.519 0.517 0.040000000000000036 0
0 0.76975 0.537 0 0.040000000000000036
0 0.174875 0.6679999999999999 0 0.07599999999999996
0 0.533046875 0.7245 0 0.131
0 0.612125 0.7 0 0.07799999999999996
0 0.724 0.677 0.09999999999999998 0
0 0.13675 0.9670000000000001 0 0.5000000000000001
0 0.0936875 0.774 0 0.08399999999999996
0 0.21350000000000002 0.837 0.04100000000000001 0
0 0.1015 0.877 0.07700000000000001 0
0 0.7326875 0.893 0 0.07800000000000007
0 0.77125 0.887 0 0.06600000000000006
0 0.08499999999999999 0.917 0.052000000000000005 0
0 0.455375 1.055 0 0.11599999999999999
0 0.0905 1.037 0.056999999999999995 0
0 0.0945 1.077 0.065 0
0 0.175 1.1375000000000002 0 0.07099999999999995
0 0.53175 1.108 0 0.04600000000000004
0 0.291875 1.1825 0 0.05300000000000016
0 0.3345 1.197 0.189 0
0 0.5324375 1.212 0 0.07799999999999985
0 0.1755 1.237 0.07099999999999998 0
0 0.1735 1.3155000000000001 0 0.05700000000000016
0 0.093 0.3165 0 0.04700000000000004
0 0.173 1.234 0 0.040000000000000036
0 0.213 1.1179999999999999 0 0.06799999999999984
0 0.253 1.2080000000000002 0 0.050000000000000044
0 0.373 1.2534999999999998 0 0.119
0 0.413 0.3185 0 0.04700000000000004
0 0.453 0.3175 0 0.04300000000000004
0 0.493 0.31999999999999995 0 0.04799999999999999
0 0.533 1.022 0 0.06800000000000006
0 0.573 0.9075 0 0.041000000000000036
0 0.653 0.26749999999999996 0 0.061
0 0.693 0.7055 0 0.09299999999999997
0 0.733 0.47150000000000003 0 0.04099999999999998
1 0.5514375 0.3375 0.040151471019129546 0.05
1 0.513125 0.4095 0.04295419071522591 0.05
1 0.751375 0.504 0.044447300255471084 0.05
1 0.1558125 0.7115 0.03968016664531539 0.05
1 0.154875 1.2155 0.03637392610098613 0.05
1 0.53209375 1.152 0.04200562648324627 0.05
1 0.532375 1.0595 0.0290269271539376 0.05
1 0.17325 1.279 0.033003787661418496 0.05
3 0.24525 0.5137499999999999 0.3725 0.5535
3 0.61775 0.5137499999999999 0.37250000000000005 0.5535
3 0.24525 1.06725 0.3725 0.5535000000000001
3 0.61775 1.06725 0.37250000000000005 0.5535000000000001