0 0.26549999999999996 0.211 0.046999999999999986 0
0 0.44 0.211 0.08199999999999996 0
0 0.5509999999999999 0.211 0.04399999999999993 0
0 0.665 0.211 0.05399999999999994 0
0 0.8125 0.251 1.121 0
0 0.264 0.291 0.043999999999999984 0
0 0.663 0.291 0.06599999999999995 0
0 0.6439999999999999 0.331 0.134 0
0 1.315 0.411 0.04200000000000004 0
0 0.57275 0.3825 0 0.137
0 1.315 0.451 0.04200000000000004 0
0 0.7085 0.491 0.18300000000000005 0
0 1.315 0.491 0.04600000000000004 0
0 0.616 0.531 0.052000000000000046 0
0 0.858 0.531 0.052000000000000046 0
0 1.331625 0.5195 0 0.08699999999999997
0 0.3315 0.571 0.04099999999999998 0
0 0.6585000000000001 0.691 0.05300000000000005 0
0 0.69125 0.8185 0 0.052999999999999936
0 0.6719999999999999 0.851 0.07399999999999995 0
0 0.273 0.931 0.05199999999999999 0
0 0.365 0.931 0.04999999999999999 0
0 0.5145 0.931 0.10499999999999993 0
0 0.728 0.971 0.04200000000000004 0
0 0.251 0.252 0 0.138
0 0.331 0.47050000000000003 0 0.07900000000000001
0 0.331 0.8320000000000001 0 0.19000000000000006
0 0.491 0.2395 0 0.123
0 0.531 0.215 0 0.07400000000000001
0 0.571 0.211 0 0.066
0 0.651 0.2425 0 0.129
0 0.651 0.5125 0 0.041000000000000036
0 0.691 0.23349999999999999 0 0.11099999999999999
0 0.691 0.6445000000000001 0 0.04500000000000004
0 0.771 0.506 0 0.06000000000000005
0 0.811 0.79 0 0.368
0 1.331 0.4105 0 0.08700000000000002
0 1.371 0.2585 0 0.15500000000000003
0 1.371 0.5175000000000001 0 0.23299999999999998
1 0.3195 0.931 0.041 0.05
3 0.52475 0.377 0.5655 0.39799999999999996
3 1.09025 0.377 0.5655 0.39799999999999996
3 0.52475 0.7749999999999999 0.5655 0.398
3 1.09025 0.7749999999999999 0.5655 0.398