0 0.64475 0.23149999999999998 0 0.04100000000000001
0 0.67925 0.23249999999999998 0 0.04300000000000001
0 0.76225 0.23249999999999998 0 0.04300000000000001
0 0.84425 0.23399999999999999 0 0.04600000000000001
0 1.1685 0.2375 0 0.05300000000000002
0 0.843 0.251 1.1 0
0 1.4965 0.251 0.052999999999999936 0
0 0.2 0.2595 0 0.091
0 1.5165 0.41900000000000004 0 0.25600000000000006
0 0.1625 0.33299999999999996 0 0.062
0 1.002125 0.365 0 0.10799999999999998
0 0.9954999999999999 0.371 0.05899999999999994 0
0 1.089 0.371 0.06400000000000006 0
0 0.358 0.498 0 0.174
0 1.046 0.359 0 0.10399999999999998
0 0.33999999999999997 0.451 0.062 0
0 0.43925 0.515 0 0.194
0 0.48375 0.4595 0 0.09300000000000003
0 0.5695 0.451 0.04699999999999993 0
0 1.135 0.451 0.05799999999999983 0
0 1.5045 0.451 0.040999999999999925 0
0 0.4315 0.491 0.25900000000000006 0
0 0.60078125 0.541 0 0.186
0 0.9944999999999999 0.491 0.06499999999999995 0
0 0.402 0.531 0.19 0
0 0.5735 0.531 0.09299999999999997 0
0 0.402 0.571 0.10200000000000004 0
0 0.519 0.571 0.07200000000000006 0
0 1.165 0.571 0.666 0
0 1.524 0.7335 0 0.32500000000000007
0 0.14600000000000002 0.611 0.04600000000000001 0
0 0.40700000000000003 0.611 0.08400000000000002 0
0 0.8023125 0.6499999999999999 0 0.07799999999999996
0 1.044625 0.6 0 0.062000000000000055
0 1.2 0.6105 0 0.09699999999999998
0 1.396 0.591 0 0.040000000000000036
0 1.444125 0.601 0 0.06400000000000006
0 0.279 0.651 0.098 0
0 0.449 0.6759999999999999 0 0.04999999999999993
0 0.48275 0.722 0 0.14200000000000002
0 0.644 0.651 0.062000000000000055 0
0 0.721125 0.6739999999999999 0 0.04799999999999993
0 0.763125 0.669 0 0.051999999999999935
0 1.04275 0.6990000000000001 0 0.09599999999999997
0 1.2690000000000001 0.651 0.21599999999999997 0
0 1.4825 0.651 0.05699999999999994 0
0 0.479 0.691 0.07 0
0 0.80675 0.714 0 0.04600000000000004
0 1.080625 0.7065 0 0.09899999999999998
0 0.40225 0.7010000000000001 0 0.05999999999999994
0 0.48650000000000004 0.731 0.056999999999999995 0
0 0.911 0.731 0.052000000000000046 0
0 1.3155000000000001 0.731 0.07499999999999996 0
0 1.508 0.731 0.052000000000000046 0
0 0.86 0.771 0.06600000000000006 0
0 0.9219375 0.7775 0 0.119
0 1.1815 0.771 0.15700000000000003 0
0 1.4209999999999998 0.771 0.17999999999999994 0
0 0.9915 0.811 0.11499999999999988 0
0 0.161125 0.893 0 0.08400000000000007
0 0.9450000000000001 0.851 0.08799999999999997 0
0 1.133 0.851 0.06400000000000006 0
0 0.219 0.931 0.196 0
0 0.4065 0.931 0.05499999999999999 0
0 0.521109375 1.0655000000000001 0 0.2689999999999999
0 1.0825 0.931 0.21899999999999997 0
0 0.12425 0.978 0 0.10799999999999998
0 0.4995 0.971 0.051000000000000045 0
0 1.00775 0.9475 0 0.04699999999999993
0 1.04425 0.9475 0 0.04699999999999993
0 1.124 0.9765 0 0.09499999999999997
0 0.3725 1.011 0.15500000000000003 0
0 0.483 1.0415 0 0.07099999999999995
0 0.6855 1.011 0.07499999999999996 0
0 0.6930000000000001 1.051 0.04399999999999993 0
0 1.007 1.1255 0 0.14900000000000002
0 1.043 1.08 0 0.05800000000000005
0 1.5215 1.0445 0 0.05500000000000016
0 0.45699999999999996 1.091 0.045999999999999985 0
0 1.0115 1.091 0.08100000000000007 0
0 1.256 1.091 0.2639999999999998 0
0 0.123 1.1655 0 0.06899999999999995
0 0.4345 1.131 0.08899999999999997 0
0 0.4565 1.171 0.044999999999999984 0
0 0.121 0.556 0 0.6900000000000001
0 0.161 0.2435 0 0.059000000000000025
0 0.161 0.48250000000000004 0 0.044999999999999984
0 0.161 0.617 0 0.134
0 0.161 1.0215 0 0.04100000000000015
0 0.201 1.023 0 0.04400000000000004
0 0.241 0.6595 0 0.041000000000000036
0 0.241 1.024 0 0.04200000000000004
0 0.281 0.38849999999999996 0 0.05299999999999999
0 0.281 0.9285 0 0.040999999999999925
0 0.281 1.0234999999999999 0 0.04100000000000015
0 0.321 0.4625 0 0.08900000000000002
0 0.361 0.23149999999999998 0 0.04100000000000001
0 0.401 0.552 0 0.14800000000000002
0 0.441 1.025 0 0.04400000000000004
0 0.481 0.2345 0 0.04100000000000001
0 0.481 0.907 0 0.07599999999999996
0 0.481 1.155 0 0.08999999999999986
0 0.521 0.5685 0 0.04499999999999993
0 0.521 0.6835 0 0.10299999999999998
0 0.561 0.4445 0 0.4610000000000001
0 0.641 0.6105 0 0.051000000000000045
0 0.681 0.9989999999999999 0 0.10799999999999998
0 0.721 1.0190000000000001 0 0.05400000000000005
0 0.881 0.7905 0 0.08099999999999996
0 0.921 0.48250000000000004 0 0.059
0 0.921 0.565 0 0.04399999999999993
0 0.961 0.7725 0 0.05500000000000005
0 1.001 0.536 0 0.10599999999999998
0 1.041 0.23149999999999998 0 0.04100000000000001
0 1.081 0.9455 0 0.04299999999999993
0 1.121 0.3805 0 0.32500000000000007
0 1.161 0.8089999999999999 0 0.14
0 1.201 0.78 0 0.04600000000000004
0 1.201 0.9135 0 0.08499999999999996
0 1.281 0.7135 0 0.04300000000000004
0 1.281 0.813 0 0.05999999999999994
0 1.321 0.3795 0 0.04300000000000004
0 1.321 0.6315 0 0.041000000000000036
0 1.321 1.0925 0 0.04300000000000015
0 1.361 0.7444999999999999 0 0.07300000000000006
0 1.361 1.0935000000000001 0 0.04100000000000015
0 1.401 0.7270000000000001 0 0.10799999999999998
0 1.441 0.764 0 0.050000000000000044
0 1.481 0.2375 0 0.04300000000000001
0 1.481 0.5695 0 0.04299999999999993
0 1.481 0.737 0 0.07200000000000006
0 1.481 1 0 0.05799999999999994
0 1.481 1.088 0 0.04800000000000004
0 1.601 0.3355 0 0.10500000000000004
0 1.601 0.494 0 0.06
0 1.601 0.7070000000000001 0 0.06799999999999995
1 0.18125 0.3035 0.03761980861195336 0.05
1 1.52025 0.559 0.025144581921360317 0.05
1 1.041 0.371 0.032 0.05
1 0.444125 0.6315 0.04020027984977219 0.05
1 0.4475 0.471 0.04272001872658766 0.05
1 0.512 0.531 0.03 0.05
1 1.062625 0.644 0.04440720662234904 0.05
1 0.7849375 0.693 0.04380799727218764 0.05
1 0.882 0.751 0.040792156108742275 0.05
1 1.228 0.751 0.043863424398922615 0.05
1 0.1426875 0.9295 0.038480717573870685 0.05
1 0.5010546875 1.0345 0.042482490074036684 0.05
1 0.482 1.0935 0.03306055050963308 0.05
1 1.50125 1.0215 0.04224038352098617 0.05
1 0.301 0.4165 0.04011234224026316 0.05
1 0.521 0.6115 0.041 0.05
1 0.921 0.5275 0.031 0.05
1 1.181 0.875 0.040792156108742275 0.05
3 0.491 0.45825 0.74 0.49450000000000005
3 1.2309999999999999 0.45825 0.74 0.49450000000000005
3 0.491 0.95275 0.74 0.49449999999999994
3 1.2309999999999999 0.95275 0.74 0.49449999999999994