0 0.41700000000000004 0.299 0.73 0
0 0.42500000000000004 0.339 0.714 0
0 0.0885 0.419 0.040999999999999995 0
0 0.088 0.499 0.039999999999999994 0
0 0.603 0.499 0.11199999999999999 0
0 0.0885 0.579 0.040999999999999995 0
0 0.089 0.619 0.041999999999999996 0
0 0.096 0.699 0.055999999999999994 0
0 0.3095 0.699 0.127 0
0 0.748 0.699 0.06800000000000006 0
0 0.133875 0.7315 0 0.04500000000000004
0 0.314 0.739 0.136 0
0 0.4115 0.758 0 0.07000000000000006
0 0.2945 0.779 0.09700000000000003 0
0 0.092 0.538 0 0.51
0 0.132 0.308 0 0.050000000000000044
0 0.172 0.3115 0 0.05700000000000005
0 0.212 0.641 0 0.05600000000000005
0 0.252 0.7295 0 0.127
0 0.292 0.311 0 0.05600000000000005
0 0.292 0.7295 0 0.127
0 0.332 0.7135 0 0.15900000000000003
0 0.372 0.309 0 0.052000000000000046
0 0.372 0.6990000000000001 0 0.134
0 0.412 0.31999999999999995 0 0.07400000000000001
0 0.492 0.312 0 0.05600000000000005
0 0.612 0.657 0 0.04200000000000004
0 0.652 0.32299999999999995 0 0.04999999999999999
0 0.772 0.32799999999999996 0 0.057999999999999996
0 0.772 0.6950000000000001 0 0.05399999999999994
1 0.232 0.6675 0.04011234224026316 0.05
3 0.2345 0.4105 0.365 0.25500000000000006
3 0.5995 0.4105 0.36500000000000005 0.25500000000000006
3 0.2345 0.6655 0.365 0.255
3 0.5995 0.6655 0.36500000000000005 0.255