0 0.2415 0.239 0.42300000000000004 0
0 0.2415 0.279 0.42300000000000004 0
0 0.2415 0.319 0.42300000000000004 0
0 0.2415 0.359 0.42300000000000004 0
0 0.2415 0.399 0.42300000000000004 0
0 0.2415 0.439 0.42300000000000004 0
0 0.2415 0.479 0.42300000000000004 0
0 0.2415 0.519 0.42300000000000004 0
0 0.2415 0.559 0.42300000000000004 0
0 0.2415 0.599 0.42300000000000004 0
0 0.2415 0.639 0.42300000000000004 0
0 0.2415 0.679 0.42300000000000004 0
0 0.2415 0.719 0.42300000000000004 0
0 0.2415 0.759 0.42300000000000004 0
0 0.2415 0.799 0.42300000000000004 0
0 0.2415 0.839 0.42300000000000004 0
0 0.2415 0.879 0.42300000000000004 0
0 0.2415 0.919 0.42300000000000004 0
0 0.2415 0.959 0.42300000000000004 0
0 0.2415 0.999 0.42300000000000004 0
0 0.2415 1.039 0.42300000000000004 0
0 0.2415 1.079 0.42300000000000004 0
0 0.2415 1.119 0.42300000000000004 0
0 0.07 0.6655 0 0.9329999999999998
0 0.11 0.6655 0 0.9329999999999998
0 0.15 0.6655 0 0.9329999999999998
0 0.19 0.6655 0 0.9329999999999998
0 0.23 0.6655 0 0.9329999999999998
0 0.27 0.6655 0 0.9329999999999998
0 0.31 0.6655 0 0.9329999999999998
0 0.35 0.6655 0 0.9329999999999998
0 0.39 0.6655 0 0.9329999999999998
0 0.43 0.6655 0 0.9329999999999998
3 0.13574999999999998 0.43225 0.2115 0.46649999999999997
3 0.34725 0.43225 0.21150000000000002 0.46649999999999997
3 0.13574999999999998 0.8987499999999999 0.2115 0.4664999999999999
3 0.34725 0.8987499999999999 0.21150000000000002 0.4664999999999999