0 1.3165 0.245 0.19899999999999984 0
0 1.3915 0.355 0.2669999999999999 0
0 1.501 0.395 0.10200000000000009 0
0 0.768 0.425 0.374 0
0 1.8599999999999999 0.445 0.236 0
0 2.2184999999999997 0.445 0.22699999999999987 0
0 2.093 0.455 0.44000000000000017 0
0 0.4425 0.53 0.10499999999999998 0
0 1.5715 0.625 0.121 0
0 1.6535 0.7 0.40700000000000003 0
0 2.1645000000000003 0.7 0.3770000000000002 0
0 1.7395 0.705 0.11499999999999999 0
0 0.155 0.33199999999999996 0 0.16199999999999998
0 0.285 0.2855 0 0.11699999999999997
0 0.66 0.7895 0 0.125
0 1.68 0.7315 0 0.119
0 1.75 0.64 0 0.21399999999999997
0 1.805 0.5660000000000001 0 0.35
0 0.2275 0.165 0.065 0
0 0.448 0.349 0.122 0
0 0.41400000000000003 0.357 0.05399999999999999 0
0 1.476 0.373 0.08000000000000007 0
0 1.8425 0.453 0.06300000000000017 0
0 0.241 0.525 0.09199999999999997 0
0 0.41200000000000003 0.525 0.07600000000000001 0
0 0.823 0.693 0.344 0
0 0.3375 0.701 0.065 0
0 0.8400000000000001 0.733 0.11399999999999999 0
0 0.9765 0.733 0.15500000000000003 0
0 0.659 0.741 0.08999999999999997 0
0 2.2175000000000002 0.741 0.08099999999999996 0
0 2.3465 0.741 0.09899999999999975 0
0 0.181 0.32 0 0.242
0 0.181 0.5305 0 0.08099999999999996
0 0.181 0.671 0 0.10199999999999998
0 0.213 0.6515 0 0.05500000000000005
0 0.237 0.6505000000000001 0 0.05300000000000005
0 0.357 0.6575 0 0.06699999999999995
0 0.381 0.6005 0 0.17699999999999994
0 0.645 0.6495 0 0.05900000000000005
0 0.653 0.11 0 0.11000000000000001
0 0.661 0.7789999999999999 0 0.08999999999999997
0 1.021 0.40800000000000003 0 0.12000000000000005
0 1.021 0.661 0 0.126
0 1.045 0.40800000000000003 0 0.12000000000000005
0 1.045 0.6679999999999999 0 0.14
0 1.053 0.124 0 0.066
0 1.509 0.7525 0 0.08500000000000008
0 1.749 0.6475 0 0.08299999999999996
0 1.789 0.6475 0 0.08299999999999996
0 1.965 0.5185 0 0.05300000000000005
0 2.381 0.4405 0 0.059
0 2.381 0.667 0 0.134
0 2.405 0.4405 0 0.059
0 2.421 0.6165 0 0.05300000000000005
1 2.2775 0.741 0.039 0.05
2 1.3915 0.355 0.035 0.05
2 1.86 0.445 0.035 0.05
2 1.5856666666666668 0.7 0.035 0.05
2 1.7213333333333332 0.7 0.035 0.05
2 1.75 0.64 0.035 0.05
2 1.805 0.5076666666666666 0.035 0.05
2 1.805 0.6243333333333333 0.035 0.05
3 0.7215 0.25425000000000003 1.133 0.3985
3 1.8544999999999998 0.25425000000000003 1.1329999999999998 0.3985
3 0.7215 0.6527499999999999 1.133 0.39849999999999997
3 1.8544999999999998 0.6527499999999999 1.1329999999999998 0.39849999999999997