0 0.612 0.435 0.45599999999999996 0
0 0.47850000000000004 0.445 0.403 0
0 0.275 0.455 0.10200000000000001 0
0 0.8755 0.495 0.15499999999999992 0
0 0.8455 0.765 0.583 0
0 0.806 0.935 0.2899999999999999 0
0 0.58 0.828 0 0.22399999999999998
0 0.69 0.1475 0 0.11699999999999999
0 0.73 0.22399999999999998 0 0.27
0 1.325 0.611 0 0.22399999999999998
0 1.485 0.6485000000000001 0 0.255
0 2.07 0.22799999999999998 0 0.272
0 0.293 0.37949999999999995 0 0.059
0 0.293 0.621 0 0.05400000000000005
0 1.477 0.372 0 0.08199999999999996
2 0.8755 0.495 0.035 0.05
2 0.73 0.224 0.035 0.05
2 1.485 0.6485 0.035 0.05
3 0.6855 0.30174999999999996 0.923 0.4255
3 1.6084999999999998 0.30174999999999996 0.9229999999999998 0.4255
3 0.6855 0.72725 0.923 0.4255
3 1.6084999999999998 0.72725 0.9229999999999998 0.4255