0 3.959 0.345 0.11399999999999988 0
0 4.067 0.35 0.1120000000000001 0
0 0.893 0.455 0.19199999999999995 0
0 0.6799999999999999 0.61 0.128 0
0 3.95 0.705 0.1679999999999997 0
0 0.7915 0.765 0.351 0
0 0.9935 0.82 0.125 0
0 3.9364999999999997 0.845 0.2650000000000001 0
0 2.636 0.905 0.12400000000000011 0
0 0.981 0.93 0.1319999999999999 0
0 1.2890000000000001 0.935 0.19999999999999996 0
0 3.715 0.935 0.1299999999999999 0
0 0.4945 0.955 0.243 0
0 1.9275000000000002 0.985 0.19100000000000006 0
0 2.3815 1 0.10299999999999976 0
0 3.45 1.015 0.10399999999999965 0
0 0.893 1.02 0.19799999999999995 0
0 3.459 1.075 0.242 0
0 1.3005 1.08 0.19700000000000006 0
0 1.856 1.125 0.254 0
0 2.6125 1.165 0.22899999999999965 0
0 3.8475 1.165 0.15900000000000025 0
0 1.649 1.31 0.10199999999999987 0
0 1.9585 1.335 0.1429999999999998 0
0 3.2595 1.335 0.19700000000000006 0
0 3.98 1.335 0.1900000000000004 0
0 1.9615 1.38 0.14900000000000002 0
0 1.9425 1.41 0.11099999999999999 0
0 2.592 1.445 0.2999999999999998 0
0 0.444 1.44 0.15600000000000003 0
0 1.5510000000000002 1.45 0.1359999999999999 0
0 3.823 1.445 0.15200000000000014 0
0 3.2565 1.45 0.14500000000000002 0
0 3.9779999999999998 1.45 0.1479999999999997 0
0 4.035 1.53 0.2839999999999998 0
0 3.2590000000000003 1.535 0.3919999999999999 0
0 0.365 0.6095 0 0.14900000000000002
0 0.4 0.683 0 0.10199999999999998
0 0.905 0.9219999999999999 0 0.11399999999999999
0 1.145 0.4225 0 0.16699999999999998
0 1.33 1.0505 0 0.129
0 1.335 1.096 0 0.1180000000000001
0 1.53 1.0175 0 0.12100000000000011
0 1.735 0.923 0 0.29999999999999993
0 1.72 1.307 0 0.1319999999999999
0 1.805 1.15 0 0.13800000000000012
0 1.9 1.2385000000000002 0 0.2430000000000001
0 1.925 1.142 0 0.1439999999999999
0 1.995 1.167 0 0.17799999999999994
0 2.445 1.0935 0 0.31499999999999984
0 2.445 1.4295 0 0.1469999999999998
0 2.5 1.1445 0 0.473
0 2.59 1.2894999999999999 0 0.2529999999999999
0 2.855 0.4865 0 0.28300000000000003
0 2.985 1.1415000000000002 0 0.41700000000000004
0 3.085 1.0415 0 0.21699999999999986
0 3.27 0.9605 0 0.131
0 3.31 0.996 0 0.1259999999999999
0 3.395 1.2775 0 0.133
0 3.635 1.4175 0 0.131
0 3.67 0.7370000000000001 0 0.126
0 3.76 1.2835 0 0.137
0 3.795 0.41400000000000003 0 0.21400000000000002
0 4.16 1.1105 0 0.235
0 1.48 0.301 0.07799999999999985 0
0 1.7054999999999998 0.349 0.131 0
0 2.8274999999999997 0.357 0.15100000000000025 0
0 3.3305 0.357 0.07499999999999973 0
0 1.116 0.365 0.20200000000000018 0
0 0.8205 0.373 0.09899999999999998 0
0 0.962 0.373 0.09799999999999986 0
0 1.7065 0.373 0.133 0
0 1.8245 0.373 0.10099999999999998 0
0 1.1640000000000001 0.381 0.09599999999999986 0
0 2.957 0.381 0.1120000000000001 0
0 3.1035 0.381 0.11899999999999977 0
0 3.2405 0.389 0.07699999999999996 0
0 3.2430000000000003 0.429 0.053999999999999826 0
0 3.3395 0.437 0.05500000000000016 0
0 1.1695 0.445 0.051000000000000156 0
0 3.2424999999999997 0.453 0.07499999999999973 0
0 0.3295 0.533 0.056999999999999995 0
0 2.2 0.541 0.052000000000000046 0
0 0.3215 0.565 0.05499999999999999 0
0 0.7165 0.701 0.11499999999999999 0
0 1.3635000000000002 0.733 0.16700000000000004 0
0 3.2675 0.741 0.052999999999999936 0
0 3.585 0.741 0.17999999999999972 0
0 1.8865 0.773 0.052999999999999936 0
0 3.9745 0.773 0.21499999999999986 0
0 4.1385000000000005 0.773 0.055000000000000604 0
0 1.254 0.797 0.06999999999999984 0
0 1.6840000000000002 0.797 0.1279999999999999 0
0 1.8765 0.797 0.07699999999999996 0
0 3.3899999999999997 0.797 0.06999999999999984 0
0 3.9515000000000002 0.837 0.07100000000000017 0
0 2.2 0.909 0.052000000000000046 0
0 0.40349999999999997 0.917 0.07900000000000001 0
0 0.992 0.917 0.05399999999999994 0
0 2.5435 0.917 0.06899999999999995 0
0 2.7279999999999998 0.917 0.0900000000000003 0
0 0.5800000000000001 0.925 0.05999999999999994 0
0 0.7985 0.925 0.06299999999999994 0
0 0.34450000000000003 0.933 0.05099999999999999 0
0 3.785 0.933 0.052000000000000046 0
0 1.612 0.941 0.05800000000000005 0
0 3.064 0.941 0.19599999999999973 0
0 3.3145 0.941 0.09300000000000042 0
0 0.5945 0.949 0.08899999999999997 0
0 3.0425000000000004 0.949 0.15300000000000002 0
0 3.4669999999999996 0.949 0.1339999999999999 0
0 2.5955 0.957 0.0990000000000002 0
0 3.0265000000000004 0.957 0.121 0
0 1.6475 0.965 0.14900000000000002 0
0 4.0125 0.997 0.3029999999999995 0
0 2.9445 1.173 0.08300000000000018 0
0 1.495 1.197 0.051999999999999824 0
0 3.489 1.213 0.2839999999999998 0
0 1.4954999999999998 1.221 0.050999999999999934 0
0 1.4954999999999998 1.245 0.050999999999999934 0
0 1.4954999999999998 1.269 0.050999999999999934 0
0 1.55 1.309 0.052000000000000046 0
0 2.6375 1.389 0.06499999999999995 0
0 2.7344999999999997 1.389 0.06300000000000017 0
0 3.84 1.389 0.06600000000000028 0
0 4.003 1.397 0.18200000000000038 0
0 2.9435000000000002 1.405 0.08500000000000041 0
0 3.0415 1.413 0.08699999999999974 0
0 3.5725 1.413 0.10899999999999999 0
0 3.979 1.413 0.15000000000000036 0
0 1.526 1.421 0.07600000000000007 0
0 1.772 1.421 0.05799999999999983 0
0 2.6704999999999997 1.429 0.3210000000000002 0
0 2.9355 1.429 0.07100000000000017 0
0 3.1345 1.429 0.10899999999999999 0
0 4.121 1.429 0.13999999999999968 0
0 0.9604999999999999 1.437 0.08099999999999985 0
0 1.129 1.437 0.06800000000000006 0
0 3.4575 1.581 0.051000000000000156 0
0 3.8155 1.581 0.052999999999999936 0
0 3.458 1.613 0.052000000000000046 0
0 3.463 1.669 0.06000000000000005 0
0 3.551 1.669 0.06400000000000006 0
0 3.637 1.669 0.06200000000000028 0
0 0.373 1.29 0 0.1459999999999999
0 0.637 0.495 0 0.068
0 0.637 0.776 0 0.052000000000000046
0 0.653 0.6775 0 0.05499999999999994
0 0.661 0.8574999999999999 0 0.06500000000000006
0 1.053 0.774 0 0.09999999999999998
0 1.213 0.5045000000000001 0 0.11500000000000005
0 1.213 0.677 0 0.08399999999999996
0 1.213 0.994 0 0.07600000000000007
0 1.213 1.1155 0 0.135
0 1.213 1.2475 0 0.09099999999999997
0 1.229 0.7705 0 0.07700000000000007
0 1.277 0.7735000000000001 0 0.07100000000000006
0 1.325 1.0775000000000001 0 0.09099999999999997
0 1.437 1.3195000000000001 0 0.16700000000000004
0 1.509 1.0499999999999998 0 0.07000000000000006
0 1.621 0.3185 0 0.059
0 1.645 0.304 0 0.13
0 1.661 0.31 0 0.09799999999999998
0 1.709 1.3544999999999998 0 0.09499999999999997
0 2.029 0.563 0 0.06399999999999995
0 2.037 1.2385 0 0.07299999999999995
0 2.045 0.44 0 0.17800000000000005
0 2.053 0.77 0 0.19399999999999995
0 2.053 1.2825 0 0.11299999999999999
0 2.053 1.4224999999999999 0 0.06299999999999994
0 2.061 0.39349999999999996 0 0.08300000000000002
0 2.509 1.0945 0 0.359
0 2.509 1.3559999999999999 0 0.16200000000000014
0 2.517 1.3664999999999998 0 0.139
0 2.757 0.393 0 0.06
0 2.757 0.8885000000000001 0 0.08500000000000008
0 2.773 0.622 0 0.07400000000000007
0 2.773 0.9055 0 0.05500000000000005
0 2.781 0.477 0 0.05199999999999999
0 2.789 0.608 0 0.06800000000000006
0 2.797 0.4105 0 0.05099999999999999
0 2.965 1.0015 0 0.11099999999999999
0 2.989 1.111 0 0.3340000000000001
0 3.261 0.436 0 0.06799999999999995
0 3.269 1.0025 0 0.10899999999999999
0 3.333 0.3145 0 0.11099999999999999
0 3.341 0.28 0 0.064
0 3.341 1.034 0 0.17800000000000005
0 3.357 0.43100000000000005 0 0.062
0 3.365 0.6759999999999999 0 0.05799999999999994
0 3.365 0.779 0 0.06000000000000005
0 3.413 0.7625 0 0.09300000000000008
0 3.469 1.054 0 0.13600000000000012
0 3.493 0.7835 0 0.06099999999999994
0 3.517 1.245 0 0.05400000000000005
0 3.525 1.379 0 0.08400000000000007
0 3.573 1.1804999999999999 0 0.06900000000000017
0 3.781 0.313 0 0.11399999999999999
0 3.781 1.2469999999999999 0 0.32999999999999985
0 3.789 1.283 0 0.236
0 3.837 1.5965 0 0.051000000000000156
0 3.869 0.8029999999999999 0 0.05399999999999994
0 3.869 0.9789999999999999 0 0.07199999999999995
0 4.165 0.5700000000000001 0 0.08599999999999997
0 4.165 0.895 0 0.05600000000000005
0 4.181 1.0335 0 0.20299999999999996
0 4.181 1.166 0 0.06000000000000005
0 4.181 1.349 0 0.17399999999999993
1 3.9015 1.429 0.03238826948140329 0.05
1 4.1705 1.245 0.03996248240537617 0.05
1 3.285 0.373 0.034928498393145956 0.05
1 0.8915 0.373 0.043 0.05
1 3.0285 0.381 0.031 0.05
1 3.1825 0.385 0.03981205847478876 0.05
1 3.291 0.433 0.0427551166528639 0.05
1 4.0965 0.773 0.029 0.05
1 3.3805 0.945 0.03981205847478876 0.05
1 1.5225 1.289 0.04011234224026316 0.05
1 2.6865 1.389 0.033 0.05
1 2.9925 1.421 0.031384709652950434 0.05
1 3.506 1.669 0.026 0.05
1 0.649 0.8135 0.03324154027718932 0.05
1 2.769 0.437 0.03687817782917155 0.05
1 3.345 0.385 0.03841874542459709 0.05
1 3.365 0.727 0.044 0.05
2 3.95 0.705 0.035 0.05
2 0.733 0.765 0.035 0.05
2 0.85 0.765 0.035 0.05
2 3.9365 0.845 0.035 0.05
2 0.4945 0.955 0.035 0.05
2 3.459 1.075 0.035 0.05
2 1.3005 1.08 0.035 0.05
2 3.8475 1.165 0.035 0.05
2 2.542 1.445 0.035 0.05
2 2.642 1.445 0.035 0.05
2 1.735 0.873 0.035 0.05
2 1.735 0.973 0.035 0.05
2 2.5 1.02625 0.035 0.05
2 2.5 1.1445 0.035 0.05
2 2.5 1.26275 0.035 0.05
2 4.16 1.1105 0.035 0.05
3 1.26825 0.5965 1.9485000000000001 0.715
3 3.21675 0.5965 1.9484999999999997 0.715
3 1.26825 1.3115 1.9485000000000001 0.7150000000000001
3 3.21675 1.3115 1.9484999999999997 0.7150000000000001