0 0.572 0.257 0 0.06799999999999998
0 0.187 0.503 0.045999999999999985 0
0 0.187 0.583 0.045999999999999985 0
0 0.192 0.623 0.055999999999999994 0
0 0.7245 0.623 0.123 0
0 0.201 0.703 0.07399999999999998 0
0 0.49275 0.9145 0 0.30899999999999994
0 0.73325 0.8594999999999999 0 0.04300000000000004
0 0.572 0.919 0 0.05399999999999994
0 0.188 0.943 0.043999999999999984 0
0 0.35950000000000004 0.983 0.387 0
0 0.188 1.023 0.043999999999999984 0
0 0.3295 1.048 0 0.050000000000000044
0 0.47600000000000003 1.063 0.62 0
0 0.6005 1.143 0.129 0
0 0.172 0.7435 0 1.041
0 0.212 0.315 0 0.18399999999999997
0 0.692 0.9604999999999999 0 0.04300000000000004
0 0.772 0.431 0 0.41600000000000004
0 0.772 0.725 0 0.07200000000000006
3 0.3195 0.48325 0.31099999999999994 0.5205000000000001
3 0.6305000000000001 0.48325 0.31100000000000005 0.5205000000000001
3 0.3195 1.0037500000000001 0.31099999999999994 0.5205
3 0.6305000000000001 1.0037500000000001 0.31100000000000005 0.5205