0 0.87371875 0.6065 0 0.18299999999999994
0 0.9695 0.515 0.15499999999999992 0
0 0.9339999999999999 0.555 0.118 0
0 0.1145625 0.6439999999999999 0 0.09799999999999998
0 0.9455 0.595 0.21300000000000008 0
0 1.3185 0.6174999999999999 0 0.04500000000000004
0 0.9575 0.635 0.8130000000000001 0
0 0.9595 0.675 0.19899999999999995 0
0 1.15475 0.679 0 0.041999999999999926
0 0.31625 1.089 0 0.7480000000000001
0 0.4795 0.736 0 0.04200000000000004
0 0.9625 0.715 0.17500000000000004 0
0 0.431 0.755 0.30399999999999994 0
0 0.975 0.755 0.1279999999999999 0
0 0.11625 0.819 0 0.04799999999999993
0 0.9705 0.795 0.131 0
0 0.9305 0.835 0.06699999999999995 0
0 0.9938984375 1.7145 0 1.815
0 0.9805 0.875 0.15900000000000003 0
0 0.969 0.915 0.1439999999999999 0
0 1.1153125 1.0365 0 0.24299999999999988
0 1.23428125 1.0234999999999999 0 0.24099999999999988
0 1.033 0.955 0.252 0
0 1.192875 0.964 0 0.06799999999999995
0 1.27425 1.0190000000000001 0 0.236
0 1.3235000000000001 0.955 0.04100000000000015 0
0 1.101 0.995 0.472 0
0 0.2955 1.035 0.044999999999999984 0
0 0.356 1.0565 0 0.06899999999999995
0 0.395125 1.049 0 0.05400000000000005
0 1.0394999999999999 1.035 0.32099999999999995 0
0 1.3094999999999999 1.035 0.07700000000000018 0
0 0.29900000000000004 1.075 0.03999999999999998 0
0 0.43125 1.1139999999999999 0 0.07800000000000007
0 1.113 1.075 0.492 0
0 0.383 1.115 0.20799999999999996 0
0 0.966 1.115 0.3679999999999999 0
0 1.2690000000000001 1.115 0.17800000000000016 0
0 0.7745 1.155 0.04500000000000004 0
0 1.108 1.155 0.5000000000000001 0
0 0.635375 1.197 0 0.04400000000000004
0 0.79325 1.154 0 0.1479999999999999
0 0.9545 1.195 0.16300000000000003 0
0 1.272625 1.2035 0 0.04300000000000015
0 1.3205 1.195 0.051000000000000156 0
0 0.944 1.235 0.17600000000000005 0
0 1.3145 1.235 0.0990000000000002 0
0 0.9384999999999999 1.275 0.16499999999999992 0
0 1.036875 1.085 0 0.4159999999999999
0 1.305 1.275 0.08000000000000007 0
0 0.7945 1.315 0.45100000000000007 0
0 1.3115 1.315 0.0930000000000002 0
0 0.428 1.355 0.08399999999999996 0
0 0.6348125 1.3615 0 0.10299999999999998
0 0.8979999999999999 1.355 0.30599999999999994 0
0 1.15275 1.4085 0 0.10699999999999998
0 1.3345 1.355 0.04899999999999993 0
0 0.613 1.395 0.08400000000000007 0
0 0.873 1.395 0.30600000000000005 0
0 1.2734375 1.397 0 0.18000000000000016
0 1.3435000000000001 1.395 0.04100000000000015 0
0 0.4435 1.435 0.32499999999999996 0
0 0.8805 1.435 0.30899999999999994 0
0 1.3125 1.435 0.1030000000000002 0
0 0.59875 1.4264999999999999 0 0.0970000000000002
0 0.63775 1.5025 0 0.05499999999999994
0 0.7505 1.389 0 0.17200000000000015
0 0.9895 1.475 0.2290000000000001 0
0 0.968 1.515 0.17799999999999994 0
0 1.117 1.529 0 0.04800000000000004
0 1.153875 1.5325 0 0.040999999999999925
0 1.6615000000000002 1.515 0.10299999999999998 0
0 1.5215 1.555 0.30099999999999993 0
0 0.946 1.595 0.16800000000000004 0
0 0.9575 1.635 0.1429999999999999 0
0 0.941 1.675 0.1399999999999999 0
0 1.0755 1.7165 0 0.08299999999999996
0 0.3265 1.715 0.09499999999999997 0
0 0.39625 1.7045 0 0.05300000000000016
0 0.5105 1.7160000000000002 0 0.050000000000000044
0 0.75225 1.7375 0 0.04499999999999993
0 0.962 1.715 0.258 0
0 1.4726875 1.7505000000000002 0 0.09899999999999998
0 0.9139999999999999 1.755 0.16800000000000004 0
0 1.0775000000000001 1.755 0.05499999999999994 0
0 1.117625 1.7435 0 0.040999999999999925
0 1.4395 1.755 0.2509999999999999 0
0 0.946 1.795 0.20599999999999996 0
0 1.2740625 1.8515 0 0.133
0 1.3939375 1.8544999999999998 0 0.127
0 1.437125 1.818 0 0.04600000000000004
0 1.5274999999999999 1.795 0.04299999999999993 0
0 0.6085 1.835 0.041000000000000036 0
0 0.946 1.835 0.19600000000000006 0
0 1.3655 1.835 0.137 0
0 1.473 1.8915 0 0.11299999999999999
0 1.5215 1.835 0.04899999999999993 0
0 0.626 1.875 0.05600000000000005 0
0 0.6755 1.8785 0 0.06899999999999995
0 0.9205000000000001 1.875 0.23099999999999998 0
0 1.071375 1.916 0 0.09199999999999986
0 1.112625 1.8980000000000001 0 0.07400000000000007
0 1.1545 1.9395 0 0.1389999999999998
0 1.3135 1.875 0.06699999999999995 0
0 1.508 1.875 0.08199999999999985 0
0 0.655 1.915 0.118 0
0 1.146 1.915 0.8019999999999999 0
0 0.9315 1.955 0.2829999999999999 0
0 1.1255 1.955 0.040999999999999925 0
0 1.1935 1.9660000000000002 0 0.06600000000000006
0 1.334 1.955 0.08600000000000008 0
0 1.44025 1.9220000000000002 0 0.06600000000000006
0 0.7155 1.995 0.10299999999999998 0
0 0.9390000000000001 1.995 0.2719999999999999 0
0 1.1945000000000001 1.995 0.1449999999999998 0
0 1.395875 1.996 0 0.05999999999999983
0 0.9255 2.035 0.249 0
0 0.9139999999999999 2.075 0.2859999999999999 0
0 1.13 2.075 0.04200000000000004 0
0 1.194875 2.143 0 0.13599999999999968
0 1.2355 2.122 0 0.09399999999999986
0 1.311 2.075 0.09200000000000008 0
0 1.0315 2.115 0.699 0
0 1.39412109375 2.3465 0 0.46299999999999963
0 1.5585 2.115 0.051000000000000156 0
0 0.8634999999999999 2.155 0.551 0
0 1.2725 2.155 0.20699999999999985 0
0 0.30200000000000005 2.195 0.05399999999999999 0
0 0.8674999999999999 2.195 0.559 0
0 1.3595 2.195 0.07299999999999995 0
0 1.5594999999999999 2.195 0.04500000000000015 0
0 0.397 2.235 0.24 0
0 0.8505 2.235 0.597 0
0 1.357 2.235 0.08999999999999986 0
0 1.59 2.255 0 0.040000000000000036
0 0.2955 2.275 0.04099999999999998 0
0 0.6839999999999999 2.275 0.21400000000000008 0
0 0.98 2.275 0.31199999999999994 0
0 1.193 2.2895 0 0.07699999999999996
0 1.236375 2.269 0 0.08800000000000008
0 1.275125 2.315 0 0.08000000000000007
0 1.3904999999999998 2.275 0.17900000000000005 0
0 1.5131875 2.3305 0 0.11100000000000021
0 0.6145 2.315 0.125 0
0 0.7529375 2.4485 0 0.2709999999999999
0 0.931 2.315 0.23999999999999988 0
0 1.074625 2.3 0 0.1499999999999999
0 1.334 2.315 0.33399999999999985 0
0 0.681 2.355 0.17400000000000004 0
0 0.9315 2.355 0.23099999999999998 0
0 1.1535000000000002 2.355 0.06699999999999995 0
0 1.4115 2.355 0.2629999999999999 0
0 0.669 2.395 0.15000000000000002 0
0 0.938 2.395 0.2659999999999999 0
0 1.1575 2.395 0.06300000000000017 0
0 1.307 2.395 0.050000000000000044 0
0 0.8645 2.435 0.561 0
0 1.3765 2.435 0.19300000000000006 0
0 1.51075 2.458 0 0.04599999999999982
0 0.8134999999999999 2.475 0.44299999999999995 0
0 1.0705 2.5105 0 0.12300000000000022
0 1.1935 2.4515000000000002 0 0.04700000000000015
0 1.4380000000000002 2.475 0.252 0
0 0.35875 2.5385 0 0.04699999999999971
0 0.63875 2.545 0 0.06000000000000005
0 0.8555 2.515 0.369 0
0 1.1219999999999999 2.515 0.07199999999999984 0
0 1.4765000000000001 2.515 0.17500000000000004 0
0 0.994 2.555 1.4380000000000002 0
0 0.393125 2.5805 0 0.09299999999999997
0 0.513375 2.586 0 0.08199999999999985
0 0.551375 2.586 0 0.08199999999999985
0 0.5955 2.3609999999999998 0 0.5319999999999996
0 0.675625 2.5665 0 0.08300000000000018
0 0.716375 2.5475 0 0.1589999999999998
0 0.9349999999999999 2.595 0.244 0
0 1.191125 2.589 0 0.07599999999999962
0 1.231 2.588 0 0.07399999999999984
0 1.271875 2.59 0 0.07399999999999984
0 1.311625 2.589 0 0.07599999999999962
0 1.412 2.595 0.15400000000000014 0
0 1.635125 2.5890000000000004 0 0.06800000000000006
0 0.274 2.0835 0 0.04499999999999993
0 0.314 1.7905 0 0.17499999999999982
0 0.314 2.1045 0 0.39300000000000024
0 0.394 0.729 0 0.07000000000000006
0 0.394 2.49 0 0.04400000000000004
0 0.434 0.7264999999999999 0 0.061000000000000054
0 0.514 2.2220000000000004 0 0.04400000000000004
0 0.554 0.6855 0 0.16500000000000004
0 0.554 2.2325 0 0.06499999999999995
0 0.594 0.6234999999999999 0 0.041000000000000036
0 0.594 2.021 0 0.04400000000000004
0 0.634 1.8645 0 0.09299999999999997
0 0.634 2.3145 0 0.33099999999999996
0 0.674 2.308 0 0.3580000000000001
0 0.714 2.16 0 0.20599999999999996
0 0.714 2.4005 0 0.08699999999999974
0 0.754 1.9180000000000001 0 0.05800000000000005
0 0.754 2.1895 0 0.1889999999999996
0 0.794 1.353 0 0.08599999999999985
0 0.794 1.9605 0 0.15300000000000002
0 0.794 2.178 0 0.20800000000000018
0 0.794 2.4525 0 0.08499999999999996
0 0.794 2.5745 0 0.0730000000000004
0 0.834 1.3875000000000002 0 0.14700000000000002
0 0.834 1.7149999999999999 0 0.07800000000000007
0 0.834 2.2325 0 0.7629999999999999
0 0.874 1.268 0 0.4159999999999999
0 0.874 2.0935 0 1.0450000000000002
0 0.914 0.6535 0 0.277
0 0.914 1.1815 0 0.715
0 0.914 2.097 0 1.0520000000000003
0 0.954 1.562 0 2.094
0 0.994 0.614 0 0.19799999999999995
0 1.034 0.707 0 0.28600000000000003
0 1.034 1.4805 0 0.30299999999999994
0 1.034 1.7229999999999999 0 0.10799999999999987
0 1.034 2.214 0 0.812
0 1.074 0.624 0 0.04200000000000004
0 1.074 1.0625 0 0.2330000000000001
0 1.074 2.0225 0 0.04499999999999993
0 1.074 2.1425 0 0.121
0 1.114 0.611 0 0.04200000000000004
0 1.114 1.381 0 0.04400000000000004
0 1.114 2.177 0 0.274
0 1.114 2.5285 0 0.19300000000000006
0 1.154 1.0474999999999999 0 0.19900000000000007
0 1.154 2.0949999999999998 0 0.10199999999999987
0 1.154 2.207 0 0.04800000000000004
0 1.154 2.407 0 0.13400000000000034
0 1.154 2.5395000000000003 0 0.07100000000000017
0 1.194 1.108 0 0.15000000000000013
0 1.194 1.8885 0 0.04299999999999993
0 1.234 1.8805 0 0.06499999999999995
0 1.274 1.9755 0 0.04899999999999993
0 1.274 2.1285 0 0.125
0 1.314 1.055 0 0.20599999999999996
0 1.314 1.2894999999999999 0 0.17299999999999982
0 1.314 1.448 0 0.04200000000000004
0 1.314 1.875 0 0.11799999999999988
0 1.314 2.2545 0 0.4209999999999998
0 1.354 1.1625 0 0.6250000000000001
0 1.354 2.0505 0 0.6589999999999998
0 1.354 2.431 0 0.041999999999999815
0 1.354 2.552 0 0.13400000000000034
0 1.394 1.516 0 0.04599999999999982
0 1.394 1.729 0 0.051999999999999824
0 1.434 2.4299999999999997 0 0.17200000000000015
0 1.434 2.5785 0 0.06299999999999972
0 1.474 2.2775 0 0.08700000000000019
0 1.474 2.487 0 0.27200000000000024
0 1.514 1.5185 0 0.050999999999999934
0 1.514 1.7445 0 0.04699999999999993
0 1.514 1.9215 0 0.06499999999999995
0 1.514 2.5795000000000003 0 0.08700000000000019
0 1.554 1.526 0 0.06599999999999984
0 1.554 2.1515 0 0.849
0 1.594 2.591 0 0.07199999999999962
0 1.674 2.591 0 0.07199999999999962
1 1.1934375 1.0155 0.03501807568956353 0.05
1 0.4131875 1.0755 0.03613883817999687 0.05
1 1.165 1.115 0.03 0.05
1 0.951 1.135 0.04272001872658766 0.05
1 1.0354375 0.9285 0.027152635691586186 0.05
1 1.0354375 1.311 0.03611461788528296 0.05
1 0.61825 1.475 0.039 0.05
1 1.45490625 1.7975 0.03591227375494345 0.05
1 0.974 1.775 0.04001249804748511 0.05
1 1.27403125 1.9345 0.03300005918555299 0.05
1 1.39396875 1.8105 0.03600005425343134 0.05
1 1.0726875 1.981 0.03809055821328955 0.05
1 1.15425 2.0265 0.03500357124637428 0.05
1 0.7295 1.915 0.031 0.05
1 0.785 1.995 0.036 0.05
1 1.1939375 2.231 0.04004392119910337 0.05
1 1.154 2.155 0.03 0.05
1 0.5345 2.235 0.035 0.05
1 0.8075 2.275 0.033 0.05
1 1.1735 2.334 0.04080441152620633 0.05
1 1.3105 2.335 0.044721359549995794 0.05
1 0.8865 2.415 0.04428317965096906 0.05
1 0.3759375 2.548 0.044335545840781074 0.05
1 0.636375 2.362 0.03532085078250523 0.05
1 1.1725625 2.5655 0.044207076639379804 0.05
1 0.314 1.893 0.03 0.05
1 0.794 2.0555 0.037 0.05
1 0.794 2.5165 0.043 0.05
1 0.914 0.808 0.032 0.05
1 0.914 1.555 0.032 0.05
1 1.034 1.6505 0.037 0.05
1 1.034 1.7925 0.031 0.05
1 1.074 2.0635 0.037 0.05
1 1.154 2.489 0.03 0.05
1 1.334 2.475 0.044721359549995794 0.05
1 1.374 1.484 0.043863424398922615 0.05
1 1.354 2.395 0.03 0.05
1 1.434 2.5315 0.031 0.05
1 1.474 2.336 0.03 0.05
3 0.514171875 1.043 0.79921875 1.056
3 1.313390625 1.043 0.7992187500000001 1.056
3 0.514171875 2.0989999999999998 0.79921875 1.0559999999999998
3 1.313390625 2.0989999999999998 0.7992187500000001 1.0559999999999998