0 1.064 0.29 0.04600000000000004 0
0 1.0615 0.33 0.04100000000000015 0
0 1.2825000000000002 0.33 0.14700000000000002 0
0 1.6485 0.33 0.06899999999999995 0
0 0.2515 0.37 0.04100000000000001 0
0 0.754 0.37 0.04600000000000004 0
0 1.214 0.37 0.08400000000000007 0
0 1.6615 0.37 0.04300000000000015 0
0 0.26249999999999996 0.41 0.05099999999999999 0
0 0.347 0.41 0.05199999999999999 0
0 0.6885 0.41 0.15700000000000003 0
0 0.79425 0.4145 0 0.04099999999999998
0 1.014 0.41 0.14600000000000002 0
0 1.2115 0.41 0.08899999999999997 0
0 0.4655 0.45 0.046999999999999986 0
0 0.733 0.45 0.07800000000000007 0
0 0.8665 0.45 0.08300000000000007 0
0 1.0035 0.45 0.1250000000000001 0
0 1.2115 0.45 0.08899999999999997 0
0 0.714625 0.491 0 0.045999999999999985
0 0.95025 0.442 0 0.09599999999999997
0 1.2115 0.49 0.08899999999999997 0
0 0.3095 0.7224999999999999 0 0.04700000000000004
0 0.493 0.73 0.07200000000000001 0
0 0.5931875 0.872 0 0.28400000000000003
0 1.0245 0.73 0.08300000000000007 0
0 0.27549999999999997 0.77 0.07700000000000001 0
0 0.6335 0.7775 0 0.07299999999999995
0 1.0095 0.77 0.1050000000000001 0
0 0.3435 0.81 0.056999999999999995 0
0 0.6699999999999999 0.81 0.19400000000000006 0
0 0.954 0.81 0.2360000000000001 0
0 1.206 0.81 0.06800000000000006 0
0 0.2575 0.85 0.06299999999999997 0
0 1.275875 0.851 0 0.07200000000000006
0 1.3515 0.8674999999999999 0 0.1050000000000001
0 1.3980000000000001 0.85 0.051999999999999824 0
0 0.44599999999999995 0.89 0.314 0
0 0.994 0.9464999999999999 0 0.11299999999999988
0 1.295 0.89 0.13000000000000012 0
0 1.551 0.891 0 0.07800000000000007
0 0.35325 0.9179999999999999 0 0.22599999999999987
0 0.389875 0.9199999999999999 0 0.061999999999999944
0 0.472125 0.9015 0 0.05700000000000005
0 0.5680000000000001 0.93 0.07399999999999995 0
0 0.9113125 0.938 0 0.14
0 1.041 0.93 0.04200000000000004 0
0 1.2425000000000002 0.93 0.15100000000000002 0
0 1.558 0.93 0.08800000000000008 0
0 0.27425 0.9775 0 0.07300000000000006
0 0.389875 1.034 0 0.1280000000000001
0 0.43 1.029 0 0.1180000000000001
0 0.575 0.97 0.07799999999999996 0
0 0.67175 1.0385 0 0.16300000000000014
0 0.9804999999999999 0.97 0.17299999999999993 0
0 1.2115 0.97 0.08899999999999997 0
0 0.328 1.01 0.204 0
0 0.6045 1.01 0.125 0
0 1.0145 1.01 0.125 0
0 1.2055 1.01 0.07699999999999996 0
0 1.53 1.01 0.052000000000000046 0
0 0.341 1.05 0.23 0
0 0.6040000000000001 1.05 0.16600000000000004 0
0 1.548 1.05 0.07800000000000007 0
0 0.4145 1.09 0.367 0
0 0.83625 1.0315 0 0.1170000000000001
0 1.5425 1.09 0.06700000000000017 0
0 0.3365 1.13 0.063 0
0 0.6675 1.13 0.10499999999999998 0
0 0.8674999999999999 1.13 0.06300000000000006 0
0 1.0325 1.13 0.06700000000000006 0
0 1.5394999999999999 1.13 0.061000000000000165 0
0 0.988 1.17 0.15600000000000003 0
0 1.5455 1.17 0.07300000000000018 0
0 1.651 1.17 0.06400000000000006 0
0 0.323 1.21 0.18399999999999997 0
0 0.951 1.21 0.24 0
0 0.951 1.25 0.24 0
0 1.596 1.25 0.17400000000000015 0
0 0.9405 1.29 0.21900000000000008 0
0 1.5115 1.1995 0 0.43299999999999994
0 1.585 1.29 0.04600000000000004 0
0 0.9485 1.33 0.2350000000000001 0
0 1.659 1.33 0.04800000000000004 0
0 0.6515000000000001 1.37 0.8610000000000001 0
0 1.2845 1.37 0.119 0
0 1.5295 1.37 0.11499999999999999 0
0 1.264 1.41 0.08800000000000008 0
0 1.558 1.3835 0 0.052999999999999936
0 0.232 0.363 0 0.05199999999999999
0 0.232 0.483 0 0.11400000000000005
0 0.232 1.1179999999999999 0 0.596
0 0.272 0.357 0 0.15599999999999997
0 0.272 0.88 0 0.07800000000000007
0 0.312 0.8915 0 0.07900000000000007
0 0.312 1.007 0 0.06799999999999995
0 0.312 1.1335 0 0.121
0 0.312 1.2825 0 0.07299999999999995
0 0.352 0.41200000000000003 0 0.045999999999999985
0 0.352 1.0935000000000001 0 0.06299999999999994
0 0.352 1.1935 0 0.040999999999999925
0 0.432 0.4145 0 0.04099999999999998
0 0.472 0.43000000000000005 0 0.07200000000000001
0 0.472 1.3385 0 0.08899999999999997
0 0.512 1.03 0 0.09399999999999997
0 0.552 0.4145 0 0.04099999999999998
0 0.552 1.033 0 0.09999999999999998
0 0.592 0.4145 0 0.04099999999999998
0 0.632 0.4145 0 0.04099999999999998
0 0.632 0.6935 0 0.050999999999999934
0 0.632 0.8905000000000001 0 0.06700000000000006
0 0.672 0.4145 0 0.04099999999999998
0 0.712 0.4195 0 0.05099999999999999
0 0.712 0.7775 0 0.07299999999999995
0 0.752 0.5825 0 0.42900000000000005
0 0.792 1.0670000000000002 0 0.04200000000000004
0 0.832 1.275 0 0.236
0 0.872 0.43000000000000005 0 0.07200000000000001
0 0.872 1.2934999999999999 0 0.17900000000000005
0 0.912 0.4225 0 0.056999999999999995
0 0.912 0.8195 0 0.040999999999999925
0 0.912 1.2985 0 0.17899999999999983
0 0.952 0.9664999999999999 0 0.12499999999999989
0 0.952 1.2770000000000001 0 0.21999999999999997
0 0.992 0.436 0 0.08399999999999996
0 0.992 0.7669999999999999 0 0.09399999999999997
0 0.992 1.2774999999999999 0 0.2310000000000001
0 1.032 0.4305 0 0.07300000000000001
0 1.032 0.8725 0 0.3350000000000001
0 1.032 1.3045 0 0.1469999999999998
0 1.072 0.703 0 0.9059999999999999
0 1.192 0.423 0 0.09999999999999998
0 1.192 0.988 0 0.124
0 1.232 0.389 0 0.178
0 1.232 0.9885 0 0.7150000000000001
0 1.272 0.9590000000000001 0 0.07799999999999996
0 1.272 1.3864999999999998 0 0.05899999999999994
0 1.312 0.8805 0 0.131
0 1.312 1.3864999999999998 0 0.05899999999999994
0 1.352 0.32299999999999995 0 0.045999999999999985
0 1.472 1.346 0 0.08399999999999985
0 1.512 0.3175 0 0.04700000000000004
0 1.552 0.3205 0 0.041000000000000036
0 1.552 1.0825 0 0.21899999999999997
0 1.592 0.3205 0 0.041000000000000036
0 1.632 0.3205 0 0.041000000000000036
0 1.672 0.3415 0 0.08300000000000002
0 1.672 0.6305000000000001 0 0.08300000000000007
0 1.672 1.3645 0 0.05699999999999994
1 0.3045 0.41 0.033 0.05
1 0.9245 0.45 0.033 0.05
1 0.61259375 0.841 0.040341171974175465 0.05
1 0.3145 0.79 0.04001249804748511 0.05
1 0.289 0.87 0.04 0.05
1 1.2739375 0.9035 0.033226730579459664 0.05
1 1.327 0.87 0.0417612260356422 0.05
1 1.5515 0.9515 0.04301162633521314 0.05
1 0.352625 1.0465 0.03102519137733078 0.05
1 0.4099375 0.9605 0.0443961217337731 0.05
1 0.91165625 0.9035 0.028008439018445852 0.05
1 0.293125 0.933 0.039052048601833936 0.05
1 0.6065 1.11 0.04346262762420146 0.05
1 0.9045 1.15 0.041484937025383084 0.05
1 1.6005 1.17 0.037 0.05
1 0.232 0.4075 0.037 0.05
1 1.252 1.3515 0.041484937025383084 0.05
3 0.5865 0.5415 0.731 0.583
3 1.3175 0.5415 0.7310000000000001 0.583
3 0.5865 1.1244999999999998 0.731 0.583
3 1.3175 1.1244999999999998 0.7310000000000001 0.583