0 0.5 0.324 0.562 0
0 0.5 0.364 0.562 0
0 0.5 0.404 0.562 0
0 0.5 0.444 0.562 0
0 0.5 0.484 0.562 0
0 0.223 0.872 0 1.176
0 0.50925 0.538 0 0.04600000000000004
0 0.782625 0.7344999999999999 0 0.42099999999999993
0 1.2974999999999999 0.524 0.5309999999999999 0
0 0.39599999999999996 0.564 0.35 0
0 0.6585 0.564 0.09099999999999997 0
0 0.7889999999999999 0.564 0.04799999999999993 0
0 0.6505 0.724 0.11699999999999999 0
0 0.789 0.724 0.04200000000000004 0
0 0.7905 0.764 0.04499999999999993 0
0 0.7905 0.804 0.04499999999999993 0
0 0.7905 0.844 0.04499999999999993 0
0 0.342625 0.9155 0 0.11699999999999999
0 1.14409375 0.966 0 0.21799999999999997
0 1.184125 0.9369999999999999 0 0.15999999999999992
0 1.498 0.884 0.06199999999999983 0
0 0.2995 0.964 0.157 0
0 1.0905 0.964 0.11699999999999999 0
0 0.385625 1.0215 0 0.1050000000000001
0 1.134 1.004 0.06600000000000006 0
0 1.4805000000000001 1.004 0.06699999999999995 0
0 0.3054375 1.0565 0 0.11699999999999999
0 0.345625 1.0594999999999999 0 0.1050000000000002
0 1.052 1.044 0.040000000000000036 0
0 1.1905 1.0895000000000001 0 0.09099999999999997
0 1.4635 1.032 0 0.06800000000000006
0 1.0545 1.084 0.04499999999999993 0
0 0.6035 1.124 0.401 0
0 1.0605 1.124 0.05699999999999994 0
0 1.3780000000000001 1.124 0.04200000000000004 0
0 0.556 1.164 0.07599999999999996 0
0 0.837 1.164 0.248 0
0 0.757 1.204 0.08200000000000007 0
0 0.586 1.2374999999999998 0 0.07099999999999995
0 0.796 1.244 0.039999999999999925 0
0 0.2455 1.284 0.04300000000000001 0
0 0.7645 1.284 0.09699999999999998 0
0 1.5405 1.284 0.04499999999999993 0
0 0.3015 1.328 0 0.06800000000000006
0 0.796 1.324 0.039999999999999925 0
0 1.479 1.324 0.16799999999999993 0
0 0.796 1.364 0.039999999999999925 0
0 1.479 1.364 0.16799999999999993 0
0 0.30575 1.5085 0 0.20900000000000007
0 0.343921875 1.508 0 0.20999999999999996
0 0.463625 1.5085 0 0.20900000000000007
0 0.5615 1.404 0.08099999999999996 0
0 0.624875 1.4925000000000002 0 0.24099999999999988
0 0.65975 1.4329999999999998 0 0.05800000000000005
0 0.743 1.4085 0 0.125
0 0.796 1.404 0.039999999999999925 0
0 1.0659999999999998 1.404 0.062000000000000055 0
0 1.479 1.404 0.16799999999999993 0
0 0.2785 1.444 0.10900000000000001 0
0 0.6194999999999999 1.444 0.39299999999999996 0
0 1.299 1.444 0.528 0
0 0.259 1.448 0 0.07200000000000006
0 0.4234375 1.5194999999999999 0 0.18700000000000006
0 0.5035 1.5 0 0.13600000000000012
0 0.5435625 1.5 0 0.13600000000000012
0 0.58375 1.506 0 0.14800000000000013
0 0.783375 1.2995 0 0.627
0 0.90625 1.4795 0 0.06499999999999995
0 1.0695 1.4565000000000001 0 0.05499999999999994
0 0.385 1.5415 0 0.14300000000000002
0 0.562 1.564 0.128 0
0 0.4595 1.604 0.333 0
0 0.264 0.42499999999999993 0 0.282
0 0.264 1.068 0 0.09400000000000008
0 0.264 1.275 0 0.07599999999999985
0 0.304 0.42499999999999993 0 0.282
0 0.304 0.9139999999999999 0 0.11399999999999999
0 0.344 0.42200000000000004 0 0.2760000000000001
0 0.344 1.1655 0 0.04700000000000015
0 0.384 0.42499999999999993 0 0.282
0 0.424 0.42499999999999993 0 0.282
0 0.464 0.42499999999999993 0 0.282
0 0.504 0.387 0 0.20600000000000002
0 0.544 0.42499999999999993 0 0.282
0 0.544 1.2405 0 0.06499999999999995
0 0.584 0.4145 0 0.26100000000000007
0 0.624 0.4225 0 0.2770000000000001
0 0.664 0.4225 0 0.2770000000000001
0 0.704 0.4225 0 0.2770000000000001
0 0.744 0.42100000000000004 0 0.2740000000000001
0 0.744 1.155 0 0.06599999999999984
0 1.064 0.5429999999999999 0 0.039999999999999925
0 1.064 0.9530000000000001 0 0.041999999999999926
0 1.064 1.0565 0 0.06499999999999995
0 1.104 0.9525 0 0.07099999999999995
0 1.104 1.081 0 0.1080000000000001
0 1.104 1.449 0 0.040000000000000036
0 1.144 1.4500000000000002 0 0.04200000000000004
0 1.304 0.5429999999999999 0 0.039999999999999925
0 1.304 1.4500000000000002 0 0.04200000000000004
0 1.344 0.5429999999999999 0 0.039999999999999925
0 1.344 1.449 0 0.040000000000000036
0 1.384 0.5429999999999999 0 0.039999999999999925
0 1.384 1.449 0 0.040000000000000036
0 1.424 0.5429999999999999 0 0.039999999999999925
0 1.424 1.3715 0 0.16100000000000003
0 1.464 0.5429999999999999 0 0.039999999999999925
0 1.464 1.374 0 0.16600000000000015
0 1.504 0.5429999999999999 0 0.039999999999999925
0 1.504 1.393 0 0.14000000000000012
0 1.544 0.5529999999999999 0 0.05999999999999994
0 1.544 0.839 0 0.06799999999999995
0 1.544 1.3525 0 0.22100000000000009
1 0.506625 0.4225 0.025545302895052937 0.05
1 0.783 0.9655 0.041006859182336805 0.05
1 0.592 0.564 0.042 0.05
1 0.364125 0.9715 0.043289721643826724 0.05
1 1.1873125 1.0305 0.02774239760727252 0.05
1 0.3448125 1.127 0.03004397818199181 0.05
1 0.303625 1.383 0.042214482112185155 0.05
1 0.28275 1.2995 0.04203867267171979 0.05
1 1.104 1.0075 0.039 0.05
3 0.555 0.61625 0.672 0.6645000000000001
3 1.2269999999999999 0.61625 0.6719999999999999 0.6645000000000001
3 0.555 1.28075 0.672 0.6645
3 1.2269999999999999 1.28075 0.6719999999999999 0.6645