0 2.0324999999999998 0.55 0.2570000000000001 0
0 0.9935 0.63 0.20299999999999996 0
0 1.347 1.175 0.14400000000000013 0
0 1.9874999999999998 1.18 0.10099999999999976 0
0 1.8860000000000001 1.195 0.10200000000000009 0
0 0.844 1.25 0.266 0
0 0.899 1.245 0.18399999999999994 0
0 1.52 1.26 0.1339999999999999 0
0 1.5525 1.265 0.10099999999999998 0
0 0.457 1.38 0.41200000000000003 0
0 1.694 1.37 0.20199999999999996 0
0 0.9079999999999999 1.46 0.18400000000000005 0
0 0.881 1.48 0.1499999999999999 0
0 0.8680000000000001 1.545 0.124 0
0 1.6825 1.55 0.17900000000000005 0
0 2.1295 1.615 0.19300000000000006 0
0 0.8705 2.065 0.1349999999999999 0
0 0.28 1.193 0 0.268
0 0.3 1.104 0 0.3979999999999999
0 0.58 1.103 0 0.27200000000000013
0 0.57 1.626 0 0.14200000000000013
0 0.625 1.3375 0 0.133
0 0.7 1.479 0 0.22199999999999998
0 0.835 1.788 0 0.14400000000000013
0 0.985 1.9829999999999999 0 0.1499999999999999
0 1.175 1.4300000000000002 0 0.11999999999999988
0 1.645 0.8115 0 0.131
0 1.66 1.4705 0 0.20700000000000007
0 1.775 1.4595 0 0.20299999999999985
0 1.91 1.49 0 0.1419999999999999
0 2.025 1.093 0 0.14000000000000012
0 2.2 1.363 0 0.3879999999999999
0 0.431 0.629 0.11599999999999999 0
0 0.519 0.629 0.05800000000000005 0
0 1.987 0.629 0.09800000000000009 0
0 2.0695 0.629 0.051000000000000156 0
0 2.1835 0.637 0.11899999999999977 0
0 1.3405 0.645 0.051000000000000156 0
0 1.37 1.173 0.12200000000000011 0
0 0.856 1.189 0.07400000000000007 0
0 1.375 1.197 0.07399999999999984 0
0 0.5355 1.237 0.07499999999999996 0
0 0.536 1.261 0.07399999999999995 0
0 0.5065000000000001 1.365 0.10900000000000004 0
0 1.8785 1.557 0.06899999999999995 0
0 0.8394999999999999 1.565 0.051000000000000045 0
0 1.1345 1.597 0.050999999999999934 0
0 0.2945 1.613 0.07500000000000001 0
0 0.3995 1.613 0.133 0
0 0.8975 1.613 0.07700000000000007 0
0 0.6114999999999999 1.901 0.051000000000000045 0
0 0.806 1.917 0.061999999999999944 0
0 0.5495 1.933 0.16100000000000003 0
0 0.7005 1.933 0.139 0
0 0.9115 1.933 0.07299999999999995 0
0 0.768 2.085 0.07800000000000007 0
0 0.197 1.251 0 0.05599999999999983
0 0.253 1.5550000000000002 0 0.1279999999999999
0 0.277 0.9675 0 0.20100000000000007
0 0.277 1.099 0 0.05600000000000005
0 0.277 1.2555 0 0.139
0 0.277 1.3944999999999999 0 0.09499999999999997
0 0.285 0.4635 0 0.16500000000000004
0 0.285 0.614 0 0.07000000000000006
0 0.293 0.45799999999999996 0 0.068
0 0.301 1.4089999999999998 0 0.05800000000000005
0 0.301 1.475 0 0.07000000000000006
0 0.365 1.112 0 0.08600000000000008
0 0.461 2.0105 0 0.06299999999999972
0 0.469 1.6315 0 0.052999999999999936
0 0.493 1.7469999999999999 0 0.32999999999999985
0 0.501 1.6745 0 0.18499999999999983
0 0.501 1.851 0 0.16599999999999993
0 0.509 1.7995 0 0.06299999999999994
0 0.549 1.7995 0 0.050999999999999934
0 0.573 1.1375 0 0.2570000000000001
0 0.661 1.8054999999999999 0 0.119
0 0.661 1.9055 0 0.05699999999999994
0 0.693 1.5434999999999999 0 0.08299999999999996
0 0.725 1.8094999999999999 0 0.05700000000000016
0 0.805 0.6 0 0.052000000000000046
0 0.805 1.625 0 0.09600000000000009
0 0.805 1.871 0 0.10199999999999987
0 0.821 1.222 0 0.06199999999999983
0 0.885 1.4820000000000002 0 0.22399999999999998
0 0.917 1.4300000000000002 0 0.11999999999999988
0 0.925 1.5430000000000001 0 0.09999999999999987
0 0.949 1.4555 0 0.06700000000000017
0 0.973 1.637 0 0.08199999999999985
0 0.973 1.8735 0 0.09299999999999997
0 0.989 1.545 0 0.08000000000000007
0 0.989 1.6305 0 0.05699999999999994
0 1.149 1.5935000000000001 0 0.05499999999999994
0 1.165 0.387 0 0.08000000000000002
0 1.165 0.538 0 0.22000000000000003
0 1.221 1.245 0 0.051999999999999824
0 1.293 0.7085 0 0.15900000000000003
0 1.293 1.275 0 0.07000000000000006
0 1.301 0.6745 0 0.050999999999999934
0 1.309 1.494 0 0.06800000000000006
0 1.317 1.5935000000000001 0 0.050999999999999934
0 1.453 1.228 0 0.06599999999999984
0 1.525 1.2285 0 0.06699999999999995
0 1.597 1.228 0 0.08000000000000007
0 1.597 1.4780000000000002 0 0.236
0 1.605 1.0705 0 0.08899999999999997
0 1.605 1.3925 0 0.06299999999999994
0 1.605 1.532 0 0.11399999999999988
0 1.709 0.9964999999999999 0 0.06700000000000006
0 1.717 1.551 0 0.09200000000000008
0 1.725 0.7050000000000001 0 0.16200000000000003
0 1.837 1.0625 0 0.06300000000000017
1 2.1095 0.633 0.030083217912982647 0.05
1 0.634 1.917 0.032557641192199414 0.05
1 0.856 1.925 0.04123105625617661 0.05
1 0.285 0.5625 0.033 0.05
1 0.969 1.497 0.04308131845707603 0.05
1 1.313 1.548 0.040792156108742275 0.05
2 0.844 1.25 0.035 0.05
2 0.3883333333333333 1.38 0.035 0.05
2 0.5256666666666666 1.38 0.035 0.05
2 0.908 1.46 0.035 0.05
2 0.28 1.193 0.035 0.05
2 0.58 1.103 0.035 0.05
2 0.7 1.479 0.035 0.05
3 0.7085 0.7815 1.023 0.869
3 1.7315 0.7815 1.023 0.869
3 0.7085 1.6505 1.023 0.869
3 1.7315 1.6505 1.023 0.869