0 1.20953125 0.36850000000000005 0 0.36500000000000005
0 0.4605 0.266 0.07900000000000001 0
0 0.56575 0.5905 0 0.8089999999999999
0 0.405 0.386 0.28400000000000003 0
0 0.45499999999999996 0.426 0.328 0
0 0.6498125 0.487 0 0.13200000000000006
0 0.452 0.466 0.382 0
0 0.5860000000000001 0.506 0.15400000000000003 0
0 0.3145 0.546 0.10299999999999998 0
0 0.5195 0.546 0.10699999999999993 0
0 0.366625 0.6485000000000001 0 0.04500000000000004
0 0.49175 0.657 0 0.061999999999999944
0 0.4155 0.666 0.14899999999999997 0
0 0.5295 0.7225 0 0.11299999999999999
0 0.2915 0.771 0 0.050000000000000044
0 0.49075 0.7505 0 0.05700000000000005
0 1.2075 0.766 0 0.040000000000000036
0 1.2575 0.7675000000000001 0 0.04300000000000004
0 0.5095 0.786 0.11699999999999994 0
0 1.1505 0.786 0.42100000000000004 0
0 0.32699999999999996 0.826 0.07200000000000001 0
0 0.3305 0.866 0.07900000000000001 0
0 0.4099375 0.8745 0 0.07500000000000007
0 0.36575 0.969 0 0.04600000000000004
0 0.41775 0.97 0 0.04800000000000004
0 0.7706875 0.956 0 0.08599999999999997
0 0.8839999999999999 0.946 0.124 0
0 0.97375 0.97 0 0.04800000000000004
0 1.08675 0.9664999999999999 0 0.041000000000000036
0 0.28800000000000003 0.986 0.05399999999999999 0
0 0.49675 0.9445 0 0.08899999999999997
0 0.852875 0.9784999999999999 0 0.05699999999999994
0 1.00875 0.8745 0 0.22899999999999998
0 1.1795 0.986 0.15700000000000003 0
0 1.204 1.0005 0 0.051000000000000045
0 0.33 0.40700000000000003 0 0.09600000000000003
0 0.33 0.851 0 0.10199999999999998
0 0.37 0.4235 0 0.129
0 0.41 0.5800000000000001 0 0.06599999999999995
0 0.45 0.4195 0 0.127
0 0.49 0.528 0 0.07399999999999995
0 0.53 0.4215 0 0.131
0 0.53 0.8945 0 0.08899999999999997
0 0.61 0.487 0 0.13200000000000006
0 0.73 0.956 0 0.08599999999999997
0 0.89 0.95 0 0.07999999999999996
0 0.93 0.9550000000000001 0 0.08999999999999997
0 0.97 0.768 0 0.04200000000000004
0 1.01 0.6685 0 0.05899999999999994
0 1.29 0.8825000000000001 0 0.22499999999999998
1 0.510625 0.677 0.04369281977625157 0.05
1 0.31075 0.798 0.038707234465923814 0.05
1 1.27375 0.7795 0.037646380968162134 0.05
1 0.41384375 0.929 0.03488603096154677 0.05
1 0.47 0.487 0.040792156108742275 0.05
3 0.536 0.396 0.55 0.42
3 1.086 0.396 0.5499999999999999 0.42
3 0.536 0.8160000000000001 0.55 0.42000000000000004
3 1.086 0.8160000000000001 0.5499999999999999 0.42000000000000004