0 0.4375 0.124 0.049000000000000044 0
0 0.6285000000000001 0.124 0.07700000000000007 0
0 0.4595 0.1925 0 0.056999999999999995
0 0.13575 0.199 0 0.064
0 0.41675 0.1545 0 0.14100000000000001
0 0.49250000000000005 0.204 0.07700000000000001 0
0 0.656 0.204 0.050000000000000044 0
0 0.6034999999999999 0.244 0.05900000000000005 0
0 0.6965 0.355 0 0.24199999999999997
0 0.14950000000000002 0.284 0.099 0
0 0.535 0.28500000000000003 0 0.06
0 0.0925 0.364 0.07300000000000001 0
0 0.26749999999999996 0.364 0.16299999999999998 0
0 0.472 0.364 0.12800000000000006 0
0 0.744 0.364 0.1419999999999999 0
0 0.661 0.404 0.124 0
0 0.216 0.1525 0 0.137
0 0.216 0.3785 0 0.19499999999999995
0 0.456 0.395 0 0.07
0 0.496 0.1475 0 0.083
0 0.496 0.3295 0 0.067
0 0.576 0.27449999999999997 0 0.195
0 0.616 0.2365 0 0.04100000000000001
0 0.616 0.33199999999999996 0 0.068
0 0.616 0.4385 0 0.07499999999999996
0 0.656 0.1455 0 0.12299999999999998
0 0.776 0.365 0 0.05399999999999999
0 0.816 0.45599999999999996 0 0.03999999999999998
1 0.47775 0.1635 0.04424081825644729 0.05
1 0.6275 0.224 0.04004996878900158 0.05
1 0.5155 0.3055 0.043382023926967724 0.05
1 0.476 0.363 0.04011234224026316 0.05
1 0.616 0.2775 0.041 0.05
1 0.636 0.1705 0.041 0.05
1 0.616 0.3835 0.035 0.05
3 0.246 0.18200000000000002 0.38 0.196
3 0.626 0.18200000000000002 0.37999999999999995 0.196
3 0.246 0.378 0.38 0.19599999999999995
3 0.626 0.378 0.37999999999999995 0.19599999999999995