0 0.1075 0.59 0.101 0
0 0.597 0.61 0.122 0
0 0.415 0.20650000000000002 0 0.345
0 0.4485 0.277 0.067 0
0 0.6475 0.277 0.09499999999999997 0
0 0.4485 0.301 0.067 0
0 0.6475 0.301 0.09499999999999997 0
0 0.0985 0.589 0.07700000000000001 0
0 0.0985 0.613 0.07700000000000001 0
0 0.32999999999999996 0.613 0.062 0
0 0.0985 0.637 0.07700000000000001 0
0 0.32999999999999996 0.637 0.062 0
0 0.221 0.6485 0 0.10499999999999998
0 0.413 0.35450000000000004 0 0.173
0 0.413 0.567 0 0.07599999999999996
0 0.421 0.10400000000000001 0 0.134
0 0.445 0.10400000000000001 0 0.134
0 0.525 0.647 0 0.10199999999999998
0 0.661 0.7005 0 0.20900000000000007
3 0.2165 0.22675 0.319 0.38549999999999995
3 0.5355 0.22675 0.31899999999999995 0.38549999999999995
3 0.2165 0.61225 0.319 0.38550000000000006
3 0.5355 0.61225 0.31899999999999995 0.38550000000000006