0 0.3745 0.445 0.23099999999999998 0
0 0.44 0.35150000000000003 0 0.14499999999999996
0 0.485 0.7605 0 0.127
0 0.029 0.2235 0 0.08900000000000002
0 0.029 0.49550000000000005 0 0.067
0 0.029 0.7144999999999999 0 0.21099999999999997
0 0.037 0.6365 0 0.135
0 0.037 0.7629999999999999 0 0.11599999999999999
0 0.365 0.745 0 0.05800000000000005
1 0.033 0.549 0.040792156108742275 0.05
2 0.3745 0.445 0.035 0.05
3 0.14425000000000002 0.34024999999999994 0.2305 0.32249999999999995
3 0.37475 0.34024999999999994 0.23049999999999998 0.32249999999999995
3 0.14425000000000002 0.66275 0.2305 0.3225
3 0.37475 0.66275 0.23049999999999998 0.3225