0 0.50409375 0.324 0 0.384
0 0.58225 0.1985 0 0.133
0 0.132 0.212 0.05800000000000001 0
0 0.6659999999999999 0.212 0.06999999999999995 0
0 0.6275 0.252 0.1070000000000001 0
0 0.704125 0.22100000000000003 0 0.11000000000000001
0 0.1405 0.292 0.04100000000000001 0
0 0.126 0.332 0.046 0
0 0.6779999999999999 0.332 0.04999999999999993 0
0 0.1043125 0.4405 0 0.137
0 0.1535 0.372 0.044999999999999984 0
0 0.134 0.452 0.06200000000000001 0
0 0.74375 0.5515 0 0.23100000000000004
0 0.14250000000000002 0.532 0.04100000000000001 0
0 0.627 0.532 0.050000000000000044 0
0 0.77 0.532 0.08599999999999997 0
0 0.1255 0.572 0.045 0
0 0.773 0.612 0.062000000000000055 0
0 0.90675 0.6375 0 0.051000000000000045
0 0.5015000000000001 0.652 0.797 0
0 0.10475 0.675 0 0.061999999999999944
0 0.6134999999999999 0.692 0.22699999999999998 0
0 0.5509999999999999 0.732 0.07599999999999996 0
0 0.6185 0.711 0 0.04200000000000004
0 0.7010000000000001 0.732 0.06599999999999995 0
0 0.104 0.268 0 0.13
0 0.104 0.5755 0 0.07299999999999995
0 0.144 0.2865 0 0.09700000000000003
0 0.144 0.62 0 0.17599999999999993
0 0.224 0.6375 0 0.04500000000000004
0 0.264 0.6355 0 0.041000000000000036
0 0.304 0.636 0 0.04600000000000004
0 0.464 0.64 0 0.040000000000000036
0 0.504 0.6639999999999999 0 0.08399999999999996
0 0.544 0.6785 0 0.14900000000000002
0 0.584 0.6875 0 0.131
0 0.624 0.26049999999999995 0 0.044999999999999984
0 0.664 0.20450000000000002 0 0.139
0 0.664 0.364 0 0.06
0 0.704 0.40549999999999997 0 0.046999999999999986
0 0.704 0.6575 0 0.11099999999999999
0 0.784 0.625 0 0.05400000000000005
0 0.824 0.642 0 0.040000000000000036
0 0.904 0.256 0 0.04400000000000001
0 0.944 0.63 0 0.05600000000000005
1 0.14 0.352 0.043863424398922615 0.05
1 0.10415625 0.524 0.030001627560017473 0.05
1 0.723875 0.5245 0.040361646398530376 0.05
1 0.104375 0.6225 0.03200878785583734 0.05
1 0.684 0.388 0.0417612260356422 0.05
3 0.31325 0.28725 0.4205 0.3105
3 0.7337499999999999 0.28725 0.4205 0.3105
3 0.31325 0.59775 0.4205 0.3105
3 0.7337499999999999 0.59775 0.4205 0.3105