0 0.2495 0.243 0.10899999999999999 0
0 0.5235000000000001 0.283 0.04700000000000004 0
0 0.617 0.283 0.06400000000000006 0
0 0.377 0.323 0.5760000000000001 0
0 0.09225 0.33199999999999996 0 0.062
0 0.1775 0.363 0.093 0
0 0.619 0.363 0.1120000000000001 0
0 0.168 0.403 0.108 0
0 0.32975 0.448 0 0.08999999999999997
0 0.49 0.403 0.064 0
0 0.65 0.403 0.04600000000000004 0
0 0.193 0.443 0.04799999999999999 0
0 0.5940000000000001 0.443 0.16200000000000003 0
0 0.159 0.483 0.08999999999999998 0
0 0.497 0.483 0.040000000000000036 0
0 0.6355 0.483 0.06700000000000006 0
0 0.2435 0.523 0.149 0
0 0.501 0.49150000000000005 0 0.063
0 0.6345000000000001 0.523 0.06500000000000006 0
0 0.1665 0.563 0.105 0
0 0.498 0.583 0 0.040000000000000036
0 0.6375 0.563 0.07100000000000006 0
0 0.2285 0.603 0.07100000000000001 0
0 0.5905 0.603 0.27099999999999996 0
0 0.2305 0.643 0.07900000000000001 0
0 0.65 0.643 0.04600000000000004 0
0 0.2275 0.683 0.07300000000000001 0
0 0.722 0.683 0.19399999999999995 0
0 0.23600000000000002 0.723 0.09000000000000002 0
0 0.74 0.6995 0 0.04699999999999993
0 0.09175 0.7845 0 0.04300000000000004
0 0.2305 0.763 0.09300000000000003 0
0 0.47 0.763 0.09200000000000003 0
0 0.20450000000000002 0.803 0.07099999999999998 0
0 0.481 0.803 0.09800000000000003 0
0 0.229 0.843 0.07600000000000001 0
0 0.497 0.843 0.18999999999999995 0
0 0.234 0.883 0.09000000000000002 0
0 0.2325 0.923 0.09300000000000003 0
0 0.65 0.923 0.04600000000000004 0
0 0.3305 0.963 0.33499999999999996 0
0 0.6174999999999999 0.963 0.08700000000000008 0
0 0.20400000000000001 1.003 0.05200000000000002 0
0 0.29700000000000004 1.003 0.055999999999999994 0
0 0.478 1.003 0.20199999999999996 0
0 0.655 1.003 0.08999999999999997 0
0 0.223 1.043 0.20400000000000001 0
0 0.5555 1.043 0.07299999999999995 0
0 0.09275 1.113 0 0.07399999999999984
0 0.188 1.083 0.122 0
0 0.3895 1.083 0.10499999999999998 0
0 0.5449999999999999 1.083 0.08999999999999997 0
0 0.617875 1.1164999999999998 0 0.06699999999999995
0 0.295 1.123 0.41200000000000003 0
0 0.5925 1.123 0.041000000000000036 0
0 0.7809999999999999 1.123 0.07599999999999996 0
0 0.094 0.9570000000000001 0 0.06599999999999995
0 0.134 0.3335 0 0.065
0 0.134 1.0045 0 0.06300000000000006
0 0.174 0.43100000000000005 0 0.26000000000000006
0 0.174 0.9510000000000001 0 0.04599999999999993
0 0.174 1.041 0 0.052000000000000046
0 0.214 0.6765 0 0.9469999999999998
0 0.254 0.7264999999999999 0 0.07500000000000007
0 0.254 0.8454999999999999 0 0.06300000000000006
0 0.254 0.9505 0 0.06699999999999995
0 0.254 1.095 0 0.10999999999999988
0 0.334 0.32399999999999995 0 0.04199999999999998
0 0.334 0.974 0 0.09199999999999997
0 0.374 0.32499999999999996 0 0.03999999999999998
0 0.374 0.9670000000000001 0 0.138
0 0.374 1.1175 0 0.06499999999999995
0 0.414 0.32799999999999996 0 0.04199999999999998
0 0.414 0.9804999999999999 0 0.10499999999999987
0 0.414 1.1145 0 0.07099999999999995
0 0.454 0.33399999999999996 0 0.05399999999999999
0 0.454 0.833 0 0.08599999999999997
0 0.454 0.9784999999999999 0 0.09699999999999986
0 0.454 1.1099999999999999 0 0.07999999999999985
0 0.494 0.313 0 0.04600000000000004
0 0.494 0.7825 0 0.06499999999999995
0 0.494 0.9795 0 0.09899999999999987
0 0.494 1.1204999999999998 0 0.05899999999999994
0 0.534 0.3255 0 0.10899999999999999
0 0.534 0.827 0 0.07399999999999995
0 0.534 0.9824999999999999 0 0.10499999999999987
0 0.574 0.3375 0 0.061
0 0.574 0.9015 0 0.4969999999999999
0 0.614 0.328 0 0.11399999999999999
0 0.614 0.523 0 0.15999999999999998
0 0.614 0.988 0 0.04800000000000004
0 0.654 0.5075 0 0.40099999999999997
0 0.654 0.986 0 0.04800000000000004
0 0.654 1.1225 0 0.05499999999999994
0 0.694 0.696 0 0.039999999999999925
0 0.694 1.1099999999999999 0 0.07999999999999985
0 0.734 1.1099999999999999 0 0.07999999999999985
0 0.774 0.696 0 0.039999999999999925
0 0.774 1.093 0 0.11399999999999988
0 0.814 0.696 0 0.039999999999999925
0 0.814 1.124 0 0.051999999999999824
1 0.566 0.283 0.038 0.05
1 0.5175 0.423 0.041 0.05
1 0.576 0.463 0.04019950248448356 0.05
1 0.4995 0.543 0.04011234224026316 0.05
1 0.519 0.983 0.04031128874149274 0.05
1 0.2495 1.003 0.039 0.05
1 0.5945 1.003 0.031 0.05
1 0.331 1.063 0.0417612260356422 0.05
1 0.581 1.103 0.043863424398922615 0.05
1 0.114 0.9815 0.04346262762420146 0.05
1 0.254 0.897 0.04 0.05
1 0.454 1.0485 0.043 0.05
3 0.2715 0.43975 0.365 0.4735
3 0.6365 0.43975 0.36499999999999994 0.4735
3 0.2715 0.9132499999999999 0.365 0.4734999999999999
3 0.6365 0.9132499999999999 0.36499999999999994 0.4734999999999999