0 0.452 0.565 0.14800000000000002 0
0 0.525625 0.6355 0 0.061000000000000054
0 1.177 0.605 0.040000000000000036 0
0 0.314 0.645 0.38 0
0 0.9345 0.645 0.18300000000000005 0
0 0.6465 0.685 0.829 0
0 0.2565 0.725 0.049000000000000016 0
0 0.1248125 0.8115 0 0.10299999999999998
0 0.254 0.765 0.04400000000000001 0
0 0.2595 0.805 0.05699999999999997 0
0 0.3225 0.8260000000000001 0 0.041999999999999926
0 0.2585 0.845 0.052999999999999964 0
0 0.258 0.885 0.05199999999999996 0
0 0.26 0.925 0.05199999999999996 0
0 0.20299999999999999 0.965 0.15799999999999997 0
0 0.254 1.005 0.048000000000000015 0
0 0.2605 1.045 0.052999999999999964 0
0 1.565 1.045 0.1359999999999999 0
0 1.703 1.045 0.040000000000000036 0
0 0.261 1.085 0.053999999999999965 0
0 0.259 1.125 0.04999999999999996 0
0 0.256 1.165 0.05199999999999996 0
0 0.7285 1.1675 0 0.04300000000000015
0 0.26249999999999996 1.205 0.05499999999999999 0
0 0.262 1.245 0.055999999999999966 0
0 0.26349999999999996 1.285 0.056999999999999995 0
0 0.601 1.285 0.04200000000000004 0
0 0.6446875 1.3929999999999998 0 0.236
0 0.269 1.325 0.07399999999999998 0
0 0.524 1.2985 0 0.052999999999999936
0 0.606 1.3065 0 0.04300000000000015
0 0.6639999999999999 1.325 0.04799999999999993 0
0 0.259 1.365 0.055999999999999966 0
0 0.259 1.405 0.04999999999999996 0
0 0.259 1.445 0.04799999999999999 0
0 0.823 1.445 0.05599999999999994 0
0 0.88225 1.4620000000000002 0 0.04200000000000004
0 0.27149999999999996 1.485 0.069 0
0 0.477 1.485 0.09200000000000003 0
0 0.2615 1.525 0.05899999999999997 0
0 0.3645625 1.5550000000000002 0 0.06600000000000006
0 0.265 1.565 0.06 0
0 0.261 1.605 0.04799999999999999 0
0 0.5285 1.627 0 0.04400000000000004
0 0.685875 1.635 0 0.06000000000000005
0 0.264 1.645 0.06599999999999998 0
0 0.4815 1.6345 0 0.052999999999999936
0 0.266 1.685 0.055999999999999994 0
0 0.26449999999999996 1.725 0.05299999999999999 0
0 1.79 1.725 0.14000000000000012 0
0 0.46299999999999997 1.765 0.44999999999999996 0
0 1.685625 1.775 0 0.04600000000000004
0 0.293 1.805 0.10999999999999999 0
0 0.364875 1.808 0 0.09600000000000009
0 0.60365625 1.8205 0 0.123
0 1.6225 1.805 0.050999999999999934 0
0 1.80375 1.814 0 0.04800000000000004
0 0.27449999999999997 1.845 0.07300000000000001 0
0 1.3775 1.845 0.08499999999999996 0
0 1.487 1.845 0.062000000000000055 0
0 1.6065 1.845 0.050999999999999934 0
0 1.73 1.845 0.1259999999999999 0
0 0.28 1.885 0.08400000000000002 0
0 0.365 1.9055 0 0.040999999999999925
0 0.6485 1.8475000000000001 0 0.07499999999999996
0 1.627 1.885 0.05600000000000005 0
0 0.27449999999999997 1.925 0.07500000000000001 0
0 1.206125 1.9460000000000002 0 0.08600000000000008
0 0.27249999999999996 1.965 0.069 0
0 0.7248125 2.0135 0 0.11500000000000021
0 1.8035 2.2755 0 0.7370000000000001
0 0.269 2.005 0.07799999999999999 0
0 0.38749999999999996 2.005 0.07100000000000001 0
0 0.286 2.045 0.12599999999999997 0
0 0.272 2.085 0.068 0
0 0.27649999999999997 2.125 0.07700000000000001 0
0 1.4595 2.125 0.10499999999999998 0
0 0.271 2.165 0.062 0
0 1.278 2.165 0.05799999999999983 0
0 0.267 2.205 0.055999999999999994 0
0 1.1995 2.205 0.04499999999999993 0
0 1.3625 2.2235 0 0.04499999999999993
0 0.2825 2.245 0.08700000000000002 0
0 0.3651875 2.2830000000000004 0 0.10000000000000009
0 0.509 2.245 0.05800000000000005 0
0 1.4104999999999999 2.245 0.04699999999999993 0
0 0.26849999999999996 2.285 0.063 0
0 0.40475 2.275 0 0.08000000000000007
0 0.274 2.325 0.068 0
0 0.269 2.365 0.057999999999999996 0
0 1.525875 2.403 0 0.07599999999999962
0 0.27 2.405 0.06 0
0 0.4355 2.405 0.049000000000000044 0
0 0.28900000000000003 2.445 0.09800000000000003 0
0 0.36396875 2.5125 0 0.2490000000000001
0 0.524234375 2.5469999999999997 0 0.20400000000000018
0 0.7915000000000001 2.445 0.21499999999999997 0
0 0.92625 2.436 0 0.04999999999999982
0 0.964875 2.436 0 0.04800000000000004
0 1.0025 2.4405 0 0.040999999999999925
0 1.1455000000000002 2.445 0.11499999999999999 0
0 0.268 2.485 0.055999999999999994 0
0 0.3246875 2.5075000000000003 0 0.1030000000000002
0 0.443671875 2.5540000000000003 0 0.18800000000000017
0 0.85225 2.46 0 0.04999999999999982
0 1.3633125 2.492 0 0.06599999999999984
0 0.3025 2.525 0.125 0
0 0.4835 2.568 0 0.1459999999999999
0 0.644875 2.5685000000000002 0 0.15300000000000002
0 0.27049999999999996 2.565 0.061 0
0 0.32775 2.602 0 0.07399999999999984
0 0.40375 2.597 0 0.07800000000000029
0 0.5665 2.6035 0 0.09299999999999997
0 0.6990000000000001 2.565 0.05999999999999994 0
0 0.85175 2.6035 0 0.07699999999999996
0 1.27 2.565 0.040000000000000036 0
0 1.3215 2.5999999999999996 0 0.09399999999999986
0 0.3025 2.605 0.161 0
0 0.657 2.605 0.47400000000000003 0
0 1.2355 2.605 0.15500000000000003 0
0 1.75 2.605 0.04400000000000004 0
0 0.5685 2.645 0.661 0
0 1.209 2.645 0.21999999999999997 0
0 0.4835 2.955 0 0.04800000000000004
0 0.204 0.655 0 0.05800000000000005
0 0.204 0.971 0 0.040000000000000036
0 0.244 1.7835 0 2.3129999999999997
0 0.284 0.8999999999999999 0 0.5479999999999999
0 0.284 1.4435 0 0.47699999999999987
0 0.284 2.031 0 0.6380000000000001
0 0.284 2.5175 0 0.2709999999999999
0 0.324 0.6525000000000001 0 0.05300000000000005
0 0.324 1.7745 0 0.040999999999999925
0 0.324 2.0365 0 0.05500000000000016
0 0.324 2.4055 0 0.04300000000000015
0 0.364 0.6515 0 0.051000000000000045
0 0.364 2.1185 0 0.06099999999999994
0 0.404 0.65 0 0.04600000000000004
0 0.404 1.7805 0 0.04700000000000015
0 0.404 2.0385 0 0.07699999999999996
0 0.404 2.496 0 0.06799999999999962
0 0.444 0.6515 0 0.05500000000000005
0 0.444 2.0135 0 0.04300000000000015
0 0.484 0.6535 0 0.05500000000000005
0 0.484 1.7725 0 0.040999999999999925
0 0.524 2.0065 0 0.050999999999999934
0 0.564 0.6455 0 0.04300000000000004
0 0.564 2.24 0 0.04400000000000004
0 0.564 2.3735 0 0.04300000000000015
0 0.564 2.481 0 0.09799999999999986
0 0.604 0.6565000000000001 0 0.05900000000000005
0 0.604 2.241 0 0.040000000000000036
0 0.604 2.5625 0 0.19899999999999984
0 0.644 0.646 0 0.040000000000000036
0 0.644 2.2424999999999997 0 0.040999999999999925
0 0.684 0.6555 0 0.061000000000000054
0 0.684 1.7505000000000002 0 0.04699999999999993
0 0.684 2.5095 0 0.3049999999999997
0 0.724 0.6565000000000001 0 0.061000000000000054
0 0.724 1.542 0 0.04800000000000004
0 0.724 2.6180000000000003 0 0.04599999999999982
0 0.764 2.606 0 0.09600000000000009
0 0.804 0.6595 0 0.06499999999999995
0 0.804 2.6189999999999998 0 0.050000000000000266
0 0.844 0.65 0 0.04600000000000004
0 0.844 1.4475 0 0.07100000000000017
0 0.884 0.651 0 0.050000000000000044
0 0.884 2.6175 0 0.04499999999999993
0 0.924 0.6485000000000001 0 0.04300000000000004
0 0.964 0.96 0 0.6659999999999999
0 0.964 1.37 0 0.09400000000000008
0 1.004 0.648 0 0.04600000000000004
0 1.044 2.1109999999999998 0 0.04200000000000026
0 1.124 2.6189999999999998 0 0.050000000000000266
0 1.164 1.984 0 0.06599999999999984
0 1.164 2.621 0 0.05400000000000027
0 1.204 2.0705 0 0.05900000000000016
0 1.204 2.1550000000000002 0 0.04200000000000026
0 1.204 2.4085 0 0.04899999999999993
0 1.204 2.602 0 0.08000000000000007
0 1.244 0.647 0 0.04600000000000004
0 1.244 2.6189999999999998 0 0.06399999999999961
0 1.284 0.644 0 0.040000000000000036
0 1.284 2.6155 0 0.10499999999999998
0 1.324 0.6445000000000001 0 0.041000000000000036
0 1.364 0.644 0 0.040000000000000036
0 1.444 0.643 0 0.040000000000000036
0 1.524 0.6515 0 0.061000000000000054
0 1.524 2.2584999999999997 0 0.04899999999999993
0 1.564 0.6505000000000001 0 0.05900000000000005
0 1.604 0.651 0 0.06000000000000005
0 1.644 0.6385000000000001 0 0.04300000000000004
0 1.644 1.8245 0 0.04700000000000015
0 1.684 0.6495 0 0.06300000000000006
0 1.684 2.617 0 0.07399999999999984
0 1.724 0.6515 0 0.061000000000000054
0 1.764 1.7355 0 0.10099999999999998
0 1.764 2.6135 0 0.04499999999999993
0 1.804 0.638 0 0.04400000000000004
0 1.804 1.74 0 0.04999999999999982
0 1.844 0.6545 0 0.06899999999999995
0 1.844 2.621 0 0.06400000000000006
1 0.631 1.305 0.043863424398922615 0.05
1 1.6648125 1.7995 0.04173296808279996 0.05
1 0.3649375 1.8705 0.02900026939530045 0.05
1 1.783875 1.7615 0.03995075093161579 0.05
1 1.438 1.845 0.036 0.05
1 0.33 2.005 0.044 0.05
1 0.32434375 2.4715 0.02900814810100776 0.05
1 0.403875 2.549 0.028001116049186325 0.05
1 0.56525 2.541 0.027115493725912498 0.05
1 0.4015 2.605 0.037 0.05
1 0.284 1.1895 0.031 0.05
1 0.284 1.697 0.03 0.05
1 0.284 2.366 0.032 0.05
1 0.384 2.0745 0.041484937025383084 0.05
1 0.564 2.4135 0.037 0.05
1 0.964 1.308 0.03 0.05
1 1.204 2.117 0.034 0.05
3 0.558 1.1684999999999999 0.868 1.207
3 1.4260000000000002 1.1684999999999999 0.8680000000000001 1.207
3 0.558 2.3755 0.868 1.207
3 1.4260000000000002 2.3755 0.8680000000000001 1.207