0 0.176375 0.3055 0 0.125
0 0.340875 0.28049999999999997 0 0.07500000000000001
0 1.21898046875 0.8105 0 1.1349999999999998
0 0.1625 0.283 0.127 0
0 0.259125 0.2825 0 0.061
0 0.48150000000000004 0.283 0.38700000000000007 0
0 0.69875 0.28500000000000003 0 0.08400000000000002
0 0.7815 0.283 0.07299999999999995 0
0 0.8995 0.283 0.09499999999999997 0
0 0.97825 0.29700000000000004 0 0.05399999999999999
0 1.2879999999999998 0.283 0.32400000000000007 0
0 0.4375 0.323 0.677 0
0 1.162 0.323 0.652 0
0 0.174 0.363 0.15 0
0 0.571 0.363 0.306 0
0 1.2025000000000001 0.363 0.04699999999999993 0
0 1.359 0.363 0.20199999999999996 0
0 0.1205 0.403 0.04299999999999998 0
0 0.422125 0.3765 0 0.11299999999999999
0 0.5235 0.403 0.10699999999999998 0
0 1.24 0.403 0.12199999999999989 0
0 1.4104999999999999 0.403 0.15500000000000003 0
0 0.342625 0.436 0 0.040000000000000036
0 0.422625 0.46950000000000003 0 0.05299999999999999
0 0.5369999999999999 0.443 0.12 0
0 1.2395 0.443 0.14900000000000002 0
0 1.3775 0.443 0.06499999999999995 0
0 1.4649999999999999 0.443 0.04600000000000004 0
0 0.123 0.483 0.041999999999999996 0
0 0.17878125 0.6635 0 0.361
0 0.4535 0.483 0.05299999999999999 0
0 0.5525 0.483 0.07299999999999995 0
0 1.226 0.483 0.09399999999999986 0
0 1.397 0.483 0.18199999999999994 0
0 0.122 0.523 0.045999999999999985 0
0 0.37375 0.501 0 0.04400000000000004
0 0.5135 0.523 0.12699999999999995 0
0 0.6193125 0.575 0 0.128
0 1.14025 0.5195000000000001 0 0.05300000000000005
0 1.1935 0.523 0.04700000000000015 0
0 1.3815 0.523 0.07299999999999995 0
0 0.1225 0.563 0.046999999999999986 0
0 0.220375 0.6699999999999999 0 0.21400000000000008
0 0.5435 0.563 0.08699999999999997 0
0 1.1389609375 0.9535 0 0.7810000000000001
0 1.33 0.563 0.31600000000000006 0
0 0.1555 0.603 0.11299999999999999 0
0 0.33825 0.7055 0 0.20500000000000007
0 0.472 0.603 0.19399999999999995 0
0 1.2635 0.603 0.22499999999999987 0
0 1.463 0.603 0.050000000000000044 0
0 0.1575 0.643 0.11699999999999999 0
0 0.4725 0.643 0.245 0
0 0.898625 0.6695 0 0.052999999999999936
0 1.098640625 0.8045 0 0.351
0 1.3005 0.643 0.375 0
0 0.16749999999999998 0.683 0.13699999999999998 0
0 0.3006875 0.7355 0 0.121
0 0.491 0.683 0.306 0
0 0.883 0.683 0.04800000000000004 0
0 0.9391015625 0.7955000000000001 0 0.255
0 1.2595 0.683 0.4570000000000001 0
0 0.358 0.723 0.518 0
0 0.8280000000000001 0.723 0.18400000000000005 0
0 1.2435 0.723 0.489 0
0 0.157 0.763 0.11599999999999999 0
0 0.44599999999999995 0.763 0.26599999999999996 0
0 0.7845 0.763 0.06099999999999994 0
0 1.2675 0.763 0.44100000000000006 0
0 0.14400000000000002 0.803 0.09 0
0 0.427 0.803 0.16400000000000003 0
0 0.57896875 0.7775000000000001 0 0.43699999999999994
0 0.792 0.803 0.07999999999999996 0
0 0.858625 0.9005000000000001 0 0.19499999999999995
0 0.899375 0.8425 0 0.09899999999999998
0 1.2605 0.803 0.45500000000000007 0
0 0.137 0.843 0.07599999999999998 0
0 0.21928125 0.8775 0 0.1369999999999999
0 0.33999999999999997 0.843 0.057999999999999996 0
0 0.383125 0.7424999999999999 0 0.271
0 0.45099999999999996 0.843 0.057999999999999996 0
0 0.53896484375 1.0354999999999999 0 0.44500000000000006
0 0.8035 0.843 0.18500000000000005 0
0 0.979375 0.9165 0 0.14700000000000002
0 1.0185625 0.866 0 0.07400000000000007
0 1.27 0.843 0.43599999999999994 0
0 0.14500000000000002 0.883 0.092 0
0 0.258875 1.0350000000000001 0 0.30400000000000005
0 0.397 0.883 0.20800000000000002 0
0 0.660125 0.8855 0 0.04500000000000004
0 0.8105 0.883 0.19100000000000006 0
0 0.9585 0.883 0.04499999999999993 0
0 1.2610000000000001 0.883 0.40000000000000013 0
0 0.1265 0.923 0.05499999999999999 0
0 0.46499999999999997 0.923 0.24799999999999994 0
0 0.8335 0.923 0.19900000000000007 0
0 1.279 0.923 0.4179999999999999 0
0 0.14450000000000002 0.963 0.091 0
0 0.312 0.963 0.06000000000000005 0
0 0.377375 0.9430000000000001 0 0.06399999999999995
0 0.4465 0.963 0.08899999999999997 0
0 0.5914999999999999 0.963 0.05700000000000005 0
0 0.792 0.963 0.15400000000000003 0
0 0.90175 0.9675 0 0.06699999999999984
0 1.2890000000000001 0.963 0.3979999999999999 0
0 0.123 1.003 0.04799999999999999 0
0 0.2275 1.003 0.09700000000000003 0
0 0.300375 0.9889999999999999 0 0.051999999999999935
0 0.3395625 1.084 0 0.21400000000000008
0 0.4535 1.003 0.139 0
0 0.5795 1.003 0.040999999999999925 0
0 0.7515000000000001 1.003 0.21299999999999997 0
0 0.9125000000000001 1.003 0.049000000000000044 0
0 1.313 1.003 0.3500000000000001 0
0 0.164 1.043 0.13 0
0 0.4385 1.043 0.041000000000000036 0
0 0.688 1.043 0.358 0
0 0.9395 1.043 0.04299999999999993 0
0 1.0575 1.0695000000000001 0 0.05300000000000016
0 1.2845 1.043 0.40700000000000003 0
0 0.22199999999999998 1.083 0.24599999999999997 0
0 0.625 1.083 0.5 0
0 1.2810000000000001 1.083 0.4139999999999999 0
0 0.5165000000000001 1.123 0.8350000000000001 0
0 1.2745 1.123 0.42700000000000005 0
0 0.1945 1.163 0.19099999999999998 0
0 0.35350000000000004 1.163 0.061 0
0 0.7015 1.163 0.5589999999999999 0
0 1.01775 1.25 0 0.20999999999999996
0 1.2765 1.163 0.42300000000000004 0
0 0.1804375 1.167 0 0.19799999999999995
0 0.21975 1.2155 0 0.04499999999999993
0 0.45865625 1.266 0 0.1459999999999999
0 0.9824999999999999 1.203 1.0110000000000001 0
0 0.10225 1.24 0 0.04999999999999982
0 0.556 1.243 0.20800000000000002 0
0 1.1015 1.243 0.773 0
0 0.418 1.3145 0 0.06300000000000017
0 0.498 1.256 0 0.07600000000000007
0 1.0145 1.283 0.947 0
0 0.37775 1.3504999999999998 0 0.05499999999999994
0 0.6759999999999999 1.323 0.22000000000000008 0
0 0.818 1.2645 0 0.16700000000000004
0 0.8985 1.2970000000000002 0 0.10399999999999987
0 1.2415 1.323 0.493 0
0 0.6755 1.363 0.18900000000000006 0
0 1.2745 1.363 0.42700000000000005 0
0 0.139 0.3315 0 0.177
0 0.139 0.8365 0 0.7690000000000001
0 0.179 0.9179999999999999 0 0.08199999999999996
0 0.219 0.322 0 0.14400000000000002
0 0.219 1.087 0 0.16599999999999993
0 0.259 0.394 0 0.08400000000000002
0 0.259 0.742 0 0.09800000000000009
0 0.259 1.266 0 0.06400000000000006
0 0.299 0.303 0 0.08799999999999997
0 0.299 1.103 0 0.10599999999999987
0 0.339 0.895 0 0.11399999999999999
0 0.379 0.2905 0 0.067
0 0.379 1.1364999999999998 0 0.17900000000000005
0 0.419 0.273 0 0.04999999999999999
0 0.419 0.774 0 0.404
0 0.419 1.125 0 0.1200000000000001
0 0.459 0.3005 0 0.11099999999999999
0 0.459 0.4155 0 0.044999999999999984
0 0.459 0.8565 0 0.6189999999999999
0 0.499 0.614 0 0.714
0 0.499 1.101 0 0.18999999999999995
0 0.539 0.5115000000000001 0 0.537
0 0.579 0.3895 0 0.29300000000000004
0 0.579 1.117 0 0.12199999999999989
0 0.579 1.2565 0 0.08299999999999996
0 0.619 0.2935 0 0.069
0 0.619 1.184 0 0.3879999999999999
0 0.659 0.2825 0 0.065
0 0.659 1.182 0 0.3919999999999999
0 0.699 1.158 0 0.386
0 0.739 0.274 0 0.062
0 0.739 0.9610000000000001 0 0.33999999999999997
0 0.739 1.1835 0 0.04499999999999993
0 0.739 1.2955 0 0.11499999999999999
0 0.779 0.273 0 0.06
0 0.779 0.7005 0 0.09299999999999997
0 0.779 1.0899999999999999 0 0.5759999999999998
0 0.819 0.28900000000000003 0 0.09200000000000003
0 0.819 0.8355 0 0.349
0 0.819 1.0979999999999999 0 0.11599999999999988
0 0.859 0.294 0 0.10199999999999998
0 0.859 0.7115 0 0.119
0 0.859 1.1705 0 0.2729999999999999
0 0.899 0.28700000000000003 0 0.08800000000000002
0 0.899 0.749 0 0.04400000000000004
0 0.899 1.1404999999999998 0 0.15100000000000002
0 0.939 0.2915 0 0.069
0 0.939 1.1215000000000002 0 0.10699999999999998
0 0.939 1.26 0 0.08999999999999986
0 0.979 1.09 0 0.040000000000000036
0 0.979 1.236 0 0.19200000000000017
0 1.059 0.29000000000000004 0 0.03999999999999998
0 1.059 0.792 0 0.19000000000000006
0 1.059 1.22 0 0.18599999999999994
0 1.099 0.2905 0 0.04899999999999999
0 1.099 1.225 0 0.3059999999999998
0 1.139 0.2995 0 0.05299999999999999
0 1.179 0.7925 0 1.0990000000000002
0 1.259 0.27449999999999997 0 0.063
0 1.259 0.4165 0 0.16099999999999998
0 1.259 0.9524999999999999 0 0.8509999999999999
0 1.299 0.28400000000000003 0 0.04999999999999999
0 1.299 0.863 0 1.0299999999999998
0 1.339 0.3095 0 0.10099999999999998
0 1.339 0.447 0 0.10799999999999998
0 1.339 0.9595 0 0.8369999999999999
0 1.379 0.33599999999999997 0 0.176
0 1.379 0.9175 0 0.9209999999999998
0 1.419 0.792 0 1.0979999999999999
0 1.459 0.3685 0 0.247
0 1.459 0.9515 0 0.8529999999999999
1 0.2590625 0.3325 0.03900020031999835 0.05
1 0.835 0.283 0.034 0.05
1 1.242 0.363 0.032 0.05
1 0.4005625 0.345 0.04331010996291744 0.05
1 1.317 0.403 0.032 0.05
1 0.3581875 0.4675 0.03870097705484966 0.05
1 0.4408125 0.4445 0.03671703453439561 0.05
1 0.512 0.463 0.04011234224026316 0.05
1 1.426 0.443 0.032 0.05
1 0.178890625 0.8605 0.03300072501570988 0.05
1 0.219828125 0.793 0.03201868656054617 0.05
1 0.338625 0.823 0.030009373535613837 0.05
1 0.8988125 0.7115 0.031002268062191838 0.05
1 0.92042578125 0.9285 0.038937632454881056 0.05
1 0.598984375 0.993 0.04047840135878022 0.05
1 0.8588125 0.825 0.03200219719019305 0.05
1 0.8588125 1.016 0.03600195307202097 0.05
1 0.38025 0.8945 0.03349720137563734 0.05
1 0.538982421875 0.7505 0.03300001872669036 0.05
1 0.2393125 1.19 0.039582390339644724 0.05
1 0.4355 0.943 0.04001249804748511 0.05
1 0.1845 0.983 0.041484937025383084 0.05
1 0.2605 0.983 0.04044749683231337 0.05
1 0.35846875 0.976 0.03786535562027643 0.05
1 0.541 1.003 0.036 0.05
1 1.05825 1.1115 0.03103626910567699 0.05
1 0.36 1.083 0.03 0.05
1 0.3065 1.163 0.033 0.05
1 0.403 1.163 0.038 0.05
1 0.120625 0.8585 0.03723657476191923 0.05
1 0.8185 1.194 0.02501999200639361 0.05
1 0.89875 1.207 0.029004310024546353 0.05
1 0.139 0.436 0.032 0.05
1 0.459 0.3745 0.037 0.05
1 0.579 1.1965 0.037 0.05
1 0.739 1.146 0.03 0.05
1 0.739 1.222 0.032 0.05
1 0.979 1.125 0.03 0.05
1 1.319 0.8185 0.0417612260356422 0.05
1 1.459 0.5085 0.033 0.05
3 0.44625 0.52675 0.6945 0.5675
3 1.14075 0.52675 0.6945 0.5675
3 0.44625 1.09425 0.6945 0.5674999999999999
3 1.14075 1.09425 0.6945 0.5674999999999999