0 0.923 0.158 0.08599999999999997 0
0 0.9335 0.278 0.07499999999999996 0
0 0.753 0.3105 0 0.04300000000000004
0 0.90525 0.38549999999999995 0 0.05499999999999999
0 0.98925 0.39549999999999996 0 0.07500000000000001
0 1.0285 0.378 0 0.040000000000000036
0 0.927 0.398 0.061999999999999944 0
0 0.189375 0.528 0 0.11199999999999999
0 0.7895 0.494 0 0.05399999999999999
0 0.954 0.4995 0 0.04300000000000004
0 0.352875 0.544 0 0.06599999999999995
0 0.9019999999999999 0.518 0.15000000000000002 0
0 0.22875 0.5449999999999999 0 0.06799999999999995
0 0.42775 0.5495 0 0.07699999999999996
0 0.509125 0.5455 0 0.06899999999999995
0 0.78925 0.5825 0 0.04499999999999993
0 0.312375 0.631 0 0.08000000000000007
0 0.864 0.638 0.05600000000000005 0
0 0.11 0.528 0 0.05600000000000005
0 0.39 0.5345 0 0.04700000000000004
0 0.87 0.2465 0 0.06300000000000003
1 0.789375 0.5405 0.03900080127382 0.05
1 0.332625 0.584 0.04285148772213166 0.05
3 0.339625 0.28625 0.45925000000000005 0.25649999999999995
3 0.798875 0.28625 0.45924999999999994 0.25649999999999995
3 0.339625 0.5427500000000001 0.45925000000000005 0.25650000000000006
3 0.798875 0.5427500000000001 0.45924999999999994 0.25650000000000006