0 0.02475 0.1495 0 0.09300000000000001
0 0.143 0.127 0 0.048
0 0.165 0.143 0.05399999999999999 0
0 0.055999999999999994 0.183 0.064 0
0 0.22825 0.387 0 0.39799999999999996
0 0.26378125 0.268 0 0.15999999999999998
0 0.066 0.303 0.08399999999999999 0
0 0.2255 0.303 0.04899999999999999 0
0 0.2455 0.343 0.04500000000000001 0
0 0.3441875 0.43799999999999994 0 0.296
0 0.261875 0.4105 0 0.05499999999999999
0 0.058499999999999996 0.463 0.065 0
0 0.261 0.5025000000000001 0 0.07900000000000001
0 0.3 0.47450000000000003 0 0.056999999999999995
0 0.27849999999999997 0.543 0.04299999999999998 0
0 0.226 0.583 0.288 0
0 0.064 0.2925 0 0.044999999999999984
0 0.104 0.544 0 0.08399999999999996
1 0.262828125 0.3655 0.03505187283245362 0.05
1 0.2614375 0.4505 0.025015307813416966 0.05
3 0.1105 0.22374999999999998 0.17300000000000001 0.2415
3 0.2835 0.22374999999999998 0.173 0.2415
3 0.1105 0.46524999999999994 0.17300000000000001 0.2415
3 0.2835 0.46524999999999994 0.173 0.2415