0 1.1645 0.485 0.10899999999999999 0
0 1.5675 0.705 0.21100000000000008 0
0 0.137 1.22 0.12200000000000001 0
0 0.43700000000000006 1.22 0.24000000000000005 0
0 0.2645 1.23 0.10500000000000001 0
0 0.815 0.7395 0 0.10899999999999999
0 0.815 0.965 0 0.11999999999999988
0 0.93 0.875 0 0.3799999999999999
0 0.995 0.9670000000000001 0 0.20200000000000007
0 0.4065 0.301 0.07500000000000001 0
0 0.4065 0.389 0.07500000000000001 0
0 0.1395 0.461 0.12300000000000001 0
0 0.6465 0.461 0.7329999999999999 0
0 1.154 0.461 0.1260000000000001 0
0 0.14 0.485 0.12400000000000001 0
0 0.6465 0.485 0.7329999999999999 0
0 0.3675 0.685 0.5750000000000001 0
0 0.7949999999999999 0.685 0.122 0
0 1.3165 0.685 0.08899999999999997 0
0 1.57 0.685 0.21399999999999997 0
0 1.8325 0.685 0.09699999999999998 0
0 0.786 0.709 0.14 0
0 1.3165 0.709 0.08899999999999997 0
0 1.8325 0.709 0.09699999999999998 0
0 0.9145 0.717 0.050999999999999934 0
0 0.8414999999999999 0.813 0.05300000000000005 0
0 0.132 0.885 0.106 0
0 0.309 0.885 0.14 0
0 0.41100000000000003 0.885 0.05399999999999999 0
0 0.9625 0.917 0.06699999999999995 0
0 0.41900000000000004 0.941 0.062 0
0 0.41200000000000003 0.965 0.055999999999999994 0
0 1.1 0.989 0.2300000000000001 0
0 1.8159999999999998 0.989 0.13000000000000012 0
0 1.8155000000000001 1.013 0.131 0
0 1.358 1.021 0.17199999999999993 0
0 1.5335 1.021 0.07099999999999995 0
0 0.40549999999999997 1.037 0.07700000000000001 0
0 0.9625 1.077 0.06699999999999995 0
0 0.40249999999999997 1.213 0.07300000000000001 0
0 1.0625 1.221 0.30500000000000005 0
0 1.5275 1.325 0.08099999999999996 0
0 1.4889999999999999 1.349 0.15999999999999992 0
0 0.101 0.393 0 0.182
0 0.101 0.7529999999999999 0 0.13
0 0.101 1.062 0 0.388
0 0.149 0.8220000000000001 0 0.12
0 0.181 0.5015000000000001 0 0.07500000000000001
0 0.205 0.5025000000000001 0 0.07300000000000001
0 0.277 0.5015000000000001 0 0.07500000000000001
0 0.301 0.5015000000000001 0 0.07500000000000001
0 0.429 0.38549999999999995 0 0.197
0 0.925 0.7709999999999999 0 0.16600000000000004
0 0.925 1.2015 0 0.07699999999999996
0 0.981 1.0030000000000001 0 0.17199999999999993
0 0.989 0.501 0 0.07400000000000001
0 1.013 0.5015000000000001 0 0.07500000000000001
0 1.085 0.503 0 0.07200000000000001
0 1.109 0.5025000000000001 0 0.07300000000000001
0 1.197 0.39549999999999996 0 0.181
0 1.197 0.74 0 0.10400000000000009
0 1.197 0.967 0 0.19199999999999995
0 1.197 1.1965 0 0.119
0 1.221 0.39449999999999996 0 0.179
0 1.269 1.0195 0 0.6669999999999999
0 1.293 1.02 0 0.668
0 1.413 1.259 0 0.19000000000000017
0 1.429 1.259 0 0.13800000000000012
0 1.485 1.3175 0 0.07300000000000018
0 1.493 1.112 0 0.09999999999999987
0 1.509 1.3175 0 0.07300000000000018
0 1.533 1.3175 0 0.07300000000000018
0 1.541 1.248 0 0.05799999999999983
0 1.549 0.796 0 0.21999999999999997
0 1.565 1.173 0 0.3620000000000001
0 1.861 0.736 0 0.09999999999999998
0 1.861 0.9710000000000001 0 0.08199999999999996
1 0.8725 0.713 0.033955853692699295 0.05
1 1.525 1.2865 0.0322490309931942 0.05
2 0.93 0.8116666666666666 0.035 0.05
2 0.93 0.9383333333333332 0.035 0.05
2 0.995 0.967 0.035 0.05
3 0.52725 0.55375 0.9025000000000001 0.5335000000000001
3 1.42975 0.55375 0.9025 0.5335000000000001
3 0.52725 1.08725 0.9025000000000001 0.5335000000000001
3 1.42975 1.08725 0.9025 0.5335000000000001