0 0.871 0.356 0 0.057999999999999996
0 0.90775 0.371 0 0.057999999999999996
0 0.943 0.36750000000000005 0 0.05099999999999999
0 0.5825 0.382 0.5249999999999999 0
0 1.004 0.382 0.06599999999999995 0
0 1.3185 0.382 0.22299999999999986 0
0 0.15025 0.44099999999999995 0 0.066
0 0.675 0.422 0.041999999999999926 0
0 1.2688125 0.4405 0 0.14300000000000002
0 0.1125 0.442 0 0.040000000000000036
0 0.2355 0.462 0.17500000000000002 0
0 0.501 0.462 0.066 0
0 1.095 0.462 0.06599999999999984 0
0 1.2675 0.462 0.06499999999999995 0
0 0.19275 0.492 0 0.07
0 0.2305 0.5165 0 0.11899999999999994
0 0.5874999999999999 0.502 0.049000000000000044 0
0 0.7045 0.502 0.04499999999999993 0
0 0.6890000000000001 0.542 0.041999999999999926 0
0 1.324 0.542 0.04400000000000004 0
0 0.253 0.582 0.168 0
0 0.6855 0.582 0.11099999999999999 0
0 0.352625 0.6465 0 0.119
0 0.827875 0.62 0 0.06600000000000006
0 0.32999999999999996 0.662 0.07 0
0 1.2995 0.662 0.129 0
0 0.309 0.702 0.08399999999999996 0
0 0.8365 0.702 0.041000000000000036 0
0 1.03 0.702 0.07600000000000007 0
0 1.3805 0.702 0.04499999999999993 0
0 1.432625 0.714 0 0.05599999999999994
0 0.267125 0.731 0 0.08400000000000007
0 0.8035 0.742 0.19300000000000006 0
0 1.2429999999999999 0.742 0.05800000000000005 0
0 1.38725 0.7455 0 0.041000000000000036
0 0.312125 0.771 0 0.04400000000000004
0 1.3235000000000001 0.822 0.07300000000000018 0
0 0.3055 0.862 0.07699999999999996 0
0 1.31225 0.872 0 0.062000000000000055
0 0.323 0.902 0.040000000000000036 0
0 0.9914999999999999 0.902 0.05499999999999994 0
0 1.1724999999999999 0.902 0.14300000000000002 0
0 1.609 0.902 0.052000000000000046 0
0 0.3495 0.9279999999999999 0 0.14
0 1.5115 0.9315 0 0.09099999999999997
0 1.482 1.022 0.08000000000000007 0
0 0.7915 1.062 0.19700000000000006 0
0 0.492 1.102 0.09000000000000002 0
0 1.3045 1.102 0.06300000000000017 0
0 1.482 1.182 0.08000000000000007 0
0 0.5589999999999999 1.222 0.08999999999999997 0
0 0.353 1.262 0.066 0
0 0.7045 1.262 0.347 0
0 1.326 1.262 0.6180000000000001 0
0 0.1105 1.3545 0 0.2610000000000001
0 1.1955 1.302 0.133 0
0 0.146375 1.379 0 0.07399999999999984
0 0.392 1.342 0.045999999999999985 0
0 0.7595000000000001 1.342 0.05500000000000005 0
0 1.151 1.3565 0 0.07499999999999996
0 0.6134999999999999 1.382 0.06700000000000006 0
0 1.1564999999999999 1.382 0.05499999999999994 0
0 0.679 1.422 0.126 0
0 0.269 0.8325 0 0.05499999999999994
0 0.309 0.5005000000000001 0 0.08700000000000002
0 0.309 0.685 0 0.05399999999999994
0 0.309 0.8745 0 0.04700000000000004
0 0.389 1.4495 0 0.07100000000000017
0 0.469 1.0565 0 0.04499999999999993
0 0.469 1.2355 0 0.04499999999999993
0 0.509 1.068 0 0.06800000000000006
0 0.549 0.487 0 0.066
0 0.629 0.9450000000000001 0 0.06799999999999995
0 0.709 0.39149999999999996 0 0.044999999999999984
0 0.709 0.513 0 0.12599999999999995
0 0.749 0.36 0 0.057999999999999996
0 0.789 0.355 0 0.04799999999999999
0 1.109 0.6805 0 0.11499999999999999
0 1.109 0.9315 0 0.08299999999999996
0 1.109 1.0385 0 0.05900000000000016
0 1.149 1.26 0 0.04999999999999982
0 1.149 1.4565000000000001 0 0.05700000000000016
0 1.309 0.455 0 0.17200000000000004
0 1.349 0.5589999999999999 0 0.041999999999999926
0 1.349 0.6739999999999999 0 0.118
0 1.629 0.504 0 0.14199999999999996
1 1.361 0.682 0.04044749683231337 0.05
1 0.2680625 0.789 0.03205488457318167 0.05
1 0.3105625 0.7255 0.03713173339611282 0.05
1 1.15 1.3145 0.03405877273185281 0.05
1 1.15 1.411 0.03405877273185281 0.05
1 0.289 0.8555 0.041 0.05
1 0.709 0.432 0.036 0.05
1 0.729 0.3725 0.044721359549995794 0.05
1 1.109 0.991 0.036 0.05
1 1.329 0.5395 0.04011234224026316 0.05
1 1.349 0.5975 0.035 0.05
3 0.49162500000000003 0.6165 0.76225 0.579
3 1.253875 0.6165 0.76225 0.579
3 0.49162500000000003 1.1955 0.76225 0.5790000000000001
3 1.253875 1.1955 0.76225 0.5790000000000001