0 0.0945 0.27349999999999997 0 0.175
0 0.93375 0.3025 0 0.23299999999999998
0 0.4595 0.226 0.07100000000000001 0
0 0.35850000000000004 0.266 0.067 0
0 0.45399999999999996 0.306 0.06 0
0 0.1295 0.346 0.07100000000000001 0
0 0.49453125 0.435 0 0.09799999999999998
0 0.597 0.426 0.34600000000000003 0
0 0.096875 0.762 0 0.5920000000000001
0 0.6795 0.466 0.16700000000000004 0
0 0.2528125 0.5569999999999999 0 0.10199999999999998
0 0.42225 0.5325 0 0.05300000000000005
0 0.16699999999999998 0.546 0.146 0
0 0.48650000000000004 0.546 0.34500000000000003 0
0 1.0425 0.546 0.121 0
0 0.39549999999999996 0.586 0.065 0
0 0.372875 0.604 0 0.06600000000000006
0 0.40700000000000003 0.666 0.04199999999999998 0
0 0.5085000000000001 0.666 0.10100000000000003 0
0 0.657125 0.706 0 0.07999999999999996
0 0.9734999999999999 0.666 0.06299999999999994 0
0 0.73325 0.784 0 0.19799999999999995
0 0.9225 0.706 0.04499999999999993 0
0 0.8945 0.742 0 0.04600000000000004
0 0.892125 0.8220000000000001 0 0.07199999999999995
0 0.9075 0.826 0.04500000000000004 0
0 0.9355625 0.8705 0 0.06500000000000006
0 1.171 0.946 0.10199999999999987 0
0 0.868 0.986 0.15799999999999992 0
0 1.117 0.986 0.20199999999999996 0
0 0.1775 1.026 0.10900000000000001 0
0 0.174 0.534 0 0.050000000000000044
0 0.294 0.556 0 0.09399999999999997
0 0.414 0.859 0 0.398
0 0.454 0.2145 0 0.05099999999999999
0 0.454 0.29600000000000004 0 0.04999999999999999
0 0.494 0.6675 0 0.05899999999999994
0 0.534 0.39 0 0.04999999999999999
0 0.534 0.6685 0 0.050999999999999934
0 0.534 1.0190000000000001 0 0.07800000000000007
0 0.574 0.47 0 0.12600000000000006
0 0.614 0.47550000000000003 0 0.13700000000000007
0 0.614 0.644 0 0.050000000000000044
0 0.614 1 0 0.05799999999999994
0 0.654 0.47750000000000004 0 0.10700000000000004
0 0.694 0.469 0 0.11000000000000004
0 0.694 0.662 0 0.04800000000000004
0 0.774 0.907 0 0.040000000000000036
0 0.814 0.8535 0 0.10299999999999998
0 0.894 0.6665 0 0.04299999999999993
0 1.014 0.6365000000000001 0 0.04300000000000004
0 1.134 0.97 0 0.04800000000000004
0 1.174 0.967 0 0.050000000000000044
0 1.214 0.9644999999999999 0 0.04500000000000004
1 0.443 0.666 0.03 0.05
1 0.6355625 0.6825 0.043229221887514935 0.05
1 0.9525 0.686 0.04011234224026316 0.05
1 0.713625 0.7605 0.03926273678693323 0.05
1 0.753625 0.885 0.040945848385398 0.05
1 0.89425 0.705 0.03100403199585499 0.05
1 0.454 0.2555 0.031 0.05
1 0.554 0.411 0.040792156108742275 0.05
3 0.376 0.404 0.5640000000000001 0.436
3 0.94 0.404 0.564 0.436
3 0.376 0.8400000000000001 0.5640000000000001 0.43600000000000005
3 0.94 0.8400000000000001 0.564 0.43600000000000005