0 0.4405 1.155 0.41300000000000003 0
0 0.758 1.375 0.18199999999999994 0
0 0.26 1.067 0 0.29799999999999993
0 1.06 0.671 0 0.38
0 1.185 0.5555 0 0.14900000000000002
0 1.26 1.3410000000000002 0 0.276
0 1.275 0.44300000000000006 0 0.21800000000000003
0 0.869 0.996 0 0.19600000000000006
2 0.37166666666666665 1.155 0.035 0.05
2 0.5093333333333333 1.155 0.035 0.05
2 0.758 1.375 0.035 0.05
2 1.06 0.6076666666666666 0.035 0.05
2 1.06 0.7343333333333333 0.035 0.05
3 0.49424999999999997 0.62025 0.5205 0.5725
3 1.0147499999999998 0.62025 0.5205 0.5725
3 0.49424999999999997 1.19275 0.5205 0.5725000000000001
3 1.0147499999999998 1.19275 0.5205 0.5725000000000001