0 0.9135 0.315 0.277 0
0 1.1099999999999999 0.355 0.050000000000000044 0
0 0.151 0.435 0.136 0
0 1.105 0.435 0.040000000000000036 0
0 0.08525 0.45799999999999996 0 0.066
0 1.165 0.475 0.16199999999999992 0
0 0.173 0.555 0.094 0
0 1.105 0.555 0.040000000000000036 0
0 0.143 0.635 0.059999999999999984 0
0 0.11649999999999999 0.675 0.056999999999999995 0
0 0.32275 0.6625 0 0.08499999999999996
0 0.26 0.715 0.06199999999999997 0
0 0.2335 0.755 0.301 0
0 0.1285 0.795 0.047 0
0 0.17125 0.823 0 0.136
0 0.532 0.795 0.06999999999999995 0
0 0.13999999999999999 0.835 0.06999999999999999 0
0 0.13949999999999999 0.875 0.071 0
0 0.23500000000000001 0.915 0.068 0
0 1.108 0.915 0.050000000000000044 0
0 0.4425 0.9505 0 0.05899999999999994
0 0.561 0.95 0 0.05399999999999994
0 1.105 0.995 0.040000000000000036 0
0 0.2885 1.035 0.067 0
0 1.1065 1.035 0.04499999999999993 0
0 0.298 1.075 0.158 0
0 0.218 1.195 0.26999999999999996 0
0 0.4005 1.226 0 0.06199999999999983
0 0.442375 1.2475 0 0.08299999999999996
0 1.1105 1.235 0.052999999999999936 0
0 0.256 1.275 0.07999999999999999 0
0 0.324375 1.2575 0 0.11699999999999999
0 0.413 1.275 0.11399999999999999 0
0 0.187 1.315 0.20799999999999996 0
0 0.285875 1.3635 0 0.040999999999999925
0 1.12425 1.358 0 0.06600000000000006
0 0.33799999999999997 1.475 0.09800000000000003 0
0 0.886125 1.5185 0 0.08699999999999997
0 1.1085 1.475 0.04499999999999993 0
0 0.33899999999999997 1.515 0.512 0
0 0.763 1.5305 0 0.06299999999999994
0 0.9505 1.515 0.04499999999999993 0
0 1.096 1.515 0.04200000000000004 0
0 0.29 1.5345 0 0.040999999999999925
0 0.59925 1.5270000000000001 0 0.05599999999999983
0 0.123 0.48950000000000005 0 0.12700000000000006
0 0.123 0.8225 0 0.135
0 0.123 1.1575 0 0.05500000000000016
0 0.123 1.2494999999999998 0 0.06299999999999994
0 0.163 0.3215 0 0.09299999999999997
0 0.163 0.45999999999999996 0 0.066
0 0.163 0.627 0 0.050000000000000044
0 0.163 1.2565 0 0.2549999999999999
0 0.203 0.45099999999999996 0 0.04799999999999999
0 0.203 1.2055 0 0.14900000000000002
0 0.203 1.5154999999999998 0 0.04699999999999993
0 0.243 0.5965 0 0.09699999999999998
0 0.243 0.927 0 0.06599999999999995
0 0.243 1.2355 0 0.09099999999999997
0 0.283 0.5865 0 0.07699999999999996
0 0.283 0.7355 0 0.05900000000000005
0 0.283 0.897 0 0.08399999999999996
0 0.283 1.1564999999999999 0 0.05300000000000016
0 0.283 1.249 0 0.062000000000000055
0 0.323 1.5035 0 0.06899999999999995
0 0.363 0.605 0 0.04200000000000004
0 0.363 0.786 0 0.06599999999999995
0 0.403 1.3085 0 0.040999999999999925
0 0.443 1.5295 0 0.06499999999999995
0 0.483 1.093 0 0.040000000000000036
0 0.483 1.2845 0 0.08299999999999996
0 0.483 1.5185 0 0.04299999999999993
0 0.523 1.4955 0 0.06899999999999995
0 0.683 1.5114999999999998 0 0.04299999999999993
0 0.803 0.29900000000000004 0 0.045999999999999985
0 0.803 1.532 0 0.06000000000000005
0 0.843 0.2965 0 0.04299999999999998
0 0.843 1.5325 0 0.05900000000000016
0 0.923 1.5265 0 0.07099999999999995
0 1.083 0.833 0 0.06399999999999995
0 1.083 1.1019999999999999 0 0.13000000000000012
0 1.123 0.3425 0 0.13499999999999995
0 1.123 1.013 0 0.20799999999999996
0 1.123 1.4545 0 0.05700000000000016
1 0.302875 0.6265 0.040063231272577104 0.05
1 0.302875 0.7055 0.039762576626773065 0.05
1 0.40175 1.2725 0.031100643080167974 0.05
1 0.3036875 1.223 0.04436091325705547 0.05
1 1.123625 1.4085 0.035022314315304746 0.05
1 0.3065 1.512 0.04080441152620633 0.05
1 0.123 1.2015 0.033 0.05
3 0.37374999999999997 0.59675 0.5815 0.6435
3 0.9552499999999999 0.59675 0.5815 0.6435
3 0.37374999999999997 1.24025 0.5815 0.6435000000000001
3 0.9552499999999999 1.24025 0.5815 0.6435000000000001