0 2.017 0.372 0.07000000000000006 0
0 0.176 1.0015 0 1.259
0 1.0550000000000002 0.412 0.09800000000000009 0
0 1.589 0.412 0.1499999999999999 0
0 1.01225 0.55 0 0.196
0 1.2145 0.575 0 0.37
0 1.53075 0.42600000000000005 0 0.05199999999999999
0 1.65575 0.4955 0 0.19099999999999995
0 2.0015 0.452 0.051000000000000156 0
0 2.05475 1.24 0 1.7360000000000002
0 0.7869999999999999 0.492 0.061999999999999944 0
0 0.934125 0.5185 0 0.08100000000000007
0 1.0510000000000002 0.492 0.1140000000000001 0
0 2.0004999999999997 0.492 0.04899999999999993 0
0 0.81375 0.518 0 0.12399999999999994
0 0.89425 0.5195 0 0.09899999999999998
0 1.0725 0.532 0.05900000000000016 0
0 1.37825 0.5720000000000001 0 0.07999999999999996
0 0.8380000000000001 0.572 0.061999999999999944 0
0 1.045 0.572 0.09800000000000009 0
0 1.0675 0.652 0.06299999999999994 0
0 1.1775 0.652 0.04499999999999993 0
0 1.0355 0.692 0.09700000000000009 0
0 2.01925 1.24 0 1.7360000000000002
0 0.965 0.732 0.42199999999999993 0
0 0.2945 0.772 0.069 0
0 1.5205000000000002 0.772 0.31299999999999994 0
0 2.03 0.772 0.11199999999999988 0
0 0.197 0.812 0.04400000000000001 0
0 0.439 0.812 0.07399999999999995 0
0 1.612375 0.827 0 0.05399999999999994
0 2.03 0.812 0.040000000000000036 0
0 0.296 0.852 0.242 0
0 0.883 0.852 0.04200000000000004 0
0 1.3351875 0.8905 0 0.11299999999999999
0 1.4954999999999998 0.852 0.05499999999999994 0
0 1.542 0.8505 0 0.17300000000000004
0 0.61075 0.913 0 0.04200000000000004
0 1.2080000000000002 0.892 0.04200000000000004 0
0 1.4285 0.892 0.18499999999999983 0
0 2.0095 0.892 0.07500000000000018 0
0 0.4125 0.932 0.22900000000000004 0
0 0.5985 0.932 0.07299999999999995 0
0 0.7244999999999999 0.932 0.06900000000000006 0
0 1.296125 0.9155 0 0.06299999999999994
0 1.41275 0.9105000000000001 0 0.04300000000000004
0 1.4925 0.9135 0 0.04300000000000004
0 1.57275 0.921 0 0.06399999999999995
0 1.6195 0.932 0.05499999999999994 0
0 2.026 0.932 0.07999999999999985 0
0 2.169 0.932 0.07399999999999984 0
0 0.8945 1.035 0 0.2579999999999999
0 2.035 0.972 0.050000000000000266 0
0 2.0454999999999997 1.132 0.07100000000000017 0
0 0.8435 1.172 0.11099999999999999 0
0 1.1925 1.172 0.04500000000000015 0
0 2.0155000000000003 1.172 0.07100000000000017 0
0 1.13175 1.2155 0 0.05900000000000016
0 0.33275 1.2974999999999999 0 0.14300000000000002
0 2.0145 1.252 0.06899999999999995 0
0 2.183 1.268 0 0.04800000000000004
0 0.7315 1.332 0.17899999999999994 0
0 0.9005 1.4755 0 0.2869999999999999
0 1.049 1.332 0.07400000000000007 0
0 2.0155000000000003 1.332 0.07100000000000017 0
0 0.5925 1.372 0.10499999999999998 0
0 0.731 1.35 0 0.04400000000000004
0 0.9105000000000001 1.372 0.049000000000000044 0
0 0.45275 1.4085 0 0.137
0 0.5905 1.412 0.10099999999999998 0
0 0.5565 1.452 0.10499999999999998 0
0 1.10225 1.4825 0 0.06099999999999994
0 0.5685 1.492 0.07099999999999995 0
0 0.9065000000000001 1.492 0.041000000000000036 0
0 1.036 1.492 0.04800000000000004 0
0 0.38949999999999996 1.532 0.429 0
0 0.8855 1.532 0.07100000000000006 0
0 2.0265 1.532 0.10099999999999998 0
0 0.5335 1.572 0.11099999999999999 0
0 0.857125 1.5735000000000001 0 0.139
0 1.09175 1.6045 0 0.06499999999999995
0 2.007 1.572 0.09000000000000008 0
0 0.348 1.612 0.062 0
0 0.6725 1.612 0.16500000000000004 0
0 1.2345000000000002 1.612 0.873 0
0 1.7814999999999999 1.612 0.14300000000000002 0
0 2.0375 1.612 0.06700000000000017 0
0 1.264 1.619 0 0.06599999999999984
0 2.01 1.652 0.07600000000000007 0
0 2.0185 1.692 0.07300000000000018 0
0 1.222 1.846 0 0.524
0 2.028 1.732 0.09600000000000009 0
0 1.1955 1.772 0.051000000000000156 0
0 1.354 1.772 0.06399999999999983 0
0 0.20850000000000002 1.972 0.05100000000000002 0
0 1.3054999999999999 2.012 0.07099999999999995 0
0 1.2425 2.052 0.14500000000000002 0
0 2.009 2.092 0.04600000000000004 0
0 0.215 0.916 0 0.040000000000000036
0 0.215 1.7825 0 0.04499999999999993
0 0.255 0.9205 0 0.040999999999999925
0 0.295 0.9199999999999999 0 0.039999999999999925
0 0.295 1.4415 0 0.07900000000000018
0 0.335 0.79 0 0.04400000000000004
0 0.335 0.9245 0 0.04899999999999993
0 0.415 0.9165000000000001 0 0.041000000000000036
0 0.455 0.5625 0 0.10099999999999998
0 0.455 0.8035 0 0.06899999999999995
0 0.495 1.1135000000000002 0 0.08299999999999996
0 0.495 1.5685 0 0.08499999999999996
0 0.535 0.863 0 0.1499999999999999
0 0.535 1.5230000000000001 0 0.19800000000000018
0 0.575 1.5925 0 0.04499999999999993
0 0.615 1.3765 0 0.07699999999999996
0 0.655 1.3135 0 0.07499999999999996
0 0.695 0.9165000000000001 0 0.041000000000000036
0 0.695 1.608 0 0.04200000000000004
0 0.735 0.9185 0 0.04499999999999993
0 0.735 1.609 0 0.04400000000000004
0 0.775 0.5655 0 0.387
0 0.775 0.9045000000000001 0 0.04500000000000004
0 0.775 1.5605 0 0.11299999999999999
0 0.815 0.7235 0 0.051000000000000045
0 0.815 1.0345 0 0.273
0 0.815 1.5765 0 0.14100000000000001
0 0.855 0.719 0 0.04200000000000004
0 0.855 1.4144999999999999 0 0.04299999999999993
0 0.935 1.608 0 0.04200000000000004
0 0.975 1.4184999999999999 0 0.05300000000000016
0 1.015 0.7144999999999999 0 0.05300000000000005
0 1.015 1.469 0 0.04800000000000004
0 1.015 1.594 0 0.052000000000000046
0 1.055 0.698 0 0.09199999999999997
0 1.095 0.7085 0 0.07299999999999995
0 1.135 0.7105 0 0.052999999999999936
0 1.175 0.6034999999999999 0 0.17899999999999994
0 1.175 1.6555 0 0.135
0 1.175 2.029 0 0.15800000000000014
0 1.215 0.9319999999999999 0 0.10199999999999998
0 1.215 1.3825 0 0.052999999999999936
0 1.255 0.9155 0 0.06299999999999994
0 1.295 1.6075 0 0.04299999999999993
0 1.335 1.6925 0 0.21299999999999986
0 1.335 2.041 0 0.08199999999999985
0 1.375 0.912 0 0.04800000000000004
0 1.455 0.7865 0 0.04500000000000004
0 1.455 0.914 0 0.04400000000000004
0 1.495 1.6085 0 0.04499999999999993
0 1.615 0.9095 0 0.04300000000000004
0 1.615 2.011 0 0.08599999999999985
0 1.655 0.9145 0 0.06099999999999994
0 1.775 1.6085 0 0.040999999999999925
0 2.175 0.9255 0 0.04299999999999993
0 2.375 1.2675 0 0.727
1 1.013625 0.668 0.04009441981124056 0.05
1 0.3255 0.832 0.04272001872658766 0.05
1 1.6136875 0.871 0.03410118216425935 0.05
1 0.5445 0.932 0.035 0.05
1 0.6805 1.352 0.04011234224026316 0.05
1 0.5895 1.592 0.04001249804748511 0.05
1 0.7765 1.612 0.043 0.05
1 1.6905 1.612 0.039 0.05
1 0.995 1.445 0.04 0.05
1 1.155 0.6255 0.041 0.05
3 0.725 0.806 1.0999999999999999 0.868
3 1.825 0.806 1.1 0.868
3 0.725 1.674 1.0999999999999999 0.8680000000000001
3 1.825 1.674 1.1 0.8680000000000001