0 0.8235 0.155 0.33499999999999996 0
0 0.6855 0.46 0.40700000000000003 0
0 1.0775000000000001 0.46 0.14300000000000002 0
0 0.405 0.133 0.29400000000000004 0
0 0.7130000000000001 0.133 0.10799999999999998 0
0 1.1204999999999998 0.133 0.11099999999999999 0
0 0.4045 0.157 0.29300000000000004 0
0 0.7110000000000001 0.157 0.10399999999999998 0
0 1.1204999999999998 0.157 0.11099999999999999 0
0 0.738 0.269 0.08800000000000008 0
0 0.748 0.293 0.06800000000000006 0
0 0.749 0.341 0.06600000000000006 0
0 0.28300000000000003 0.357 0.05399999999999999 0
0 0.4905 0.357 0.17699999999999994 0
0 0.737 0.365 0.08800000000000008 0
0 0.139 0.429 0.126 0
0 0.306 0.429 0.118 0
0 0.418 0.461 0.13 0
0 0.7555 0.461 0.375 0
0 0.136 0.565 0.12200000000000001 0
0 0.8555 0.565 0.09699999999999998 0
0 0.1985 0.677 0.249 0
0 0.45799999999999996 0.677 0.06 0
0 0.597 0.677 0.08599999999999997 0
0 0.7869999999999999 0.677 0.07799999999999996 0
0 0.931 0.677 0.08799999999999997 0
0 1.1284999999999998 0.677 0.08299999999999996 0
0 0.198 0.701 0.25 0
0 0.45799999999999996 0.701 0.06 0
0 0.7869999999999999 0.701 0.07799999999999996 0
0 0.9305 0.701 0.08699999999999997 0
0 1.1280000000000001 0.701 0.08200000000000007 0
0 0.069 0.673 0 0.15200000000000002
0 0.093 0.38149999999999995 0 0.635
0 0.253 0.257 0 0.258
0 0.253 0.5599999999999999 0 0.27799999999999997
0 0.341 0.3065 0 0.129
0 0.349 0.16949999999999998 0 0.07299999999999998
0 0.469 0.617 0 0.16599999999999993
0 0.485 0.603 0 0.136
0 0.693 0.317 0 0.09399999999999997
0 0.717 0.3165 0 0.09499999999999997
0 0.805 0.61 0 0.17799999999999994
0 0.893 0.5215 0 0.12299999999999994
0 0.893 0.6619999999999999 0 0.07399999999999995
0 1.141 0.6519999999999999 0 0.09599999999999997
1 0.359 0.445 0.03417601498127012 0.05
1 0.253 0.4035 0.035 0.05
1 0.345 0.252 0.03687817782917155 0.05
1 0.893 0.604 0.042 0.05
3 0.34575 0.23525 0.5535000000000001 0.34249999999999997
3 0.89925 0.23525 0.5534999999999999 0.34249999999999997
3 0.34575 0.57775 0.5535000000000001 0.3425
3 0.89925 0.57775 0.5534999999999999 0.3425