0 0.489 0.241 0.718 0
0 1.008 0.241 0.2240000000000001 0
0 0.148 0.281 0.06399999999999999 0
0 0.603 0.281 0.10399999999999998 0
0 0.7364999999999999 0.281 0.07700000000000007 0
0 0.155 0.321 0.04999999999999999 0
0 0.6305000000000001 0.361 0.05700000000000005 0
0 0.7625 0.361 0.14300000000000002 0
0 0.6679999999999999 0.401 0.06999999999999995 0
0 0.79 0.401 0.08199999999999996 0
0 1.002 0.401 0.07399999999999995 0
0 0.26749999999999996 0.441 0.04299999999999998 0
0 0.8460000000000001 0.441 0.16000000000000003 0
0 0.9929999999999999 0.441 0.06399999999999995 0
0 0.134 0.481 0.052000000000000005 0
0 0.6699999999999999 0.481 0.10199999999999998 0
0 0.8395 0.481 0.17300000000000004 0
0 1.002 0.481 0.08199999999999996 0
0 1.447 0.481 0.05400000000000005 0
0 0.143 0.521 0.06999999999999999 0
0 0.6435 0.521 0.041000000000000036 0
0 0.7795 0.521 0.123 0
0 1.4315 0.521 0.08499999999999996 0
0 0.146 0.561 0.076 0
0 0.6395 0.561 0.061000000000000054 0
0 0.1395 0.601 0.06300000000000001 0
0 0.38975 0.5675 0 0.06699999999999995
0 1.2905 0.601 0.04300000000000015 0
0 0.141 0.641 0.06599999999999999 0
0 0.4375 0.641 0.061000000000000054 0
0 0.6385000000000001 0.641 0.05300000000000005 0
0 0.7065 0.6459999999999999 0 0.08799999999999997
0 0.78625 0.6515 0 0.05700000000000005
0 0.83025 0.6465000000000001 0 0.04700000000000004
0 0.1415 0.681 0.06499999999999999 0
0 0.608 0.681 0.286 0
0 0.910125 0.6465 0 0.14300000000000002
0 0.146 0.721 0.074 0
0 0.545 0.721 0.15999999999999998 0
0 0.9730000000000001 0.721 0.118 0
0 1.3479999999999999 0.721 0.5679999999999998 0
0 0.1465 0.761 0.075 0
0 0.26649999999999996 0.761 0.04099999999999998 0
0 0.44599999999999995 0.761 0.07800000000000001 0
0 0.614 0.761 0.19399999999999995 0
0 0.917 0.761 0.17800000000000005 0
0 1.4264999999999999 0.761 0.4109999999999998 0
0 0.148 0.801 0.078 0
0 0.583 0.801 0.24199999999999994 0
0 0.8775 0.801 0.243 0
0 1.2005 0.801 0.08100000000000018 0
0 0.148 0.841 0.078 0
0 0.5619999999999999 0.841 0.31 0
0 0.875 0.841 0.244 0
0 1.1985000000000001 0.841 0.07700000000000018 0
0 0.558 0.881 0.9 0
0 1.2075 0.881 0.09499999999999997 0
0 0.1515 0.921 0.071 0
0 0.5545 0.873 0 0.09600000000000009
0 0.723 0.921 0.27 0
0 0.9764999999999999 0.921 0.05699999999999994 0
0 1.1885 0.921 0.05700000000000016 0
0 0.6515 0.961 0.07100000000000006 0
0 0.7625 0.961 0.08900000000000008 0
0 0.9285 0.961 0.139 0
0 1.1885 0.961 0.05700000000000016 0
0 1.23725 1.052 0 0.18200000000000005
0 1.298 0.961 0.050000000000000044 0
0 0.1535 1.001 0.04099999999999998 0
0 0.6835 1.001 0.129 0
0 0.788 1.071 0 0.14400000000000002
0 0.9315 1.001 0.15300000000000002 0
0 1.1995 1.001 0.07299999999999995 0
0 0.157 1.041 0.03999999999999998 0
0 0.7145 1.041 0.19100000000000006 0
0 0.894 1.041 0.04400000000000004 0
0 1.0365 1.041 0.14300000000000013 0
0 1.394 1.041 0.476 0
0 0.27649999999999997 1.081 0.046999999999999986 0
0 0.655 1.081 0.09199999999999997 0
0 0.8225 1.081 0.15300000000000002 0
0 0.975 1.081 0.08799999999999986 0
0 1.0695 1.0865 0 0.11299999999999999
0 1.1925 1.081 0.08500000000000019 0
0 0.162 1.121 0.04999999999999999 0
0 0.6565 1.121 0.09499999999999997 0
0 0.7929999999999999 1.121 0.10199999999999998 0
0 1.0825 1.121 0.29700000000000004 0
0 0.108 0.537 0 0.25200000000000006
0 0.148 0.2815 0 0.16099999999999998
0 0.148 0.523 0 0.12199999999999994
0 0.148 0.826 0 0.256
0 0.148 1.121 0 0.04400000000000004
0 0.188 0.223 0 0.043999999999999984
0 0.188 0.5335000000000001 0 0.04700000000000004
0 0.188 0.8755 0 0.061000000000000054
0 0.228 0.223 0 0.043999999999999984
0 0.228 0.8694999999999999 0 0.05500000000000005
0 0.268 0.223 0 0.043999999999999984
0 0.268 0.7645 0 0.04300000000000004
0 0.268 0.874 0 0.06400000000000006
0 0.268 1.0859999999999999 0 0.050000000000000044
0 0.308 0.223 0 0.043999999999999984
0 0.308 0.871 0 0.05800000000000005
0 0.308 1.06 0 0.08800000000000008
0 0.348 0.223 0 0.043999999999999984
0 0.348 0.874 0 0.06400000000000006
0 0.388 0.8725 0 0.061000000000000054
0 0.428 0.221 0 0.03999999999999998
0 0.428 0.629 0 0.040000000000000036
0 0.428 0.872 0 0.06800000000000006
0 0.468 0.223 0 0.043999999999999984
0 0.468 0.7215 0 0.375
0 0.508 0.221 0 0.03999999999999998
0 0.508 0.6785 0 0.04299999999999993
0 0.508 0.8160000000000001 0 0.15400000000000003
0 0.548 0.2215 0 0.04099999999999998
0 0.548 0.5385 0 0.08499999999999996
0 0.548 0.7235 0 0.133
0 0.588 0.2215 0 0.04099999999999998
0 0.588 0.797 0 0.28
0 0.588 1.0485 0 0.04300000000000015
0 0.628 0.2465 0 0.09099999999999997
0 0.628 0.7975 0 0.6910000000000001
0 0.668 0.24050000000000002 0 0.07900000000000001
0 0.668 0.366 0 0.08199999999999996
0 0.668 0.519 0 0.10799999999999993
0 0.668 0.6615 0 0.09099999999999997
0 0.668 0.9430000000000001 0 0.4
0 0.708 0.34199999999999997 0 0.282
0 0.708 0.821 0 0.136
0 0.708 1.032 0 0.22199999999999998
0 0.748 0.256 0 0.10999999999999999
0 0.748 0.371 0 0.057999999999999996
0 0.748 0.5025000000000001 0 0.09500000000000003
0 0.748 0.6885 0 0.06299999999999994
0 0.748 0.9924999999999999 0 0.30100000000000005
0 0.788 0.39249999999999996 0 0.38299999999999995
0 0.788 0.8745 0 0.18099999999999994
0 0.828 0.4275 0 0.22500000000000003
0 0.828 0.838 0 0.22399999999999998
0 0.868 0.227 0 0.04999999999999999
0 0.868 0.6805 0 0.04699999999999993
0 0.868 0.8500000000000001 0 0.10599999999999998
0 0.868 1.091 0 0.040000000000000036
0 0.908 0.253 0 0.10199999999999998
0 0.908 0.8425 0 0.09099999999999997
0 0.948 0.223 0 0.043999999999999984
0 0.948 0.833 0 0.236
0 0.948 1.0675 0 0.15100000000000002
0 0.988 0.47500000000000003 0 0.15000000000000002
0 0.988 0.7010000000000001 0 0.09399999999999997
0 0.988 0.9635 0 0.359
0 1.028 0.261 0 0.12
0 1.028 0.47000000000000003 0 0.16000000000000003
0 1.028 1.1139999999999999 0 0.05800000000000005
0 1.108 0.2215 0 0.04099999999999998
0 1.108 0.84 0 0.242
0 1.108 1.1225 0 0.040999999999999925
0 1.148 1.1225 0 0.040999999999999925
0 1.188 0.929 0 0.42800000000000005
0 1.228 0.7885 0 0.14700000000000002
0 1.268 0.749 0 0.06800000000000006
0 1.308 0.5815 0 0.09499999999999997
0 1.308 0.747 0 0.06400000000000006
0 1.348 0.739 0 0.05400000000000005
0 1.388 0.742 0 0.06000000000000005
0 1.428 0.49250000000000005 0 0.09500000000000003
0 1.428 0.7424999999999999 0 0.05500000000000005
0 1.468 0.486 0 0.07600000000000001
0 1.468 0.7455 0 0.061000000000000054
0 1.508 0.7455 0 0.06700000000000006
0 1.548 0.746 0 0.06800000000000006
0 1.588 0.744 0 0.06400000000000006
0 1.628 0.742 0 0.06800000000000006
1 0.6765 0.281 0.043 0.05
1 0.675 0.361 0.032 0.05
1 0.7335 0.381 0.0417612260356422 0.05
1 0.9435 0.441 0.035 0.05
1 0.737 0.481 0.032 0.05
1 0.408875 0.605 0.03907764706325088 0.05
1 0.4665 0.661 0.04011234224026316 0.05
1 0.767125 0.6685 0.04463252737634292 0.05
1 0.787125 0.4405 0.03903924307667862 0.05
1 0.849125 0.6635 0.039925712266658434 0.05
1 0.9290625 0.7165 0.03799362611017801 0.05
1 0.516 0.741 0.044721359549995794 0.05
1 1.048 0.721 0.032 0.05
1 1.396 0.781 0.044721359549995794 0.05
1 0.735 0.841 0.036 0.05
1 0.8585 0.941 0.04001249804748511 0.05
1 0.7025 0.961 0.031 0.05
1 0.788 0.9635 0.034 0.05
1 0.9235 1.061 0.04272001872658766 0.05
1 0.723 1.121 0.038 0.05
1 0.668 0.5945 0.043 0.05
1 0.668 0.725 0.036 0.05
1 0.708 0.905 0.032 0.05
1 0.748 0.3265 0.031 0.05
1 0.948 0.9715 0.041 0.05
1 0.988 0.766 0.036 0.05
3 0.489 0.4365 0.762 0.47100000000000003
3 1.251 0.4365 0.7619999999999999 0.47100000000000003
3 0.489 0.9075 0.762 0.471
3 1.251 0.9075 0.7619999999999999 0.471