0 0.50625 0.4415 0 0.05499999999999999
0 0.390875 0.534 0 0.04800000000000004
0 0.507125 0.603 0 0.05400000000000005
0 0.6625 0.7085 0 0.18500000000000005
0 0.51075 0.6775 0 0.04299999999999993
0 0.10875 0.683 0 0.11599999999999999
0 0.6950000000000001 0.696 0.08399999999999996 0
0 0.347375 0.8614999999999999 0 0.07700000000000007
0 0.43 0.861 0 0.07800000000000007
0 0.42000000000000004 0.896 0.172 0
0 0.665125 0.9 0 0.050000000000000044
0 0.946 0.936 0.15799999999999992 0
0 0.9349999999999999 0.976 0.17999999999999994 0
0 0.108 0.968 0 0.05800000000000005
0 0.468 0.861 0 0.07800000000000007
0 0.868 0.9530000000000001 0 0.04399999999999993
0 0.908 0.9375 0 0.119
0 0.948 0.9219999999999999 0 0.08799999999999997
0 0.988 0.9375 0 0.119
1 0.5089375 0.643 0.026251488053060917 0.05
3 0.33725 0.55975 0.4585 0.29150000000000004
3 0.79575 0.55975 0.4584999999999999 0.29150000000000004
3 0.33725 0.8512500000000001 0.4585 0.2915
3 0.79575 0.8512500000000001 0.4584999999999999 0.2915