0 0.386 0.46499999999999997 0 0.20799999999999996
0 0.11 0.5395 0 0.07699999999999996
0 0.14975 0.5409999999999999 0 0.07999999999999996
0 0.743625 0.528 0 0.09399999999999997
0 0.944875 0.538 0 0.051999999999999935
0 0.5325 0.561 0.933 0
0 0.10200000000000001 0.601 0.05800000000000001 0
0 0.9595 0.601 0.07899999999999996 0
0 0.8205 0.681 0.09499999999999997 0
0 0.9430000000000001 0.681 0.04599999999999993 0
0 0.38749999999999996 0.761 0.07100000000000001 0
0 0.47750000000000004 0.761 0.04899999999999999 0
0 0.2865 0.801 0.05499999999999999 0
0 0.705875 0.7265 0 0.361
0 0.3085 0.921 0.07699999999999996 0
0 0.7854375 1.0234999999999999 0 0.20499999999999985
0 0.8253125 0.984 0 0.1259999999999999
0 0.312 0.961 0.04400000000000004 0
0 0.979 0.961 0.040000000000000036 0
0 0.14950000000000002 1.001 0.04100000000000001 0
0 0.23025 1.0525 0 0.1030000000000002
0 0.76 1.001 0.126 0
0 0.1895 1.041 0.121 0
0 0.431 1.041 0.09799999999999998 0
0 0.507 1.04 0 0.07200000000000006
0 0.6495 1.041 0.14100000000000001 0
0 0.852 1.041 0.20199999999999996 0
0 0.17350000000000002 1.081 0.21500000000000002 0
0 0.4675 1.0790000000000002 0 0.07800000000000007
0 0.5845 1.1075 0 0.08299999999999996
0 0.8029999999999999 1.081 0.08199999999999996 0
0 0.5325 1.121 0.933 0
0 0.3045 1.201 0.18100000000000002 0
0 0.0925 1.241 0.05299999999999999 0
0 0.35950000000000004 1.241 0.07700000000000001 0
0 0.621 1.241 0.08400000000000007 0
0 0.1665 1.281 0.201 0
0 0.401 1.281 0.04199999999999998 0
0 0.185 1.321 0.09999999999999998 0
0 0.6679999999999999 1.321 0.06999999999999995 0
0 0.353 1.361 0.5740000000000001 0
0 0.269375 1.4405000000000001 0 0.06900000000000017
0 0.844 1.441 0.31000000000000005 0
0 0.281 1.481 0.1 0
0 0.1445 1.72 0 0.33000000000000007
0 0.185125 1.844 0 0.04400000000000004
0 0.106 1.0045 0 0.1369999999999999
0 0.106 1.24 0 0.04999999999999982
0 0.146 1.0470000000000002 0 0.07400000000000007
0 0.186 1.0255 0 0.049000000000000155
0 0.186 1.313 0 0.10000000000000009
0 0.226 1.2635 0 0.16500000000000004
0 0.266 1.307 0 0.1060000000000001
0 0.306 0.5325 0 0.06299999999999994
0 0.306 0.944 0 0.128
0 0.346 0.9275 0 0.08299999999999996
0 0.346 1.2285 0 0.08899999999999997
0 0.386 1.214 0 0.28600000000000003
0 0.546 1.04 0 0.07200000000000006
0 0.626 1.1155 0 0.05499999999999994
0 0.666 1.3265 0 0.04899999999999993
0 0.706 1.065 0 0.04400000000000004
0 0.706 1.1465 0 0.05499999999999994
0 0.706 1.3925 0 0.131
0 0.946 0.7210000000000001 0 0.07999999999999996
0 0.986 0.5720000000000001 0 0.126
0 0.986 1.1735000000000002 0 0.119
0 0.986 1.408 0 0.09999999999999987
1 0.438 0.761 0.03 0.05
1 0.7355 1.041 0.031 0.05
1 0.56525 1.0765 0.039777506206397605 0.05
1 0.389 1.261 0.043863424398922615 0.05
1 0.3845 1.341 0.040607881008493905 0.05
1 0.706 1.103 0.032 0.05
3 0.29925 0.742 0.46649999999999997 0.762
3 0.7657499999999999 0.742 0.4665 0.762
3 0.29925 1.504 0.46649999999999997 0.762
3 0.7657499999999999 1.504 0.4665 0.762