0 0.295 0.635 0.118 0
0 0.271 0.655 0.21 0
0 0.13 0.887 0 0.138
0 0.32 0.9934999999999999 0 0.10299999999999998
0 0.4 0.6925 0 0.119
0 0.41 0.522 0 0.32200000000000006
0 0.605 0.9444999999999999 0 0.23299999999999998
0 0.86 0.5995 0 0.14100000000000001
0 0.88 0.763 0 0.18599999999999994
0 0.935 0.972 0 0.128
0 0.0945 0.357 0.09699999999999999 0
0 0.4245 0.357 0.10499999999999998 0
0 0.877 0.357 0.07000000000000006 0
0 0.2105 0.909 0.07100000000000001 0
0 0.28300000000000003 1.077 0.10600000000000001 0
0 0.165 1.093 0.057999999999999996 0
0 0.565 1.143 0 0.08599999999999985
1 0.236 1.085 0.03939543120718442 0.05
2 0.41 0.4683333333333333 0.035 0.05
2 0.41 0.5756666666666667 0.035 0.05
3 0.26825 0.5642499999999999 0.4445 0.4145
3 0.71275 0.5642499999999999 0.44450000000000006 0.4145
3 0.26825 0.97875 0.4445 0.4145
3 0.71275 0.97875 0.44450000000000006 0.4145