0 0.175875 0.11199999999999999 0 0.059999999999999984
0 0.2095 0.2155 0 0.04299999999999998
0 0.193 0.362 0.08000000000000002 0
0 0.1749375 0.41800000000000004 0 0.057999999999999996
0 0.071 0.442 0.106 0
0 0.138125 0.4205 0 0.044999999999999984
0 0.135 0.2565 0 0.06899999999999998
0 0.175 0.274 0 0.06
0 0.215 0.386 0 0.057999999999999996
1 0.19225 0.2405 0.03520298282816387 0.05
3 0.07175 0.17325000000000002 0.1075 0.1825
3 0.17925000000000002 0.17325000000000002 0.10750000000000001 0.1825
3 0.07175 0.35575 0.1075 0.1825
3 0.17925000000000002 0.35575 0.10750000000000001 0.1825