0 0.587 0.184 0.05999999999999994 0
0 0.12125 0.201 0 0.04600000000000001
0 1.0115 0.224 0.19899999999999995 0
0 0.07475 0.28700000000000003 0 0.06
0 0.19025 0.264 0 0.172
0 0.55675 0.3285 0 0.04899999999999999
0 0.6715 0.304 0.09499999999999997 0
0 0.7095 0.344 0.05499999999999994 0
0 0.7175 0.384 0.09899999999999998 0
0 0.884 0.384 0.07000000000000006 0
0 0.192625 0.4405 0 0.049000000000000044
0 0.63175 0.5795 0 0.329
0 0.67325 0.504 0 0.08200000000000002
0 0.8694999999999999 0.504 0.18499999999999994 0
0 0.99675 0.5235000000000001 0 0.04500000000000004
0 0.35375 0.658 0 0.264
0 0.832375 0.5675 0 0.07099999999999995
0 1.003 0.584 0.09199999999999997 0
0 0.791875 0.6375 0 0.07300000000000006
0 0.8845000000000001 0.624 0.05900000000000005 0
0 0.954 0.646 0 0.04400000000000004
0 0.866 0.664 0.09800000000000009 0
0 1.0354999999999999 0.664 0.15100000000000002 0
0 0.47175 0.729 0 0.050000000000000044
0 0.5335 0.704 0.05899999999999994 0
0 0.75375 0.7070000000000001 0 0.06999999999999995
0 0.7950625 0.7605 0 0.11299999999999999
0 0.8715 0.725 0 0.04200000000000004
0 0.511 0.7395 0 0.07500000000000007
0 0.5860000000000001 0.744 0.10399999999999998 0
0 0.8069999999999999 0.744 0.11599999999999999 0
0 0.273 0.784 0.16599999999999998 0
0 0.6619999999999999 0.784 0.051999999999999935 0
0 0.434 0.5475 0 0.04299999999999993
0 0.554 0.16399999999999998 0 0.04000000000000001
0 0.554 0.718 0 0.04400000000000004
0 0.554 0.7949999999999999 0 0.04399999999999993
0 0.594 0.17049999999999998 0 0.05300000000000002
0 0.594 0.538 0 0.040000000000000036
0 0.594 0.706 0 0.05999999999999994
0 0.674 0.28900000000000003 0 0.21600000000000003
0 0.674 0.765 0 0.04200000000000004
0 0.714 0.29700000000000004 0 0.06
0 0.714 0.4085 0 0.09700000000000003
0 0.754 0.356 0 0.08200000000000002
0 0.794 0.42200000000000004 0 0.04799999999999999
0 0.874 0.644 0 0.040000000000000036
0 0.914 0.39949999999999997 0 0.05299999999999999
0 0.914 0.6485000000000001 0 0.04300000000000004
0 0.994 0.687 0 0.04599999999999993
0 1.034 0.2485 0 0.05100000000000002
1 0.652875 0.744 0.04225 0.05
1 0.693625 0.4525 0.04118934935150105 0.05
1 0.812125 0.602 0.0405493526458808 0.05
1 0.7728125 0.673 0.03817742297484208 0.05
1 0.974 0.666 0.04019950248448356 0.05
1 0.87275 0.685 0.040078048854703494 0.05
1 0.5325 0.775 0.04318564576337837 0.05
1 0.714 0.3435 0.033 0.05
1 0.774 0.3975 0.04001249804748511 0.05
3 0.3338125 0.31224999999999997 0.5181250000000001 0.3365
3 0.8519375 0.31224999999999997 0.518125 0.3365
3 0.3338125 0.6487499999999999 0.5181250000000001 0.33649999999999997
3 0.8519375 0.6487499999999999 0.518125 0.33649999999999997