0 0.7565 0.275 0.20699999999999996 0
0 0.756 0.365 0.20599999999999996 0
0 0.764 0.435 0.22199999999999998 0
0 1.069 0.715 0.1299999999999999 0
0 1.0614999999999999 0.85 0.19299999999999995 0
0 0.43300000000000005 0.98 0.48000000000000004 0
0 0.205 1.074 0 0.19000000000000006
0 0.74 1.1604999999999999 0 0.19699999999999984
0 0.775 0.175 0 0.266
0 0.77 0.9605 0 0.567
0 0.795 0.16599999999999998 0 0.24799999999999997
0 0.82 1.1480000000000001 0 0.16399999999999992
0 0.985 0.3435 0 0.603
0 0.8145 0.253 0.10099999999999998 0
0 0.8125 0.309 0.10499999999999998 0
0 0.8945000000000001 1.013 0.05500000000000005 0
0 0.7495 1.085 0.16699999999999993 0
0 0.213 0.42200000000000004 0 0.19
0 0.213 0.6455 0 0.05900000000000005
0 0.213 0.7729999999999999 0 0.14400000000000002
0 0.213 1.089 0 0.14400000000000013
1 0.213 0.688 0.026 0.05
2 0.7565 0.275 0.035 0.05
2 0.764 0.435 0.035 0.05
2 1.0615 0.85 0.035 0.05
2 0.205 1.074 0.035 0.05
2 0.74 1.1605 0.035 0.05
2 0.775 0.175 0.035 0.05
2 0.985 0.16260000000000002 0.035 0.05
2 0.985 0.28320000000000006 0.035 0.05
2 0.985 0.4038 0.035 0.05
2 0.985 0.5244000000000001 0.035 0.05
3 0.43425 0.34625 0.4825 0.6084999999999999
3 0.91675 0.34625 0.48249999999999993 0.6084999999999999
3 0.43425 0.95475 0.4825 0.6084999999999999
3 0.91675 0.95475 0.48249999999999993 0.6084999999999999