0 0.899 0.89 0.36 0
0 2.2285 1.45 0.12699999999999978 0
0 0.5835 1.63 0.24099999999999994 0
0 0.845 2.06 0.22199999999999998 0
0 0.37050000000000005 2.075 0.185 0
0 1.0225 2.18 0.29300000000000004 0
0 1.744 2.33 0.32399999999999984 0
0 0.385 2.3765 0 0.33499999999999996
0 1.145 0.839 0 0.128
0 1.16 2.0645000000000002 0 0.19900000000000007
0 1.3 2.6555 0 0.11500000000000021
0 1.33 0.911 0 0.2759999999999999
0 1.345 2.6965000000000003 0 0.1469999999999998
0 1.755 2.2359999999999998 0 0.10199999999999987
0 1.94 2.1715 0 0.2649999999999997
0 0.796 0.781 0.08999999999999997 0
0 1.1065 0.781 0.17300000000000004 0
0 1.5505 0.781 0.5030000000000001 0
0 1.8725 0.781 0.052999999999999936 0
0 0.38149999999999995 2.149 0.05299999999999999 0
0 0.6105 2.157 0.06700000000000006 0
0 0.33499999999999996 2.261 0.057999999999999996 0
0 1.0975 2.629 0.08499999999999996 0
0 1.4675 2.733 0.137 0
0 1.7799999999999998 2.741 0.05400000000000005 0
0 1.869 2.741 0.1200000000000001 0
0 0.277 2.2855 0 0.07699999999999996
0 0.309 2.48 0 0.07399999999999984
0 0.309 2.5465 0 0.057000000000000384
0 0.349 2.2145 0 0.11699999999999999
0 0.725 0.833 0 0.09599999999999997
0 0.725 0.9099999999999999 0 0.05599999999999994
0 0.813 3.326 0 0.0940000000000003
0 0.829 3.1915 0 0.052999999999999936
0 1.349 2.6965000000000003 0 0.0950000000000002
0 1.933 2.1145 0 0.054999999999999716
0 1.933 2.442 0 0.5980000000000003
0 1.941 1.6655 0 0.17300000000000004
0 1.941 1.815 0 0.1140000000000001
0 1.949 0.9435 0 0.30699999999999994
1 1.824 0.781 0.044 0.05
2 1.69 2.33 0.035 0.05
2 1.798 2.33 0.035 0.05
3 0.78075 1.423 1.0074999999999998 1.2999999999999998
3 1.78825 1.423 1.0074999999999998 1.2999999999999998
3 0.78075 2.723 1.0074999999999998 1.3000000000000003
3 1.78825 2.723 1.0074999999999998 1.3000000000000003