0 2.439 0.21 0.10200000000000031 0
0 2.161 0.23 0.12199999999999989 0
0 2.3655 0.385 0.2589999999999999 0
0 2.44 0.44 0.10400000000000009 0
0 1.5110000000000001 0.5 0.17000000000000015 0
0 1.498 0.53 0.16999999999999993 0
0 1.351 0.635 0.1259999999999999 0
0 2.135 0.71 0.16599999999999993 0
0 2.4154999999999998 0.71 0.17500000000000027 0
0 0.817 0.99 0.10399999999999998 0
0 0.665 0.4415 0 0.21700000000000003
0 0.98 0.834 0 0.24
0 1.43 0.644 0 0.19599999999999995
0 1.7 0.1875 0 0.28500000000000003
0 1.855 0.587 0 0.22199999999999998
0 1.885 0.6174999999999999 0 0.16699999999999993
0 2.47 0.396 0 0.10599999999999998
0 2.2665 0.229 0.08499999999999996 0
0 1.95 0.437 0.10000000000000009 0
0 1.494 0.469 0.09200000000000008 0
0 1.4929999999999999 0.509 0.09000000000000008 0
0 0.39 0.517 0.126 0
0 0.625 0.525 0.19999999999999996 0
0 0.757 0.525 0.05400000000000005 0
0 1.0859999999999999 0.525 0.244 0
0 1.467 0.525 0.09999999999999987 0
0 2.4850000000000003 0.685 0.06000000000000005 0
0 0.923 0.693 0.061999999999999944 0
0 0.3885 0.701 0.129 0
0 0.387 0.725 0.12 0
0 1.0435 0.773 0.28300000000000003 0
0 1.224 0.773 0.07200000000000006 0
0 1.095 0.797 0.406 0
0 0.6555 0.997 0.051000000000000045 0
0 0.8225 1.013 0.050999999999999934 0
0 0.317 0.3435 0 0.08500000000000002
0 0.365 0.423 0 0.09999999999999998
0 0.525 0.4475 0 0.14900000000000002
0 0.629 0.17250000000000001 0 0.175
0 0.725 0.4525 0 0.14900000000000002
0 0.757 0.18 0 0.17
0 0.765 0.748 0 0.1080000000000001
0 0.789 0.4435 0 0.15100000000000002
0 0.789 0.744 0 0.11599999999999999
0 0.957 0.5589999999999999 0 0.07399999999999995
0 0.957 0.7444999999999999 0 0.1110000000000001
0 1.421 0.7665 0 0.06700000000000006
0 1.429 0.5735 0 0.10299999999999998
0 1.445 0.7665 0 0.06700000000000006
0 1.557 0.311 0 0.09199999999999997
0 1.861 0.4155 0 0.24900000000000005
0 1.885 0.6775 0 0.05899999999999994
0 1.997 0.4085 0 0.05099999999999999
0 2.133 0.2585 0 0.05899999999999997
0 2.397 0.199 0 0.064
0 2.485 0.1465 0 0.201
0 2.485 0.5795 0 0.07499999999999996
0 2.485 0.6839999999999999 0 0.061999999999999944
0 2.509 0.145 0 0.198
0 2.517 0.5345 0 0.355
1 2.485 0.635 0.036 0.05
2 1.511 0.5 0.035 0.05
3 0.867 0.28700000000000003 1.1 0.48400000000000004
3 1.967 0.28700000000000003 1.0999999999999999 0.48400000000000004
3 0.867 0.7709999999999999 1.1 0.4839999999999999
3 1.967 0.7709999999999999 1.0999999999999999 0.4839999999999999