0 0.395 0.279 0 0.04199999999999998
0 0.245 0.298 0.41000000000000003 0
0 0.062 0.338 0.044000000000000004 0
0 0.39 0.545 0 0.16799999999999998
0 0.0665 0.698 0.048999999999999995 0
0 0.1875 0.698 0.056999999999999995 0
0 0.1105 0.762 0 0.07200000000000006
0 0.192 0.7795 0 0.07699999999999996
0 0.270125 0.9435 0 0.1389999999999999
0 0.07 0.7625 0 0.07100000000000006
0 0.15 0.27849999999999997 0 0.04099999999999998
0 0.15 0.779 0 0.040000000000000036
0 0.19 0.27549999999999997 0 0.044999999999999984
0 0.19 0.6635 0 0.09899999999999998
0 0.23 0.579 0 0.05399999999999994
0 0.35 0.2815 0 0.05299999999999999
0 0.35 0.5445 0 0.16499999999999998
0 0.35 0.748 0 0.1339999999999999
0 0.35 0.9095 0 0.10299999999999998
0 0.39 0.7165 0 0.06899999999999995
0 0.43 0.7255 0 0.08699999999999997
1 0.191 0.716 0.028071337695236398 0.05
1 0.21 0.6325 0.040792156108742275 0.05
1 0.35 0.8365 0.043 0.05
3 0.1425 0.443 0.205 0.38
3 0.34750000000000003 0.443 0.20500000000000002 0.38
3 0.1425 0.823 0.205 0.3799999999999999
3 0.34750000000000003 0.823 0.20500000000000002 0.3799999999999999