0 0.4505 0.346 0.629 0
0 0.424 0.386 0.624 0
0 0.4475 0.426 0.623 0
0 0.2385 0.466 0.30100000000000005 0
0 0.606 0.466 0.288 0
0 0.1765 0.506 0.18100000000000002 0
0 0.5175 0.506 0.427 0
0 0.0625 0.5935 0 0.09499999999999997
0 0.28200000000000003 0.546 0.292 0
0 0.6125 0.546 0.309 0
0 0.4345 0.586 0.675 0
0 0.082 0.626 0.049999999999999996 0
0 0.455 0.626 0.632 0
0 0.8345 0.626 0.04899999999999993 0
0 0.16499999999999998 0.666 0.048000000000000015 0
0 0.413 0.666 0.378 0
0 0.724 0.666 0.10599999999999998 0
0 0.257 0.706 0.29800000000000004 0
0 0.45696875 1.1724999999999999 0 1.127
0 0.6275 0.706 0.20699999999999996 0
0 0.16 0.746 0.05199999999999999 0
0 0.514 0.746 0.5880000000000001 0
0 0.493 0.786 0.732 0
0 0.434 0.826 0.622 0
0 0.802 0.826 0.04999999999999993 0
0 0.097875 0.9085 0 0.08499999999999996
0 0.5 0.866 0.718 0
0 0.16 0.906 0.04199999999999998 0
0 0.29694140625 1.318 0 0.836
0 0.61625 0.883 0 0.050000000000000044
0 0.6765 0.906 0.06499999999999995 0
0 0.05875 0.9650000000000001 0 0.13
0 0.4675 0.946 0.667 0
0 0.819375 0.935 0 0.07599999999999996
0 0.09275 1.0065 0 0.040999999999999925
0 0.4515 0.986 0.671 0
0 0.177 1.026 0.24 0
0 0.5700000000000001 1.026 0.44600000000000006 0
0 0.445 1.066 0.608 0
0 0.8235 1.066 0.07099999999999995 0
0 0.05875 1.166 0 0.11999999999999988
0 0.479 1.106 0.6759999999999999 0
0 0.4495 1.146 0.613 0
0 0.4585 1.186 0.601 0
0 0.7825 1.206 0 0.040000000000000036
0 0.491 1.226 0.5860000000000001 0
0 0.4395 1.266 0.597 0
0 0.40149999999999997 1.306 0.363 0
0 0.6975 1.306 0.16700000000000004 0
0 0.05825 1.3555000000000001 0 0.05499999999999994
0 0.292 1.346 0.268 0
0 0.504 1.346 0.08000000000000002 0
0 0.229 1.386 0.062 0
0 0.5760000000000001 1.386 0.44000000000000006 0
0 0.05825 1.4515 0 0.051000000000000156
0 0.30100000000000005 1.426 0.202 0
0 0.4585 1.426 0.044999999999999984 0
0 0.6005 1.426 0.17100000000000004 0
0 0.4805 1.466 0.42099999999999993 0
0 0.1369375 1.5070000000000001 0 0.07199999999999984
0 0.4855 1.506 0.523 0
0 0.4215 1.546 0.369 0
0 0.6835 1.546 0.04299999999999993 0
0 0.476 1.586 0.494 0
0 0.4765 1.626 0.491 0
0 0.3765 1.666 0.28300000000000003 0
0 0.6285000000000001 1.666 0.1529999999999999 0
0 0.3185 1.706 0.237 0
0 0.61 1.706 0.062000000000000055 0
0 0.097 0.6910000000000001 0 0.04399999999999993
0 0.137 0.34450000000000003 0 0.07700000000000001
0 0.137 0.45599999999999996 0 0.08000000000000002
0 0.137 0.677 0 0.264
0 0.137 0.921 0 0.05999999999999994
0 0.137 1.008 0 0.041999999999999926
0 0.137 1.1055000000000001 0 0.050999999999999934
0 0.177 0.722 0 0.8319999999999999
0 0.217 0.559 0 0.506
0 0.217 1.019 0 0.2659999999999999
0 0.217 1.2685 0 0.04299999999999993
0 0.257 0.563 0 0.514
0 0.257 1.2025000000000001 0 0.655
0 0.257 1.592 0 0.05600000000000005
0 0.257 1.7015 0 0.06899999999999995
0 0.297 0.555 0 0.49800000000000005
0 0.337 0.614 0 0.6160000000000001
0 0.337 1.345 0 0.782
0 0.377 0.6705 0 0.7289999999999999
0 0.377 1.4729999999999999 0 0.526
0 0.417 0.41100000000000003 0 0.21000000000000002
0 0.417 1.1415 0 1.189
0 0.457 0.38749999999999996 0 0.16299999999999998
0 0.497 1.021 0 1.43
0 0.537 0.9675 0 1.323
0 0.577 0.614 0 0.6160000000000001
0 0.577 1.252 0 0.556
0 0.577 1.639 0 0.1499999999999999
0 0.617 0.351 0 0.09000000000000002
0 0.617 0.74 0 0.18199999999999994
0 0.617 1.2365 0 0.5950000000000001
0 0.617 1.639 0 0.1499999999999999
0 0.657 0.9235 0 1.2349999999999999
0 0.657 1.65 0 0.1279999999999999
0 0.697 0.6075 0 0.603
0 0.697 1.1985 0 0.43099999999999994
0 0.697 1.487 0 0.05400000000000005
0 0.697 1.608 0 0.12399999999999989
0 0.737 0.776 0 0.94
0 0.737 1.4049999999999998 0 0.23199999999999998
0 0.777 0.615 0 0.16999999999999993
0 0.777 0.8029999999999999 0 0.039999999999999925
0 0.777 0.945 0 0.18399999999999994
0 0.777 1.1099999999999999 0 0.06399999999999983
0 0.777 1.363 0 0.14400000000000013
0 0.817 1.0895000000000001 0 0.06299999999999994
0 0.857 0.889 0 0.08400000000000007
0 0.857 1.3575 0 0.04899999999999993
1 0.2855 0.506 0.037 0.05
1 0.07975 0.655 0.04443253312607778 0.05
1 0.443 0.546 0.03 0.05
1 0.4145 0.606 0.04123105625617661 0.05
1 0.7905 0.626 0.039 0.05
1 0.2065 0.666 0.035 0.05
1 0.203 0.746 0.034 0.05
1 0.761 0.826 0.032 0.05
1 0.0953125 0.9685 0.03537323317142497 0.05
1 0.616625 0.7785 0.02701041465805366 0.05
1 0.616625 0.9235 0.031009071253425183 0.05
1 0.7905 1.046 0.04031128874149274 0.05
1 0.77975 1.152 0.04434241761564202 0.05
1 0.5985 1.306 0.031 0.05
1 0.05825 1.4045 0.043 0.05
1 0.445 1.346 0.038 0.05
1 0.419 1.426 0.034 0.05
1 0.498 1.426 0.034 0.05
1 0.535 1.666 0.034 0.05
1 0.137 0.3995 0.033 0.05
1 0.257 1.547 0.034 0.05
1 0.337 0.938 0.032 0.05
1 0.577 1.547 0.034 0.05
1 0.677 1.5435 0.04031128874149274 0.05
1 0.737 1.2675 0.043 0.05
3 0.2575 0.6635 0.401 0.7149999999999999
3 0.6585 0.6635 0.40099999999999997 0.7149999999999999
3 0.2575 1.3784999999999998 0.401 0.7150000000000001
3 0.6585 1.3784999999999998 0.40099999999999997 0.7150000000000001