0 0.320375 0.11199999999999999 0 0.06599999999999999
0 0.101 0.119 0.126 0
0 0.2695 0.119 0.099 0
0 0.441 0.1275 0 0.045
0 0.5435 0.119 0.05899999999999994 0
0 0.23625 0.22649999999999998 0 0.157
0 0.55 0.199 0.04599999999999993 0
0 0.1735 0.239 0.05300000000000002 0
0 0.5505 0.239 0.04499999999999993 0
0 0.16899999999999998 0.279 0.04200000000000001 0
0 0.16899999999999998 0.319 0.04400000000000001 0
0 0.5509999999999999 0.319 0.04399999999999993 0
0 0.27925 0.3425 0 0.044999999999999984
0 0.39825 0.389 0 0.06
0 0.198 0.43 0 0.04200000000000004
0 0.158 0.20700000000000002 0 0.25
0 0.198 0.10350000000000001 0 0.049
0 0.318 0.3275 0 0.059
0 0.558 0.238 0 0.142
1 0.217125 0.192 0.04316320771212445 0.05
3 0.17174999999999999 0.17200000000000001 0.2675 0.186
3 0.43925 0.17200000000000001 0.26749999999999996 0.186
3 0.17174999999999999 0.358 0.2675 0.186
3 0.43925 0.358 0.26749999999999996 0.186