0 0.44725 0.108 0 0.04000000000000001
0 0.403 0.128 0.16399999999999998 0
0 0.479 0.168 0.13800000000000007 0
0 0.6265000000000001 0.168 0.07100000000000006 0
0 0.63875 0.2665 0 0.11700000000000002
0 0.442125 0.22200000000000003 0 0.11600000000000002
0 0.6265000000000001 0.248 0.07100000000000006 0
0 0.085 0.3085 0 0.041000000000000036
0 0.33699999999999997 0.288 0.202 0
0 0.6265000000000001 0.288 0.07100000000000006 0
0 0.10899999999999999 0.328 0.13 0
0 0.6134999999999999 0.328 0.041000000000000036 0
0 0.22250000000000003 0.368 0.10900000000000001 0
0 0.4245 0.368 0.04299999999999998 0
0 0.5245 0.392 0 0.066
0 0.237 0.408 0.05400000000000002 0
0 0.4055 0.431 0 0.14400000000000002
0 0.523 0.408 0.050000000000000044 0
0 0.60775 0.4185 0 0.044999999999999984
0 0.2185 0.448 0.08300000000000002 0
0 0.124 0.25 0 0.04200000000000001
0 0.164 0.239 0 0.04000000000000001
0 0.164 0.32399999999999995 0 0.04999999999999999
0 0.244 0.14950000000000002 0 0.04300000000000001
0 0.244 0.32499999999999996 0 0.068
0 0.284 0.39 0 0.062
0 0.364 0.114 0 0.04600000000000001
0 0.404 0.113 0 0.04200000000000001
0 0.404 0.195 0 0.062
0 0.604 0.312 0 0.04800000000000004
0 0.644 0.1345 0 0.067
0 0.644 0.47550000000000003 0 0.05499999999999999
1 0.4446875 0.146 0.03636297051947214 0.05
1 0.5695 0.168 0.043 0.05
1 0.641375 0.213 0.04034306012190945 0.05
1 0.1045 0.279 0.0425440947723653 0.05
1 0.171 0.348 0.04044749683231337 0.05
1 0.625875 0.4445 0.03691967632577512 0.05
1 0.164 0.279 0.04 0.05
1 0.264 0.359 0.04 0.05
3 0.19849999999999998 0.19174999999999998 0.309 0.2075
3 0.5075000000000001 0.19174999999999998 0.30900000000000005 0.2075
3 0.19849999999999998 0.39925 0.309 0.20750000000000002
3 0.5075000000000001 0.39925 0.30900000000000005 0.20750000000000002