0 0.70225 0.33399999999999996 0 0.186
0 0.74275 0.265 0 0.04799999999999999
0 0.81175 0.266 0 0.04999999999999999
0 0.8525 0.272 0 0.062
0 1.2165 0.26 0 0.07999999999999999
0 1.3315 0.262 0 0.04199999999999998
0 1.3725 0.26349999999999996 0 0.044999999999999984
0 0.5985 0.281 0.695 0
0 1.3675 0.281 0.17700000000000005 0
0 0.29775 0.311 0 0.08599999999999997
0 0.6635 0.2935 0 0.05499999999999999
0 0.307 0.361 0.11199999999999999 0
0 0.9795 0.481 0.041000000000000036 0
0 1.339125 0.499 0 0.10400000000000004
0 1.287 0.521 0.08799999999999986 0
0 1.3255 0.561 0.05700000000000016 0
0 0.2825 0.641 0.067 0
0 0.339 0.638 0 0.07000000000000006
0 0.4565 0.64 0 0.07400000000000007
0 0.49778125 0.6575 0 0.10899999999999999
0 0.57875 0.6395 0 0.07300000000000006
0 1.3335 0.641 0.04299999999999993 0
0 1.3815 0.636 0 0.04600000000000004
0 0.8805000000000001 0.681 0.08100000000000007 0
0 1.0065 0.681 0.06099999999999994 0
0 1.2589375 0.7045 0 0.06299999999999994
0 0.25375 0.529 0 0.38399999999999995
0 0.3055 0.721 0.05099999999999999 0
0 0.853 0.721 0.124 0
0 1.0095 0.721 0.049000000000000044 0
0 0.179 0.731 0 0.06400000000000006
0 0.25375 0.7989999999999999 0 0.07599999999999996
0 0.3085 0.761 0.056999999999999995 0
0 0.898 0.772 0 0.07600000000000007
0 1.0165 0.7170000000000001 0 0.08799999999999997
0 1.2795 0.801 0.05700000000000016 0
0 0.17725 0.885 0 0.08800000000000008
0 0.5735 0.8674999999999999 0 0.05300000000000005
0 0.401 0.881 0.14999999999999997 0
0 0.6365 0.881 0.119 0
0 1.2545 0.9235 0 0.08499999999999996
0 1.35 0.881 0.07599999999999985 0
0 0.25375 1.0310000000000001 0 0.21999999999999997
0 0.337703125 1.0310000000000001 0 0.21999999999999997
0 0.39349999999999996 0.921 0.07100000000000001 0
0 0.6845 0.921 0.050999999999999934 0
0 0.3185 0.961 0.139 0
0 0.4455 0.961 0.05499999999999999 0
0 0.777125 1.018 0 0.14600000000000002
0 0.93925 0.9704999999999999 0 0.05300000000000005
0 1.303 0.961 0.04600000000000004 0
0 0.232 1.001 0.08800000000000002 0
0 0.33499999999999996 1.001 0.057999999999999996 0
0 0.41800000000000004 1.001 0.045999999999999985 0
0 1.2188125 1.025 0 0.1100000000000001
0 1.25425 1.0285 0 0.05500000000000016
0 0.2135 1.041 0.056999999999999995 0
0 0.417375 1.0335 0 0.09899999999999998
0 1.241 1.041 0.04799999999999982 0
0 0.435 1.081 0.050000000000000044 0
0 0.138 0.7909999999999999 0 0.04999999999999993
0 0.218 0.9795 0 0.10899999999999999
0 0.258 0.27849999999999997 0 0.07300000000000001
0 0.298 0.7535000000000001 0 0.09700000000000009
0 0.298 1.0415 0 0.19900000000000007
0 0.338 0.7605 0 0.11099999999999999
0 0.378 0.64 0 0.07400000000000007
0 0.378 0.913 0 0.09399999999999997
0 0.378 1.0545 0 0.09299999999999997
0 0.418 0.27049999999999996 0 0.044999999999999984
0 0.418 0.9359999999999999 0 0.041999999999999926
0 0.458 0.272 0 0.04799999999999999
0 0.458 0.9375 0 0.1429999999999999
0 0.498 0.278 0 0.057999999999999996
0 0.538 0.27849999999999997 0 0.04899999999999999
0 0.578 0.276 0 0.05399999999999999
0 0.578 1.0594999999999999 0 0.08500000000000019
0 0.618 0.565 0 0.07799999999999996
0 0.658 0.8975 0 0.04500000000000004
0 0.658 0.9904999999999999 0 0.07900000000000007
0 0.698 0.6305000000000001 0 0.07700000000000007
0 0.698 0.9775 0 0.32700000000000007
0 0.858 0.6805 0 0.07699999999999996
0 0.898 0.677 0 0.06999999999999995
0 0.938 0.276 0 0.06
0 0.938 0.754 0 0.052000000000000046
0 0.978 0.28400000000000003 0 0.04199999999999998
0 0.978 0.4585 0 0.05499999999999999
0 0.978 0.7130000000000001 0 0.06799999999999995
0 1.058 0.2925 0 0.05299999999999999
0 1.178 0.469 0 0.04799999999999999
0 1.258 0.502 0 0.040000000000000036
0 1.258 1.116 0 0.050000000000000044
0 1.298 0.492 0 0.15199999999999997
0 1.338 0.628 0 0.062000000000000055
0 1.418 0.7344999999999999 0 0.061000000000000054
0 1.458 0.477 0 0.064
1 0.3385 0.689 0.032015621187164243 0.05
1 0.598375 0.601 0.03926273678693323 0.05
1 0.25375 0.741 0.04 0.05
1 0.1585 0.7645 0.04110960958218893 0.05
1 0.878 0.726 0.04272001872658766 0.05
1 0.197625 0.927 0.040945848385398 0.05
1 1.23665625 0.968 0.035910968467168916 0.05
1 0.4235 0.941 0.041484937025383084 0.05
1 0.291 1.001 0.03 0.05
1 1.23840625 1.0855 0.04070209031794313 0.05
1 0.658 0.9355 0.031 0.05
3 0.468 0.45025 0.66 0.4605
3 1.1280000000000001 0.45025 0.6599999999999999 0.4605
3 0.468 0.91075 0.66 0.4605
3 1.1280000000000001 0.91075 0.6599999999999999 0.4605