0 0.0655 0.248 0 0.264
0 0.82484375 0.168 0 0.104
0 0.1065 0.156 0.08299999999999999 0
0 0.359 0.156 0.045999999999999985 0
0 0.14400000000000002 0.196 0.156 0
0 0.1385 0.236 0.147 0
0 0.78521875 0.264 0 0.11200000000000002
0 0.162 0.276 0.122 0
0 0.1005 0.316 0.07100000000000001 0
0 0.20700000000000002 0.316 0.08199999999999999 0
0 0.14250000000000002 0.356 0.155 0
0 0.74025 0.282 0 0.148
0 0.14150000000000001 0.396 0.053000000000000005 0
0 0.187375 0.379 0 0.08599999999999997
0 0.226625 0.4205 0 0.04899999999999999
0 0.903125 0.435 0 0.06799999999999995
0 0.8045 0.516 0.15900000000000003 0
0 0.7849999999999999 0.556 0.17600000000000005 0
0 0.7895 0.596 0.11699999999999999 0
0 0.9295 0.596 0.09499999999999997 0
0 0.46549999999999997 0.636 0.243 0
0 0.7925 0.636 0.121 0
0 0.95 0.636 0.05399999999999994 0
0 0.105 0.188 0 0.14400000000000002
0 0.105 0.3325 0 0.07500000000000001
0 0.145 0.276 0 0.32
0 0.145 0.5755 0 0.16300000000000003
0 0.225 0.177 0 0.055999999999999994
0 0.225 0.321 0 0.08599999999999997
0 0.385 0.163 0 0.07
0 0.585 0.4345 0 0.063
0 0.745 0.5525 0 0.133
0 0.785 0.5055000000000001 0 0.051000000000000045
0 0.825 0.54 0 0.14999999999999997
0 0.865 0.5215000000000001 0 0.07300000000000006
0 0.945 0.6255 0 0.06300000000000006
1 0.80503125 0.214 0.04140218140388257 0.05
1 0.151 0.316 0.03 0.05
1 0.2258125 0.3615 0.03204123320036231 0.05
1 0.8840625 0.477 0.04134628913215792 0.05
1 0.8775 0.576 0.041 0.05
3 0.29300000000000004 0.25125000000000003 0.456 0.2705
3 0.749 0.25125000000000003 0.45599999999999996 0.2705
3 0.29300000000000004 0.52175 0.456 0.2705
3 0.749 0.52175 0.45599999999999996 0.2705