0 1.209875 0.3205 0 0.07700000000000001
0 1.2395 0.402 0.07299999999999995 0
0 1.174 0.613 0 0.10199999999999998
0 0.9105000000000001 0.602 0.04500000000000004 0
0 1.08925 0.73 0 0.17999999999999994
0 1.1905000000000001 0.642 0.05899999999999994 0
0 0.9585 0.682 0.06099999999999994 0
0 1.107 0.682 0.040000000000000036 0
0 0.254 0.722 0.07599999999999998 0
0 0.3315625 0.743 0 0.10200000000000009
0 0.3715 0.725 0 0.06600000000000006
0 0.410125 0.719 0 0.05800000000000005
0 0.7525 0.722 0.265 0
0 1.072 0.722 0.06400000000000006 0
0 1.306 0.722 0.1259999999999999 0
0 0.6425000000000001 0.762 0.04500000000000004 0
0 0.931 0.762 0.16600000000000004 0
0 1.08 0.762 0.05600000000000005 0
0 1.1755 0.762 0.06899999999999995 0
0 0.329625 0.8535 0 0.10299999999999998
0 0.401 0.802 0.07800000000000001 0
0 0.7735000000000001 0.802 0.243 0
0 1.169 0.802 0.05600000000000005 0
0 0.3015 0.842 0.056999999999999995 0
0 0.409125 0.8734999999999999 0 0.06300000000000006
0 0.575 0.842 0.05799999999999994 0
0 0.8235 0.842 0.133 0
0 1.04925 0.873 0 0.07400000000000007
0 1.177 0.842 0.06600000000000006 0
0 0.1685 0.9305 0 0.09699999999999998
0 0.372125 0.884 0 0.04600000000000004
0 0.8425 0.882 0.06299999999999994 0
0 1.20825 0.863 0 0.08800000000000008
0 0.2145 0.9550000000000001 0 0.118
0 0.5775 0.922 0.06299999999999994 0
0 0.728875 0.9359999999999999 0 0.04999999999999993
0 0.9059999999999999 0.922 0.08999999999999997 0
0 0.1975 0.962 0.07300000000000001 0
0 0.57 0.95 0 0.05799999999999994
0 0.6101875 1.0230000000000001 0 0.3680000000000001
0 0.9075 0.962 0.09299999999999997 0
0 0.239 1.002 0.08599999999999997 0
0 0.867 1.002 0.05600000000000005 0
0 1.0375 1.002 0.08100000000000007 0
0 0.2895 1.042 0.07300000000000001 0
0 0.8335 1.042 0.06499999999999995 0
0 0.304 1.082 0.122 0
0 0.53125 1.1400000000000001 0 0.1399999999999999
0 0.8345 1.122 0.06099999999999994 0
0 0.8905 1.097 0 0.050000000000000044
0 0.5640000000000001 1.162 0.10599999999999998 0
0 0.8435 1.162 0.07899999999999996 0
0 0.39849999999999997 1.202 0.08700000000000002 0
0 0.7245 1.202 0.139 0
0 1.111 1.202 0.516 0
0 1.3159999999999998 1.282 0.1060000000000001 0
0 0.71 1.482 0.05599999999999994 0
0 0.681 1.522 0.20600000000000007 0
0 0.49275 1.5635 0 0.06900000000000017
0 0.53275 1.5635 0 0.06900000000000017
0 0.171 1.162 0 0.06000000000000005
0 0.251 0.7264999999999999 0 0.06900000000000006
0 0.251 1.0045 0 0.07299999999999995
0 0.291 1.0495 0 0.08900000000000019
0 0.331 1.069 0 0.04400000000000004
0 0.451 1.073 0 0.10200000000000009
0 0.571 0.72 0 0.05600000000000005
0 0.571 0.8485 0 0.08499999999999996
0 0.571 1.153 0 0.09200000000000008
0 0.651 0.7364999999999999 0 0.08900000000000008
0 0.731 0.7935 0 0.04299999999999993
0 0.771 0.7155 0 0.04700000000000004
0 0.771 0.8420000000000001 0 0.14
0 0.811 0.837 0 0.06999999999999995
0 0.851 0.7825 0 0.18100000000000005
0 0.851 1.166 0 0.05400000000000005
0 0.891 0.7775 0 0.17500000000000004
0 0.891 0.995 0 0.05400000000000005
0 0.891 1.182 0 0.04600000000000004
0 0.931 0.7425 0 0.921
0 0.971 1.165 0 0.05600000000000005
0 1.051 0.6779999999999999 0 0.09999999999999998
0 1.131 0.7130000000000001 0 0.136
0 1.171 0.8065 0 0.07899999999999996
0 1.211 0.746 0 0.09800000000000009
0 1.251 0.7955 0 0.19700000000000006
0 1.331 0.722 0 0.06400000000000006
1 1.06925 0.828 0.04308131845707603 0.05
1 1.0835 0.702 0.04346262762420146 0.05
1 0.6585 0.782 0.042059481689626185 0.05
1 1.033 0.762 0.038 0.05
1 1.1245 0.762 0.033 0.05
1 0.8675 0.902 0.042059481689626185 0.05
1 0.7499375 0.8665 0.04213686776446489 0.05
1 0.5705 0.8925 0.03001666203960727 0.05
1 0.87075 1.1305 0.043002906878489046 0.05
1 0.769 1.182 0.04123105625617661 0.05
1 0.771 0.7555 0.033 0.05
3 0.463 0.611 0.604 0.6579999999999999
3 1.067 0.611 0.604 0.6579999999999999
3 0.463 1.2690000000000001 0.604 0.6580000000000001
3 1.067 1.2690000000000001 0.604 0.6580000000000001