0 0.08575 0.434 0 0.608
0 0.9085000000000001 0.17 0.05700000000000005 0
0 0.7765 0.21 0.07100000000000006 0
0 0.907 0.21 0.05800000000000005 0
0 0.9195 0.25 0.04699999999999993 0
0 1.04825 0.27049999999999996 0 0.04099999999999998
0 0.185 0.29 0.064 0
0 1.126 0.29 0.062000000000000055 0
0 0.732 0.33 0.06000000000000005 0
0 1.13 0.353 0 0.045999999999999985
0 0.2165 0.41 0.04299999999999998 0
0 1.1345 0.41 0.07899999999999996 0
0 1.1355 0.45 0.08099999999999996 0
0 1.0805 0.49 0.04899999999999993 0
0 0.8050625 0.6085 0 0.14300000000000002
0 0.91925 0.6539999999999999 0 0.16800000000000004
0 0.964375 0.579 0 0.08399999999999996
0 0.9275 0.61 0.3770000000000001 0
0 0.7795 0.65 0.08899999999999997 0
0 1.1684999999999999 0.65 0.18499999999999983 0
0 0.756 0.69 0.04400000000000004 0
0 0.8085 0.714 0 0.04800000000000004
0 0.883875 0.7135 0 0.049000000000000044
0 1.0885 0.6359999999999999 0 0.10799999999999998
0 1.12575 0.6555 0 0.06899999999999995
0 1.1760000000000002 0.69 0.04600000000000004 0
0 0.8355 0.73 0.20300000000000007 0
0 0.204 0.2095 0 0.15899999999999997
0 0.204 0.40700000000000003 0 0.057999999999999996
0 0.324 0.4135 0 0.044999999999999984
0 0.764 0.661 0 0.15400000000000003
0 0.844 0.27349999999999997 0 0.07300000000000001
0 0.844 0.569 0 0.06399999999999995
0 0.884 0.1785 0 0.095
0 0.884 0.583 0 0.09199999999999997
0 0.924 0.209 0 0.15799999999999997
0 1.004 0.21950000000000003 0 0.097
0 1.044 0.6025 0 0.041000000000000036
0 1.164 0.4085 0 0.07300000000000001
0 1.164 0.6235 0 0.125
0 1.204 0.625 0 0.1279999999999999
0 1.244 0.675 0 0.126
1 1.147 0.374 0.03423448553724738 0.05
1 1.116 0.47 0.04123105625617661 0.05
1 0.864 0.2205 0.041484937025383084 0.05
3 0.37956249999999997 0.28200000000000003 0.587625 0.304
3 0.9671874999999999 0.28200000000000003 0.587625 0.304
3 0.37956249999999997 0.586 0.587625 0.304
3 0.9671874999999999 0.586 0.587625 0.304