0 0.109 0.395 0.13799999999999998 0
0 0.392 0.395 0.15799999999999997 0
0 1.0385 0.445 0.19099999999999995 0
0 0.618 0.461 0.34 0
0 1.0074999999999998 0.469 0.2529999999999999 0
0 0.7415 0.477 0.09500000000000008 0
0 1.0065 0.493 0.2549999999999999 0
0 0.743 0.501 0.09800000000000009 0
0 1.006 0.517 0.2559999999999999 0
0 0.7204999999999999 0.525 0.05300000000000005 0
0 1.0755 0.525 0.11699999999999999 0
0 0.7055 0.549 0.08299999999999996 0
0 0.9575 0.605 0.1469999999999999 0
0 0.25 0.701 0.41800000000000004 0
0 0.394 0.725 0.706 0
0 0.9949999999999999 0.773 0.2779999999999999 0
0 0.445 0.47750000000000004 0 0.16500000000000004
0 0.469 0.454 0 0.118
0 0.477 0.485 0 0.055999999999999994
0 0.693 0.511 0 0.09800000000000003
0 0.717 0.511 0 0.09800000000000003
0 0.725 0.7655000000000001 0 0.08900000000000008
0 0.741 0.511 0 0.09800000000000003
0 0.749 0.7655000000000001 0 0.08900000000000008
0 0.757 0.48750000000000004 0 0.05099999999999999
0 0.781 0.48750000000000004 0 0.05099999999999999
0 0.885 0.49550000000000005 0 0.067
0 0.885 0.762 0 0.09600000000000009
0 0.909 0.48750000000000004 0 0.05099999999999999
0 0.933 0.48750000000000004 0 0.05099999999999999
0 0.957 0.47850000000000004 0 0.069
0 0.981 0.47850000000000004 0 0.069
0 1.005 0.47850000000000004 0 0.069
0 1.029 0.491 0 0.09400000000000003
0 1.045 0.48350000000000004 0 0.07900000000000001
0 1.069 0.48350000000000004 0 0.07900000000000001
0 1.093 0.48350000000000004 0 0.07900000000000001
3 0.3135 0.49875 0.5469999999999999 0.20750000000000002
3 0.8604999999999999 0.49875 0.5469999999999999 0.20750000000000002
3 0.3135 0.70625 0.5469999999999999 0.20750000000000002
3 0.8604999999999999 0.70625 0.5469999999999999 0.20750000000000002