0 0.77825 0.364 0 0.16000000000000003
0 0.73825 0.41600000000000004 0 0.26400000000000007
0 1.41796875 0.6605 0 0.31099999999999994
0 0.255625 0.5720000000000001 0 0.07399999999999995
0 0.2991875 0.5875 0 0.10499999999999998
0 0.499625 0.5680000000000001 0 0.06599999999999995
0 0.617 0.5640000000000001 0 0.05799999999999994
0 0.941 0.567 0 0.06399999999999995
0 1.6035 0.564 0.11699999999999999 0
0 0.21150000000000002 0.604 0.13500000000000004 0
0 0.46950000000000003 0.604 0.28099999999999997 0
0 2.0355 0.604 0.06899999999999995 0
0 0.3355 0.782 0 0.374
0 0.659125 0.6535 0 0.04300000000000004
0 1.2974999999999999 0.684 0.04699999999999993 0
0 0.1925 0.724 0.097 0
0 0.3005 0.746 0 0.04400000000000004
0 0.434 0.724 0.09399999999999997 0
0 1.3365 0.7170000000000001 0 0.06399999999999995
0 0.194 0.764 0.096 0
0 2.0435 0.764 0.052999999999999936 0
0 0.35100000000000003 0.804 0.41000000000000003 0
0 1.3345 0.8415 0 0.07499999999999996
0 1.858625 0.806 0 0.04599999999999993
0 1.9144999999999999 0.804 0.06299999999999994 0
0 1.97853125 0.8594999999999999 0 0.17299999999999993
0 0.1785 0.825 0 0.041999999999999926
0 0.218875 0.8480000000000001 0 0.08799999999999997
0 1.964 0.844 0.06400000000000006 0
0 0.31799999999999995 0.884 0.062 0
0 0.6335 0.884 0.07700000000000007 0
0 1.381625 0.9255 0 0.08299999999999996
0 1.41825 0.94 0 0.18000000000000005
0 0.415875 0.9255 0 0.040999999999999925
0 0.6445 0.924 0.08899999999999997 0
0 1.33525 0.9675 0 0.08699999999999986
0 0.255625 0.9605 0 0.05499999999999994
0 0.6100000000000001 0.964 0.136 0
0 0.8585 0.964 0.137 0
0 2.0425 0.964 0.054999999999999716 0
0 0.5705 1.004 0.052999999999999936 0
0 0.7265 1.004 0.14700000000000002 0
0 1.9345 0.9395 0 0.2909999999999999
0 0.421125 1.104 0 0.11999999999999988
0 0.7255 1.044 0.17300000000000004 0
0 1.33525 1.185 0 0.28200000000000003
0 1.9100000000000001 1.044 0.05400000000000005 0
0 2.025 1.044 0.08999999999999986 0
0 0.5745 1.084 0.06099999999999994 0
0 0.744 1.084 0.126 0
0 2.003 1.084 0.1339999999999999 0
0 0.472 1.124 0.282 0
0 0.8565 1.124 0.19899999999999995 0
0 0.223 1.164 0.055999999999999994 0
0 0.339375 1.1764999999999999 0 0.10699999999999998
0 0.6180625 1.2275 0 0.129
0 0.698 1.1055000000000001 0 0.135
0 0.758 1.164 0.07000000000000006 0
0 0.618 1.204 0.06800000000000006 0
0 0.9255 1.204 0.052999999999999936 0
0 0.54125 1.2605 0 0.052999999999999936
0 0.73575 1.2525 0 0.05899999999999994
0 0.2575 1.307 0 0.06600000000000006
0 0.651 1.284 0.48200000000000004 0
0 1.01625 1.3585 0 0.14900000000000002
0 1.0365 1.324 0.052999999999999936 0
0 1.228 1.324 0.20000000000000018 0
0 1.579125 1.33 0 0.07000000000000006
0 0.9455 1.364 0.04299999999999993 0
0 1.521 1.364 0.13800000000000012 0
0 1.651 1.364 0.053999999999999826 0
0 1.776 1.364 0.1339999999999999 0
0 1.8994375 1.4605000000000001 0 0.06699999999999995
0 1.296 1.5470000000000002 0 0.04600000000000004
0 0.218 0.7464999999999999 0 0.061000000000000054
0 0.538 0.8320000000000001 0 0.15400000000000003
0 0.578 0.774 0 0.122
0 0.578 1.008 0 0.15399999999999991
0 0.618 1.065 0 0.04200000000000004
0 0.658 0.956 0 0.06799999999999995
0 0.658 1.0434999999999999 0 0.04500000000000015
0 0.658 1.2040000000000002 0 0.04200000000000004
0 0.738 1.049 0 0.13800000000000012
0 0.778 1.1915 0 0.18299999999999983
0 0.818 0.9655 0 0.04500000000000004
0 0.938 1.2305 0 0.08899999999999997
0 0.978 0.5195000000000001 0 0.04700000000000004
0 1.138 1.322 0 0.040000000000000036
0 1.298 0.716 0 0.06599999999999995
0 1.298 0.848 0 0.06600000000000006
0 1.298 0.9789999999999999 0 0.06399999999999995
0 1.378 1.496 0 0.2360000000000002
0 1.458 0.9345 0 0.2390000000000001
0 1.498 0.5405 0 0.07099999999999995
0 1.538 0.5395 0 0.07299999999999995
0 1.578 0.5545 0 0.04299999999999993
0 1.618 0.53 0 0.05400000000000005
0 1.778 1.3285 0 0.07299999999999995
0 1.818 1.3125 0 0.040999999999999925
0 1.898 0.5285 0 0.05700000000000005
0 1.898 0.7725 0 0.09099999999999997
0 1.898 1.0150000000000001 0 0.1180000000000001
0 1.938 0.747 0 0.04400000000000004
0 1.978 0.5285 0 0.05700000000000005
0 2.018 0.5655 0 0.131
0 2.018 0.758 0 0.062000000000000055
0 2.018 0.9165 0 0.04499999999999993
0 2.018 1.0565 0 0.04700000000000015
0 2.058 0.5529999999999999 0 0.039999999999999925
0 2.058 0.7615000000000001 0 0.06900000000000006
0 2.058 1.0185 0 0.1150000000000001
1 1.418109375 0.833 0.03400116323837318 0.05
1 0.9595 0.5475 0.0378549864614954 0.05
1 1.939 0.824 0.04237924020083418 0.05
1 0.2184375 0.804 0.027014174520055206 0.05
1 1.33525 1.0275 0.033 0.05
1 0.79 0.984 0.04123105625617661 0.05
1 1.91625 0.906 0.043683520920365385 0.05
1 1.9585 1.044 0.043 0.05
1 0.678 1.178 0.04123105625617661 0.05
1 1.607 1.364 0.034 0.05
1 1.6935 1.364 0.031 0.05
1 0.658 1.0055 0.031 0.05
1 0.758 1.109 0.043863424398922615 0.05
3 0.6255 0.6164999999999999 0.963 0.665
3 1.5884999999999998 0.6164999999999999 0.9629999999999999 0.665
3 0.6255 1.2815 0.963 0.6650000000000001
3 1.5884999999999998 1.2815 0.9629999999999999 0.6650000000000001