0 0.599 0.325 0.474 0
0 0.7215 0.385 0.18299999999999994 0
0 0.334 0.43 0.11399999999999999 0
0 0.31 0.47 0.11599999999999999 0
0 0.7385 0.52 0.367 0
0 0.394 0.325 0.06 0
0 0.6114999999999999 0.325 0.18499999999999994 0
0 0.7755 0.381 0.16300000000000003 0
0 0.357 0.482 0 0.08200000000000002
0 0.365 0.1875 0 0.31100000000000005
0 0.381 0.472 0 0.05199999999999999
0 0.693 0.36 0 0.07
0 0.861 0.36050000000000004 0 0.07100000000000001
0 1.149 0.7095 0 0.371
0 1.173 0.6995 0 0.391
0 1.373 0.5295000000000001 0 0.05300000000000005
0 1.397 0.29450000000000004 0 0.523
2 0.4805 0.325 0.035 0.05
2 0.599 0.325 0.035 0.05
2 0.7175 0.325 0.035 0.05
3 0.53825 0.24775000000000003 0.5725 0.4315
3 1.11075 0.24775000000000003 0.5725 0.4315
3 0.53825 0.67925 0.5725 0.4315
3 1.11075 0.67925 0.5725 0.4315