0 0.227 0.20400000000000001 0 0.048000000000000015
0 0.261875 0.34650000000000003 0 0.16699999999999998
0 0.279 0.34 0.03999999999999998 0
0 0.3045 0.38 0.18900000000000003 0
0 0.7016875 0.40700000000000003 0 0.08800000000000002
0 0.354 0.42 0.27 0
0 0.08349999999999999 0.46 0.040999999999999995 0
0 0.3805 0.489 0 0.057999999999999996
0 0.437 0.46 0.05400000000000005 0
0 0.5823125 0.484 0 0.07200000000000001
0 0.265 0.496 0 0.04800000000000004
0 0.486 0.5 0.10600000000000004 0
0 0.122 0.54 0.09400000000000001 0
0 0.3445 0.573 0 0.06599999999999995
0 0.5905 0.563 0 0.04599999999999993
0 0.906375 0.5449999999999999 0 0.04599999999999993
0 0.463625 0.5815 0 0.07699999999999996
0 0.18 0.7 0.064 0
0 0.227375 0.7055 0 0.06299999999999994
0 0.34275 0.716 0 0.09799999999999998
0 0.62625 0.6945 0 0.07099999999999995
0 0.3315 0.74 0.121 0
0 0.42 0.769 0 0.05800000000000005
0 0.5795 0.74 0.04699999999999993 0
0 0.30225 0.6445000000000001 0 0.30700000000000005
0 0.103 0.2905 0 0.301
0 0.103 0.6395 0 0.241
0 0.223 0.38849999999999996 0 0.07900000000000001
0 0.303 0.30400000000000005 0 0.328
0 0.343 0.40049999999999997 0 0.04099999999999998
0 0.383 0.382 0 0.04999999999999999
0 0.383 0.735 0 0.06400000000000006
0 0.423 0.5855 0 0.05699999999999994
0 0.543 0.5675 0 0.07699999999999996
0 0.623 0.47650000000000003 0 0.056999999999999995
0 0.623 0.5720000000000001 0 0.05999999999999994
0 0.663 0.42500000000000004 0 0.05399999999999999
0 0.743 0.41800000000000004 0 0.04199999999999998
0 0.783 0.6425000000000001 0 0.07900000000000007
1 0.2634375 0.451 0.04211609698203289 0.05
1 0.3625 0.529 0.042190046219457975 0.05
1 0.56265625 0.5245 0.04032955065767532 0.05
1 0.284 0.33 0.038209946349085595 0.05
1 0.623 0.5235 0.037 0.05
1 0.643 0.4515 0.04019950248448356 0.05
3 0.27384375 0.3045 0.4216875 0.32899999999999996
3 0.69553125 0.3045 0.42168750000000005 0.32899999999999996
3 0.27384375 0.6335 0.4216875 0.32900000000000007
3 0.69553125 0.6335 0.42168750000000005 0.32900000000000007