0 0.5245 0.39 0.355 0
0 0.9705 0.455 0.2270000000000001 0
0 0.319 0.515 0.216 0
0 0.5835 0.515 0.10899999999999999 0
0 1.217 0.71 0.11999999999999988 0
0 0.22 0.6085 0 0.21699999999999997
0 0.28 0.267 0 0.11600000000000002
0 0.66 0.5549999999999999 0 0.374
0 0.72 0.5625 0 0.351
0 0.905 0.572 0 0.556
0 1.19 0.4415 0 0.16700000000000004
0 1.112 0.301 0.08200000000000007 0
0 0.9405 0.365 0.06099999999999994 0
0 1.1644999999999999 0.685 0.21299999999999986 0
0 0.5720000000000001 0.717 0.09999999999999998 0
0 1.2395 0.733 0.06499999999999995 0
0 1.1255000000000002 0.805 0.07899999999999996 0
0 0.873 0.813 0.06600000000000006 0
0 0.677 0.42000000000000004 0 0.05399999999999999
0 0.845 0.87 0 0.05600000000000005
0 0.901 0.644 0 0.05600000000000005
0 1.061 0.6525 0 0.07099999999999995
0 1.109 0.8440000000000001 0 0.09799999999999998
0 1.117 0.854 0 0.07800000000000007
2 0.22 0.6085 0.035 0.05
2 0.66 0.49266666666666664 0.035 0.05
2 0.66 0.6173333333333333 0.035 0.05
2 0.905 0.433 0.035 0.05
2 0.905 0.572 0.035 0.05
2 0.905 0.711 0.035 0.05
3 0.4775 0.38125 0.533 0.34450000000000003
3 1.0105 0.38125 0.5329999999999999 0.34450000000000003
3 0.4775 0.72575 0.533 0.34450000000000003
3 1.0105 0.72575 0.5329999999999999 0.34450000000000003