0 1.038375 0.3235 0 0.16100000000000003
0 0.47671875 0.3305 0 0.119
0 0.556125 0.3355 0 0.121
0 0.676625 0.28200000000000003 0 0.07600000000000001
0 0.795875 0.30900000000000005 0 0.06
0 0.8351875 0.32599999999999996 0 0.16399999999999998
0 1.01 0.283 0.04599999999999993 0
0 1.07525 0.2895 0 0.09300000000000003
0 1.157125 0.29000000000000004 0 0.09400000000000003
0 1.276 0.29200000000000004 0 0.09800000000000003
0 1.395625 0.322 0 0.08999999999999997
0 0.288 0.323 0.278 0
0 0.5595 0.323 0.08099999999999996 0
0 0.804 0.323 0.19200000000000006 0
0 1.1664999999999999 0.323 0.43899999999999995 0
0 1.6219999999999999 0.323 0.252 0
0 0.2455 0.363 0.19300000000000003 0
0 0.552 0.363 0.04999999999999993 0
0 0.7255 0.363 0.10699999999999998 0
0 0.9359999999999999 0.363 0.07999999999999996 0
0 1.4445000000000001 0.363 0.31500000000000017 0
0 1.681 0.363 0.08000000000000007 0
0 0.31 0.403 0.05400000000000005 0
0 0.559875 0.4475 0 0.08899999999999997
0 0.623 0.403 0.052000000000000046 0
0 1.1335 0.403 0.052999999999999936 0
0 0.41100000000000003 0.443 0.068 0
0 0.644 0.443 0.07400000000000007 0
0 0.9984999999999999 0.443 0.07500000000000007 0
0 1.146 0.443 0.08600000000000008 0
0 1.2515 0.443 0.04699999999999993 0
0 1.317125 0.4555 0 0.133
0 0.147 0.483 0.057999999999999996 0
0 0.39749999999999996 0.483 0.10700000000000004 0
0 0.6205 0.483 0.21099999999999997 0
0 1.048 0.483 0.45600000000000007 0
0 1.6975 0.483 0.10099999999999998 0
0 0.517625 0.492 0 0.23199999999999998
0 0.6765625 0.6020000000000001 0 0.15800000000000003
0 0.792 0.523 0.05799999999999994 0
0 1.101 0.523 0.29200000000000015 0
0 1.3365 0.523 0.11499999999999999 0
0 0.42400000000000004 0.563 0.05399999999999999 0
0 0.5955 0.563 0.09099999999999997 0
0 0.7929999999999999 0.563 0.05999999999999994 0
0 1.078 0.563 0.06800000000000006 0
0 1.3199999999999998 0.563 0.1319999999999999 0
0 1.5645 0.563 0.09100000000000019 0
0 0.116375 0.61 0 0.06400000000000006
0 0.55571875 0.6315 0 0.1389999999999999
0 0.8025 0.603 0.07899999999999996 0
0 0.876125 0.6719999999999999 0 0.16000000000000003
0 0.9410000000000001 0.603 0.05399999999999994 0
0 1.089 0.603 0.08599999999999985 0
0 1.4215 0.603 0.401 0
0 0.146 0.643 0.059999999999999984 0
0 0.527 0.643 0.05600000000000005 0
0 0.595125 0.645 0 0.05600000000000005
0 0.634375 0.6455 0 0.05700000000000005
0 0.7235 0.643 0.10699999999999998 0
0 0.8815 0.643 0.08500000000000008 0
0 1.1775 0.643 0.07100000000000017 0
0 0.956 0.683 0.04399999999999993 0
0 1.5955 0.683 0.30499999999999994 0
0 1.4765625 0.716 0 0.06799999999999995
0 1.516125 0.714 0 0.06399999999999995
0 1.641 0.723 0.07399999999999984 0
0 0.96175 0.7929999999999999 0 0.05999999999999994
0 1.117625 0.772 0 0.06600000000000006
0 0.9035 0.803 0.14100000000000001 0
0 1.1324999999999998 0.803 0.10699999999999998 0
0 1.20025 0.8105 0 0.04899999999999993
0 1.4845000000000002 0.803 0.14300000000000002 0
0 1.51825 0.8165 0 0.052999999999999936
0 1.71675 0.9295 0 0.17300000000000004
0 0.274375 0.883 0 0.1419999999999999
0 0.557375 0.885 0 0.052000000000000046
0 0.9824999999999999 0.883 0.04300000000000004 0
0 1.11528125 0.9115 0 0.10499999999999998
0 1.236140625 1.0235 0 0.45100000000000007
0 1.391 0.883 0.07399999999999984 0
0 0.677875 0.9315 0 0.07699999999999996
0 0.956375 0.9465 0 0.09899999999999998
0 1.0725 0.923 0.07299999999999995 0
0 0.288 0.963 0.28200000000000003 0
0 0.649 0.963 0.26 0
0 1.55584375 1.099 0 0.30600000000000005
0 0.6364375 1.0615 0 0.21500000000000008
0 0.80275 0.9784999999999999 0 0.04899999999999993
0 0.8759453125 1.1315 0 0.17700000000000005
0 0.918875 1.0805 0 0.07500000000000018
0 0.95634375 1.1 0 0.1140000000000001
0 0.118625 1.1059999999999999 0 0.06399999999999983
0 0.144 1.123 0.05599999999999998 0
0 0.456 1.163 0.17000000000000004 0
0 0.8363125 1.188 0 0.06400000000000006
0 0.118875 1.2389999999999999 0 0.07199999999999984
0 0.397375 1.1909999999999998 0 0.05800000000000005
0 0.63325 1.2585000000000002 0 0.11099999999999999
0 1.46975 1.2925 0 0.17899999999999983
0 0.144 1.243 0.05599999999999998 0
0 1.274125 1.2349999999999999 0 0.051999999999999824
0 1.398625 1.2745000000000002 0 0.06299999999999994
0 1.514 1.243 0.09600000000000009 0
0 0.2905 1.283 0.10899999999999999 0
0 0.23725 1.298 0 0.07200000000000006
0 0.5235000000000001 1.323 0.07300000000000006 0
0 0.156 0.3645 0 0.123
0 0.156 0.8594999999999999 0 0.3829999999999999
0 0.156 1.339 0 0.08599999999999985
0 0.236 0.323 0 0.040000000000000036
0 0.236 0.4075 0 0.04899999999999999
0 0.276 0.323 0 0.040000000000000036
0 0.276 0.5589999999999999 0 0.15400000000000003
0 0.276 0.7315 0 0.11499999999999999
0 0.276 1.0965 0 0.133
0 0.316 0.2945 0 0.05499999999999999
0 0.316 0.46099999999999997 0 0.064
0 0.356 0.729 0 0.05400000000000005
0 0.436 0.28200000000000003 0 0.07600000000000001
0 0.436 0.45799999999999996 0 0.05399999999999999
0 0.436 0.72 0 0.052000000000000046
0 0.436 1.188 0 0.06000000000000005
0 0.476 0.72 0 0.052000000000000046
0 0.596 0.47150000000000003 0 0.04299999999999998
0 0.596 0.5549999999999999 0 0.039999999999999925
0 0.636 0.432 0 0.10599999999999998
0 0.676 0.8255 0 0.08499999999999996
0 0.716 0.7210000000000001 0 0.06999999999999995
0 0.756 0.5235000000000001 0 0.05900000000000005
0 0.796 0.527 0 0.04800000000000004
0 0.836 0.5705 0 0.06699999999999995
0 0.836 0.9545 0 0.06099999999999994
0 0.916 0.2845 0 0.08100000000000002
0 0.916 0.9225 0 0.127
0 0.956 0.5235 0 0.08299999999999996
0 0.996 0.457 0 0.15200000000000002
0 0.996 0.9055 0 0.09299999999999997
0 0.996 1.126 0 0.062000000000000055
0 1.036 0.47650000000000003 0 0.061
0 1.036 0.696 0 0.31399999999999995
0 1.036 1.0585 0 0.34299999999999997
0 1.076 0.49750000000000005 0 0.09900000000000003
0 1.076 0.7615000000000001 0 0.04500000000000004
0 1.076 0.893 0 0.06800000000000006
0 1.116 0.4655 0 0.046999999999999986
0 1.116 0.5775 0 0.09699999999999998
0 1.156 0.485 0 0.07800000000000001
0 1.156 0.7575 0 0.135
0 1.196 0.2975 0 0.07900000000000001
0 1.196 0.5325 0 0.32899999999999996
0 1.236 0.394 0 0.178
0 1.276 0.39649999999999996 0 0.04099999999999998
0 1.276 0.5625 0 0.06699999999999995
0 1.276 0.7084999999999999 0 0.041000000000000036
0 1.316 0.3325 0 0.05499999999999999
0 1.316 0.575 0 0.041999999999999926
0 1.356 0.32799999999999996 0 0.04999999999999999
0 1.356 0.5605 0 0.07899999999999996
0 1.356 1.2595 0 0.10099999999999998
0 1.396 0.5665 0 0.09099999999999997
0 1.436 0.33599999999999997 0 0.062
0 1.476 0.3065 0 0.125
0 1.516 0.32899999999999996 0 0.04799999999999999
0 1.556 0.2985 0 0.10899999999999999
0 1.556 0.8320000000000001 0 0.05999999999999994
0 1.596 0.35150000000000003 0 0.09300000000000003
0 1.596 0.5905 0 0.123
0 1.636 0.4115 0 0.07100000000000001
0 1.676 0.3575 0 0.10499999999999998
0 1.676 0.732 0 0.04400000000000004
0 1.716 0.3435 0 0.07700000000000001
0 1.716 0.716 0 0.17000000000000004
0 1.716 1.184 0 0.052000000000000046
1 1.0371875 0.425 0.04206709670276759 0.05
1 0.497171875 0.383 0.043235648359455654 0.05
1 1.276 0.3585 0.035 0.05
1 0.898 0.343 0.04019950248448356 0.05
1 0.587 0.383 0.044721359549995794 0.05
1 1.6215 0.363 0.039 0.05
1 1.2085 0.443 0.039 0.05
1 1.2965625 0.5255 0.04171649104371076 0.05
1 1.3165625 0.4135 0.029021812917183518 0.05
1 1.0195 0.503 0.04001249804748511 0.05
1 0.69628125 0.6835 0.03975319366101295 0.05
1 0.575859375 0.618 0.04232704928957959 0.05
1 0.756 0.623 0.04237924020083418 0.05
1 0.8405 0.623 0.04011234224026316 0.05
1 1.137 0.623 0.04123105625617661 0.05
1 1.382 0.623 0.040792156108742275 0.05
1 1.5171875 0.768 0.04405128403349895 0.05
1 1.716375 0.8235 0.04200669589482134 0.05
1 0.65715625 0.962 0.04441921213000069 0.05
1 0.6769375 0.8765 0.025070213900164475 0.05
1 0.63484375 1.186 0.03414908719497492 0.05
1 0.1373125 0.903 0.043884970377112024 0.05
1 0.1374375 1.2855 0.04265285013923454 0.05
1 0.236 0.363 0.04 0.05
1 0.296 0.305 0.04428317965096906 0.05
1 0.276 0.655 0.038 0.05
1 0.296 0.5325 0.041484937025383084 0.05
1 0.596 0.514 0.042 0.05
1 0.816 0.544 0.04237924020083418 0.05
1 1.016 0.7455 0.04044749683231337 0.05
1 1.036 0.87 0.034 0.05
1 1.056 0.6505 0.040792156108742275 0.05
1 1.096 0.538 0.043863424398922615 0.05
1 1.196 0.3525 0.031 0.05
3 0.524 0.5277499999999999 0.8160000000000001 0.5695
3 1.34 0.5277499999999999 0.816 0.5695
3 0.524 1.0972499999999998 0.8160000000000001 0.5694999999999999
3 1.34 1.0972499999999998 0.816 0.5694999999999999