0 0.311125 0.288 0 0.11399999999999996
0 0.1565 0.318 0.17099999999999999 0
0 0.390375 0.306 0 0.07799999999999996
0 0.378 0.518 0.04600000000000004 0
0 0.39349999999999996 0.558 0.05499999999999999 0
0 0.151875 0.6970000000000001 0 0.19800000000000006
0 0.123 0.638 0.102 0
0 0.10600000000000001 0.718 0.06800000000000002 0
0 0.11249999999999999 0.758 0.081 0
0 0.11399999999999999 0.798 0.08600000000000001 0
0 0.118 0.87 0 0.06400000000000006
0 0.151875 0.8905 0 0.10499999999999998
0 0.126 0.878 0.108 0
0 0.11275 1.002 0 0.08800000000000008
0 0.388 0.958 0.174 0
0 0.1415 1.038 0.139 0
0 0.071 0.35650000000000004 0 0.16699999999999998
0 0.071 0.4925 0 0.04500000000000004
0 0.071 0.639 0 0.14800000000000002
0 0.071 1.097 0 0.06000000000000005
0 0.111 0.316 0 0.04800000000000004
0 0.111 0.6495 0 0.07100000000000006
0 0.111 0.751 0 0.06400000000000006
0 0.151 0.316 0 0.04800000000000004
0 0.151 0.5305 0 0.05900000000000005
0 0.191 0.3155 0 0.04700000000000004
0 0.191 1.0470000000000002 0 0.04200000000000004
0 0.231 0.29800000000000004 0 0.062
0 0.311 0.966 0 0.32199999999999995
0 0.351 0.29800000000000004 0 0.062
0 0.351 0.9575 0 0.050999999999999934
0 0.391 0.965 0 0.04800000000000004
0 0.431 0.2935 0 0.05299999999999999
0 0.431 0.9624999999999999 0 0.04300000000000004
0 0.471 0.305 0 0.07799999999999996
0 0.471 0.886 0 0.04400000000000004
0 0.471 0.9744999999999999 0 0.06700000000000006
1 0.151875 0.817 0.042 0.05
1 0.1514375 0.6485 0.03801007267817308 0.05
1 0.1323125 0.9505 0.041901857059085106 0.05
1 0.071 0.455 0.03 0.05
1 0.091 0.716 0.04044749683231337 0.05
1 0.471 0.9245 0.033 0.05
3 0.17200000000000001 0.455 0.202 0.44800000000000006
3 0.374 0.455 0.20199999999999996 0.44800000000000006
3 0.17200000000000001 0.903 0.202 0.44799999999999995
3 0.374 0.903 0.20199999999999996 0.44799999999999995