0 0.367 0.193 0.118 0
0 0.155375 0.22 0 0.062
0 0.358125 0.218 0 0.062
0 0.041875 0.33899999999999997 0 0.05199999999999999
0 0.32525 0.33499999999999996 0 0.043999999999999984
0 0.3175 0.393 0.139 0
0 0.364 0.433 0.05199999999999999 0
0 0.04625 0.671 0 0.396
0 0.4545 0.553 0.05099999999999999 0
0 0.079875 0.633 0 0.04200000000000004
0 0.11725 0.7344999999999999 0 0.269
0 0.27925 0.6759999999999999 0 0.15200000000000002
0 0.064 0.673 0.052 0
0 0.4645 0.713 0.05499999999999999 0
0 0.0765 0.793 0.07700000000000001 0
0 0.43775 0.827 0 0.08399999999999996
0 0.08375 0.7909999999999999 0 0.08399999999999996
0 0.078 0.225 0 0.064
0 0.198 0.237 0 0.048000000000000015
0 0.238 0.238 0 0.05000000000000002
0 0.278 0.238 0 0.05000000000000002
0 0.398 0.188 0 0.07
0 0.438 0.39 0 0.172
0 0.558 0.4165 0 0.04299999999999998
0 0.558 0.692 0 0.07599999999999996
3 0.16799999999999998 0.332 0.26 0.358
3 0.42800000000000005 0.332 0.26000000000000006 0.358
3 0.16799999999999998 0.69 0.26 0.358
3 0.42800000000000005 0.69 0.26000000000000006 0.358