0 0.45 0.2945 0 0.07500000000000001
0 0.487 0.3015 0 0.08899999999999997
0 1.724375 0.2815 0 0.04899999999999999
0 0.3835 0.297 0.08899999999999997 0
0 0.541 0.297 0.16599999999999998 0
0 0.849 0.277 0 0.03999999999999998
0 1.5615 0.297 0.5109999999999999 0
0 0.2843125 0.4125 0 0.25100000000000006
0 0.52375 0.309 0 0.10399999999999998
0 1.4045 0.34850000000000003 0 0.11300000000000004
0 1.523828125 0.378 0 0.17200000000000004
0 1.601 0.32399999999999995 0 0.064
0 1.687875 0.3185 0 0.05299999999999999
0 1.838 0.337 0.05800000000000005 0
0 0.35875 0.40800000000000003 0 0.062
0 0.4865 0.455 0 0.15600000000000003
0 1.8435625 0.39349999999999996 0 0.07500000000000001
0 0.396 0.417 0.064 0
0 1.645 0.417 0.11799999999999988 0
0 0.308 0.457 0.07399999999999995 0
0 1.5605 0.457 0.08499999999999996 0
0 1.6795 0.457 0.052999999999999936 0
0 0.36465625 0.5705 0 0.15500000000000003
0 0.687625 0.49 0 0.04799999999999999
0 1.028 0.497 0.15400000000000003 0
0 1.604875 0.5005 0 0.051000000000000045
0 0.39849999999999997 0.537 0.10500000000000004 0
0 1.4275 0.537 0.24299999999999988 0
0 0.40475 0.5549999999999999 0 0.06599999999999995
0 0.723875 0.6185 0 0.08300000000000007
0 0.9595 0.6185 0 0.08300000000000007
0 1.40459375 0.616 0 0.10200000000000009
0 1.443625 0.6094999999999999 0 0.09100000000000008
0 0.322875 0.6515 0 0.06900000000000006
0 0.5914999999999999 0.617 0.04700000000000004 0
0 1.362125 0.647 0 0.06000000000000005
0 1.479 0.6214999999999999 0 0.06700000000000006
0 1.56125 0.635 0 0.04400000000000004
0 0.44499999999999995 0.657 0.25199999999999995 0
0 0.8394999999999999 0.657 0.249 0
0 1.5865 0.657 0.5609999999999999 0
0 0.583 0.697 0.04999999999999993 0
0 0.64325 0.708 0 0.12
0 0.492 0.737 0.055999999999999994 0
0 0.604375 0.735 0 0.09400000000000008
0 0.7204999999999999 0.777 0.05700000000000005 0
0 0.32325 0.8205 0 0.05499999999999994
0 0.5715 0.8165 0 0.08099999999999996
0 0.6495 0.897 0.049000000000000044 0
0 1.559 0.897 0.6160000000000001 0
0 0.16625 0.915 0 0.04400000000000004
0 0.202875 1.1965 0 0.5189999999999999
0 0.28275 0.9610000000000001 0 0.04799999999999993
0 0.1775 0.977 0.07100000000000001 0
0 0.3755 0.977 0.15900000000000003 0
0 0.5369999999999999 0.977 0.07599999999999996 0
0 0.444125 1.037 0 0.04800000000000004
0 0.5241875 1.0235 0 0.1090000000000001
0 0.56396875 1.2005 0 0.46299999999999997
0 0.164 0.9895 0 0.041000000000000036
0 0.364 0.2815 0 0.04899999999999999
0 0.444 0.449 0 0.09599999999999997
0 0.484 0.7055 0 0.05699999999999994
0 0.564 0.6930000000000001 0 0.08999999999999997
0 0.604 0.27849999999999997 0 0.04299999999999998
0 0.644 1.3805 0 0.06499999999999995
0 0.964 0.497 0 0.04200000000000004
0 1.324 0.49150000000000005 0 0.09700000000000003
0 1.324 0.628 0 0.062000000000000055
0 1.564 0.3155 0 0.04700000000000004
0 1.684 0.5675 0 0.04699999999999993
0 1.804 0.6839999999999999 0 0.06999999999999995
0 1.844 0.313 0 0.040000000000000036
1 0.48675 0.3615 0.03100403199585499 0.05
1 1.706125 0.299 0.03909283821878375 0.05
1 0.443 0.297 0.03 0.05
1 1.813 0.317 0.040792156108742275 0.05
1 0.3495 0.437 0.04428317965096906 0.05
1 1.611 0.437 0.04346262762420146 0.05
1 0.467 0.637 0.04011234224026316 0.05
1 0.5645 0.677 0.042059481689626185 0.05
1 0.5879375 0.779 0.03341804340472374 0.05
1 0.1845625 0.937 0.036625 0.05
1 0.477 0.977 0.044 0.05
3 0.5732499999999999 0.5567500000000001 0.8624999999999999 0.5995
3 1.43575 0.5567500000000001 0.8625 0.5995
3 0.5732499999999999 1.15625 0.8624999999999999 0.5994999999999999
3 1.43575 1.15625 0.8625 0.5994999999999999