0 0.345 0.3935 0 0.135
0 0.3896875 0.396 0 0.14
0 0.430078125 0.396 0 0.14
0 0.31053125 0.4205 0 0.125
0 0.234125 0.43400000000000005 0 0.055999999999999994
0 0.27749999999999997 0.446 0.056999999999999995 0
0 0.268375 0.47650000000000003 0 0.059
0 0.093 0.606 0.04200000000000001 0
0 0.241 0.646 0.04400000000000001 0
0 0.0885 0.686 0.049 0
0 0.14875 0.6795 0 0.050999999999999934
0 0.2275 0.6679999999999999 0 0.04799999999999993
0 0.08399999999999999 0.726 0.041999999999999996 0
0 0.386875 0.726 0 0.04400000000000004
0 0.1285 0.766 0.197 0
0 0.34850000000000003 0.766 0.056999999999999995 0
0 0.17200000000000001 0.806 0.20400000000000001 0
0 0.0995 0.846 0.059 0
0 0.29600000000000004 0.846 0.08400000000000002 0
0 0.1 0.886 0.07600000000000001 0
0 0.188375 0.8634999999999999 0 0.06300000000000006
0 0.316 0.886 0.04200000000000004 0
0 0.1165 0.6865 0 0.9610000000000001
0 0.1535 0.9165 0 0.04699999999999993
0 0.3055 0.926 0.05499999999999999 0
0 0.10550000000000001 0.966 0.05700000000000001 0
0 0.223 0.966 0.05399999999999999 0
0 0.309 0.966 0.04400000000000004 0
0 0.1245 1.006 0.185 0
0 0.3155 1.006 0.11499999999999999 0
0 0.0313125 1.0695000000000001 0 0.06699999999999995
0 0.092 1.046 0.044 0
0 0.1486875 1.0695000000000001 0 0.06699999999999995
0 0.19125 1.07 0 0.06800000000000006
0 0.2713125 1.0795 0 0.10299999999999998
0 0.311375 1.087 0 0.10599999999999987
0 0.349625 1.0655000000000001 0 0.06500000000000017
0 0.096 1.086 0.05199999999999999 0
0 0.2305 1.078 0 0.17800000000000005
0 0.108 1.126 0.04400000000000001 0
0 0.28 1.126 0.10800000000000001 0
0 0.107 1.166 0.04200000000000001 0
0 0.07 0.441 0 0.04400000000000004
0 0.07 0.7055 0 0.11099999999999999
0 0.07 0.8380000000000001 0 0.09199999999999997
0 0.07 1.039 0 0.10399999999999998
0 0.15 0.441 0 0.04600000000000004
0 0.15 0.787 0 0.04600000000000004
0 0.19 0.785 0 0.04800000000000004
0 0.19 0.9644999999999999 0 0.05300000000000005
0 0.23 0.7929999999999999 0 0.04799999999999993
0 0.27 0.8325 0 0.05699999999999994
0 0.27 0.9325 0 0.040999999999999925
0 0.31 0.78 0 0.14400000000000002
0 0.31 0.9535 0 0.11499999999999988
1 0.25125 0.4545 0.03739067397092489 0.05
1 0.264 0.826 0.044721359549995794 0.05
1 0.1709375 0.894 0.03493230059701193 0.05
1 0.1691875 0.8295 0.04423393069805124 0.05
1 0.2685 0.966 0.037 0.05
1 0.07 0.7765 0.031 0.05
3 0.13001953125 0.44625 0.2000390625 0.48050000000000004
3 0.33005859375 0.44625 0.20003906249999998 0.48050000000000004
3 0.13001953125 0.92675 0.2000390625 0.48050000000000004
3 0.33005859375 0.92675 0.20003906249999998 0.48050000000000004