0 0.7330000000000001 0.425 0.10999999999999999 0
0 0.8799999999999999 0.825 0.4919999999999999 0
0 1.506 0.825 0.16400000000000015 0
0 0.825 0.13999999999999999 0 0.192
0 1.585 0.0945 0 0.10899999999999999
0 0.41200000000000003 0.165 0.09800000000000003 0
0 0.41200000000000003 0.189 0.09800000000000003 0
0 0.5195000000000001 0.605 0.07100000000000006 0
0 0.718 0.605 0.19399999999999995 0
0 0.251 0.829 0.31799999999999995 0
0 0.269 0.6255 0 0.051000000000000045
0 0.269 0.7745 0 0.10499999999999998
0 0.389 0.3895 0 0.44299999999999995
0 0.517 0.518 0 0.20400000000000001
0 0.805 0.1555 0 0.21900000000000003
0 0.805 0.483 0 0.27
3 0.46599999999999997 0.23725 0.748 0.3945
3 1.214 0.23725 0.7480000000000001 0.3945
3 0.46599999999999997 0.63175 0.748 0.39449999999999996
3 1.214 0.63175 0.7480000000000001 0.39449999999999996