0 1.20975 0.4895 0 0.469
0 0.13425 0.35650000000000004 0 0.04299999999999998
0 0.48150000000000004 0.335 0.04899999999999999 0
0 0.44 0.415 0.132 0
0 1.1535000000000002 0.415 0.10299999999999998 0
0 0.309 0.455 0.126 0
0 1.09275 0.4365 0 0.049000000000000044
0 0.216 0.495 0.08800000000000002 0
0 0.40975 0.5780000000000001 0 0.20400000000000007
0 1.734 0.495 0.06800000000000006 0
0 1.0965 0.5549999999999999 0 0.039999999999999925
0 1.77475 0.5575 0 0.04499999999999993
0 0.13275 0.538 0 0.07399999999999995
0 1.527875 0.6525000000000001 0 0.18099999999999994
0 1.755 0.575 0.3760000000000001 0
0 1.321 0.615 0.5 0
0 1.544 0.655 0.07600000000000007 0
0 0.9405 0.695 0.32499999999999996 0
0 1.288 0.695 0.052000000000000046 0
0 1.41625 0.7155 0 0.041000000000000036
0 1.554 0.695 0.06400000000000006 0
0 1.1135000000000002 0.735 0.07899999999999996 0
0 1.215 0.735 0.06000000000000005 0
0 1.290875 0.737 0 0.052000000000000046
0 1.4235 0.735 0.10099999999999998 0
0 1.565 0.735 0.04600000000000004 0
0 1.725 0.735 0.1180000000000001 0
0 1.006875 0.7775000000000001 0 0.04300000000000004
0 0.4255 0.815 0.16499999999999998 0
0 1.107 0.815 0.06599999999999984 0
0 0.25075 0.866 0 0.08200000000000007
0 0.37 0.8594999999999999 0 0.08700000000000008
0 0.7125 0.855 0.129 0
0 1.1204999999999998 0.855 0.11499999999999999 0
0 1.5135 0.855 0.15900000000000003 0
0 0.3165 0.895 0.373 0
0 1.033 0.895 0.11199999999999999 0
0 1.5579999999999998 0.895 0.06600000000000006 0
0 0.172625 0.9195 0 0.05699999999999994
0 0.65075 0.998 0 0.3420000000000001
0 0.7415 0.935 0.05500000000000005 0
0 1.0495 0.935 0.07300000000000018 0
0 1.5135 0.935 0.04899999999999993 0
0 0.659 0.975 0.04400000000000004 0
0 0.77725 0.9555 0 0.050999999999999934
0 1.107 0.975 0.06599999999999984 0
0 1.53175 1.0275 0 0.1050000000000001
0 0.667 1.015 0.07199999999999995 0
0 0.8055 1.015 0.04899999999999993 0
0 1.4705 1.015 0.20700000000000007 0
0 1.0419999999999998 1.055 0.05800000000000005 0
0 1.09225 0.9415 0 0.6549999999999999
0 1.328 1.055 0.08800000000000008 0
0 1.5365 1.055 0.07699999999999996 0
0 1.5499999999999998 1.095 0.06600000000000006 0
0 0.51 1.135 0.04600000000000004 0
0 0.702 1.135 0.14800000000000002 0
0 0.857 1.135 0.09199999999999997 0
0 0.928125 1.155 0 0.040000000000000036
0 1.1325 1.1675 0 0.06499999999999995
0 1.4415 1.135 0.18100000000000005 0
0 0.788 1.175 0.5960000000000001 0
0 1.4715 1.175 0.21899999999999986 0
0 0.518 1.215 0.062000000000000055 0
0 0.76825 1.198 0 0.16999999999999993
0 1.4765000000000001 1.215 0.22899999999999987 0
0 0.343 1.255 0.42000000000000004 0
0 0.81075 1.2545 0 0.05699999999999994
0 1.3145 1.255 0.5150000000000001 0
0 1.823 1.255 0.13600000000000012 0
0 0.2095 1.296 0 0.08400000000000007
0 1.5525 1.295 0.05500000000000016 0
0 1.77225 1.2915 0 0.09299999999999997
0 0.2425 1.335 0.04300000000000001 0
0 0.7995 1.335 0.07099999999999995 0
0 1.4649999999999999 1.335 0.04600000000000004 0
0 1.734 1.335 0.41800000000000015 0
0 0.129 1.279 0 0.04600000000000004
0 0.209 0.8795 0 0.04300000000000004
0 0.249 0.4945 0 0.049000000000000044
0 0.249 0.7685 0 0.04300000000000004
0 0.369 0.441 0 0.07399999999999995
0 0.449 1.252 0 0.052000000000000046
0 0.489 0.481 0 0.45199999999999996
0 0.489 0.9775 0 0.11099999999999988
0 0.489 1.134 0 0.04799999999999982
0 0.529 1.1495000000000002 0 0.050999999999999934
0 0.569 1.1415000000000002 0 0.06299999999999994
0 0.689 0.671 0 0.05799999999999994
0 0.689 0.857 0 0.04200000000000004
0 0.689 1.141 0 0.05600000000000005
0 0.729 0.8614999999999999 0 0.051000000000000045
0 0.729 0.9655 0 0.07099999999999984
0 0.729 1.1475 0 0.04300000000000015
0 0.769 0.8674999999999999 0 0.06300000000000006
0 0.849 0.69 0 0.061999999999999944
0 0.849 1.147 0 0.04599999999999982
0 0.889 0.6805 0 0.04299999999999993
0 0.889 1.1505 0 0.049000000000000155
0 0.929 0.6835 0 0.04899999999999993
0 0.969 0.6839999999999999 0 0.05599999999999994
0 0.969 1.1604999999999999 0 0.04100000000000015
0 1.009 0.6945 0 0.07699999999999996
0 1.049 0.7055 0 0.09899999999999998
0 1.049 0.925 0 0.07399999999999995
0 1.129 0.8365 0 0.05699999999999994
0 1.129 1.2695 0 0.06499999999999995
0 1.169 1.2585 0 0.04899999999999993
0 1.289 1.047 0 0.052000000000000046
0 1.369 1.0345 0 0.04300000000000015
0 1.369 1.2045 0 0.15100000000000002
0 1.409 1.008 0 0.07399999999999995
0 1.409 1.2 0 0.14800000000000013
0 1.449 0.878 0 0.3400000000000001
0 1.449 1.2029999999999998 0 0.15400000000000014
0 1.489 0.9890000000000001 0 0.118
0 1.489 1.1975 0 0.137
0 1.529 0.8795 0 0.1050000000000001
0 1.529 1.2065000000000001 0 0.17100000000000004
0 1.569 0.7095 0 0.30099999999999993
0 1.569 1.0255 0 0.06900000000000006
0 1.569 1.205 0 0.16799999999999993
0 1.729 1.305 0 0.09200000000000008
0 1.809 1.2645 0 0.04299999999999993
0 1.929 1.267 0 0.04399999999999982
1 0.376 0.435 0.04004996878900158 0.05
1 0.272 0.475 0.04237924020083418 0.05
1 0.389375 0.542 0.04079905023404344 0.05
1 1.094375 0.5945 0.03923088706618804 0.05
1 1.507 0.595 0.04019950248448356 0.05
1 1.2495 0.715 0.04346262762420146 0.05
1 1.432625 0.722 0.04308784631424504 0.05
1 1.169 0.735 0.032 0.05
1 1.0279375 0.7275 0.04213686776446489 0.05
1 0.249875 0.827 0.03504372269037638 0.05
1 1.54 0.915 0.042059481689626185 0.05
1 0.1908125 0.903 0.03772453611378144 0.05
1 1.08 0.955 0.0417612260356422 0.05
1 0.773125 0.9085 0.03207900403690863 0.05
1 1.530375 1.1005 0.04109212211604555 0.05
1 1.429 1.035 0.04031128874149274 0.05
1 1.467 1.115 0.04272001872658766 0.05
1 0.7935 1.135 0.035 0.05
1 1.13075 1.2185 0.037165171868296265 0.05
1 1.5065 1.335 0.037 0.05
3 0.5825 0.529 0.907 0.548
3 1.4895 0.529 0.907 0.548
3 0.5825 1.077 0.907 0.5479999999999999
3 1.4895 1.077 0.907 0.5479999999999999