0 0.39906640625 0.345 0 0.21600000000000003
0 0.478875 0.305 0 0.136
0 0.558765625 0.3075 0 0.14100000000000001
0 0.2915 0.277 0.10100000000000003 0
0 0.3609375 0.33499999999999996 0 0.196
0 0.3190546875 0.41500000000000004 0 0.22000000000000003
0 0.51840625 0.351 0 0.124
0 0.2794375 0.6034999999999999 0 0.515
0 0.36450000000000005 0.357 0.063 0
0 0.4386875 0.35550000000000004 0 0.07700000000000001
0 0.484 0.357 0.03999999999999998 0
0 0.439109375 0.5045 0 0.13499999999999995
0 0.4784375 0.4675 0 0.061
0 0.47550000000000003 0.517 0.10300000000000004 0
0 0.557625 0.5205 0 0.04500000000000004
0 0.5215 0.677 0 0.061999999999999944
0 0.3595 0.717 0.22899999999999998 0
0 0.478125 0.751 0 0.08000000000000007
0 0.31934375 0.808 0 0.07999999999999996
0 0.399 0.849 0 0.07000000000000006
0 0.2790126953125 1.0685 0 0.355
0 0.437875 0.9275 0 0.05899999999999994
0 0.17149999999999999 0.957 0.241 0
0 0.3190625 0.97 0 0.07599999999999996
0 0.4006875 0.983 0 0.07800000000000007
0 0.14650000000000002 0.997 0.093 0
0 0.254 0.997 0.06199999999999997 0
0 0.4305 0.997 0.05099999999999999 0
0 0.0675 1.037 0.057 0
0 0.1735 1.037 0.05100000000000002 0
0 0.271 1.037 0.05399999999999999 0
0 0.47725 1.0394999999999999 0 0.049000000000000155
0 0.19649999999999998 1.077 0.189 0
0 0.0635 1.117 0.04699999999999999 0
0 0.11825 1.137 0 0.06400000000000006
0 0.237375 1.134 0 0.07599999999999985
0 0.43875 1.2000000000000002 0 0.17599999999999993
0 0.0655 1.157 0.053 0
0 0.162125 1.141 0 0.04800000000000004
0 0.316875 1.1855 0 0.06499999999999995
0 0.3595 1.1835 0 0.052999999999999936
0 0.479328125 1.2205 0 0.15100000000000002
0 0.0810625 1.2095 0 0.121
0 0.1245 1.222 0 0.050000000000000044
0 0.15925 1.2335 0 0.07299999999999995
0 0.19859375 1.212 0 0.14400000000000013
0 0.35050000000000003 1.197 0.08700000000000002 0
0 0.45299999999999996 1.197 0.043999999999999984 0
0 0.113 1.237 0.148 0
0 0.3965 1.2345 0 0.08899999999999997
0 0.483 1.237 0.14200000000000007 0
0 0.462 1.277 0.15600000000000003 0
0 0.039 1.1005 0 0.33899999999999997
0 0.079 0.966 0 0.052000000000000046
0 0.079 1.089 0 0.07000000000000006
0 0.159 0.9909999999999999 0 0.10399999999999998
0 0.199 0.9615 0 0.07699999999999996
0 0.199 1.0725 0 0.08499999999999996
0 0.239 0.9725 0 0.07899999999999996
0 0.239 1.2325 0 0.05699999999999994
0 0.359 0.725 0 0.04200000000000004
0 0.399 0.744 0 0.06400000000000006
0 0.439 0.623 0 0.040000000000000036
0 0.519 0.594 0 0.06000000000000005
0 0.519 1.255 0 0.1100000000000001
0 0.559 0.45599999999999996 0 0.03999999999999998
0 0.559 1.2655 0 0.07699999999999996
1 0.419087890625 0.445 0.043121216892771895 0.05
1 0.27922509765625 0.876 0.030003007499624465 0.05
1 0.4390546875 0.5875 0.031000192949248315 0.05
1 0.5383125 0.5535 0.043964651994528516 0.05
1 0.4998125 0.7095 0.043478622620777674 0.05
1 0.4184375 0.891 0.04131907096003007 0.05
1 0.399 0.798 0.038 0.05
1 0.41928125 0.9505 0.0393942909093437 0.05
1 0.208 0.997 0.03 0.05
1 0.116 1.017 0.04019950248448356 0.05
1 0.1655 1.097 0.04272001872658766 0.05
1 0.09965625 1.159 0.042224520793609964 0.05
1 0.2181875 1.101 0.042821030172101184 0.05
1 0.2381875 1.188 0.03204123320036231 0.05
1 0.378 1.2 0.042059481689626185 0.05
3 0.16899999999999998 0.50525 0.26 0.5365
3 0.42900000000000005 0.50525 0.26000000000000006 0.5365
3 0.16899999999999998 1.04175 0.26 0.5365000000000001
3 0.42900000000000005 1.04175 0.26000000000000006 0.5365000000000001