0 0.08 0.352 0 0.494
0 0.519 0.191 0 0.043999999999999984
0 0.229 0.305 0.304 0
0 0.22699999999999998 0.345 0.12199999999999997 0
0 0.28125 0.4325 0 0.25500000000000006
0 0.2755 0.425 0.12900000000000003 0
0 0.197 0.496 0 0.11400000000000005
0 0.5185 0.505 0.07700000000000007 0
0 0.48225 0.5395 0 0.119
0 0.24 0.4365 0 0.063
0 0.52 0.5085 0 0.05500000000000005
0 0.6 0.193 0 0.17600000000000005
3 0.20775000000000002 0.22849999999999998 0.2615 0.247
3 0.46925 0.22849999999999998 0.26149999999999995 0.247
3 0.20775000000000002 0.4755 0.2615 0.247
3 0.46925 0.4755 0.26149999999999995 0.247