0 0.16375 0.2465 0 0.047000000000000014
0 0.122 0.263 0.08800000000000001 0
0 0.48450000000000004 0.263 0.309 0
0 0.279 0.36150000000000004 0 0.04299999999999998
0 0.2455 0.517 0 0.052000000000000046
0 0.49750000000000005 0.623 0.067 0
0 0.088 0.703 0.041999999999999996 0
0 0.34900000000000003 0.703 0.362 0
0 0.27449999999999997 0.743 0.07900000000000001 0
0 0.12425 0.8300000000000001 0 0.138
0 0.16475 0.8385 0 0.11099999999999999
0 0.5685 0.783 0.14100000000000001 0
0 0.114 0.823 0.1 0
0 0.5820000000000001 0.823 0.11399999999999999 0
0 0.1265 0.863 0.09099999999999998 0
0 0.6065 0.863 0.06500000000000006 0
0 0.49650000000000005 0.903 0.08900000000000002 0
0 0.604 1.0045000000000002 0 0.2310000000000001
0 0.087 0.943 0.046 0
0 0.5615 0.943 0.09899999999999998 0
0 0.5205 0.983 0.13099999999999995 0
0 0.08499999999999999 1.023 0.048 0
0 0.355 1.023 0.062 0
0 0.5765 1.023 0.05899999999999994 0
0 0.08199999999999999 1.063 0.039999999999999994 0
0 0.45099999999999996 1.063 0.043999999999999984 0
0 0.5725 1.063 0.133 0
0 0.089 1.103 0.06 0
0 0.5335 1.103 0.21100000000000002 0
0 0.241625 1.134 0 0.05400000000000005
0 0.32375 1.1844999999999999 0 0.1569999999999998
0 0.43725 1.2229999999999999 0 0.07999999999999985
0 0.498 1.223 0.064 0
0 0.6165 1.223 0.04500000000000004 0
0 0.082 0.5505 0 0.655
0 0.082 1.025 0 0.22199999999999986
0 0.162 1.1255000000000002 0 0.04699999999999993
0 0.202 0.735 0 0.06600000000000006
0 0.202 1.133 0 0.052000000000000046
0 0.242 0.737 0 0.06600000000000006
0 0.282 0.733 0 0.062000000000000055
0 0.322 0.8095 0 0.14100000000000001
0 0.362 0.2485 0 0.05100000000000002
0 0.362 1.0025 0 0.04300000000000004
0 0.362 1.1445 0 0.08499999999999996
0 0.402 0.246 0 0.04600000000000001
0 0.402 1.0375 0 0.119
0 0.402 1.2305 0 0.06499999999999995
0 0.442 1.065 0 0.1459999999999999
0 0.482 0.46449999999999997 0 0.473
0 0.482 1.091 0 0.1120000000000001
0 0.522 0.9245 0 0.05499999999999994
0 0.522 1.1085 0 0.040999999999999925
0 0.562 0.7765 0 0.10099999999999998
0 0.562 0.966 0 0.08199999999999985
0 0.562 1.1019999999999999 0 0.1140000000000001
0 0.602 0.7769999999999999 0 0.17600000000000005
0 0.602 1.2395 0 0.04699999999999993
1 0.103125 0.9065 0.04483372056834008 0.05
1 0.183375 0.798 0.040156724218989776 0.05
1 0.4895 1.063 0.033 0.05
1 0.382 1.0825 0.04031128874149274 0.05
1 0.382 1.1925 0.041484937025383084 0.05
1 0.562 1.026 0.038 0.05
3 0.204 0.483 0.29 0.52
3 0.494 0.483 0.29000000000000004 0.52
3 0.204 1.003 0.29 0.5199999999999999
3 0.494 1.003 0.29000000000000004 0.5199999999999999