0 0.2329375 0.28700000000000003 0 0.31
0 0.271875 0.309 0 0.274
0 0.913625 0.1785 0 0.049000000000000016
0 0.109875 0.22999999999999998 0 0.04600000000000001
0 0.2075 0.212 0.056999999999999995 0
0 0.9139375 0.255 0 0.086
0 0.991 0.212 0.06600000000000006 0
0 0.20350000000000001 0.252 0.205 0
0 0.1495 0.375 0 0.16600000000000004
0 0.21950000000000003 0.292 0.10300000000000001 0
0 0.351875 0.365 0 0.14600000000000002
0 0.391375 0.367 0 0.15200000000000002
0 0.510625 0.34550000000000003 0 0.11900000000000005
0 0.5535 0.3745 0 0.16500000000000004
0 0.6315625 0.38 0 0.17600000000000005
0 0.20600000000000002 0.332 0.15000000000000002 0
0 0.310875 0.372 0 0.134
0 0.47225 0.368 0 0.138
0 0.592125 0.3855 0 0.10699999999999998
0 0.9830000000000001 0.332 0.19400000000000006 0
0 0.33649999999999997 0.372 0.471 0
0 0.6735 0.4065 0 0.07900000000000001
0 0.38 0.412 0.5700000000000001 0
0 0.3875 0.452 0.5770000000000001 0
0 0.70975 0.4485 0 0.04099999999999998
0 1.0110000000000001 0.452 0.13800000000000012 0
0 0.638 0.492 0.04200000000000004 0
0 0.67265625 0.562 0 0.14200000000000002
0 0.71165625 0.5535 0 0.123
0 0.7545 0.5205 0 0.05700000000000005
0 0.8321875 0.542 0 0.09999999999999998
0 0.639 0.532 0.04400000000000004 0
0 0.795 0.5645 0 0.06499999999999995
0 0.86875 0.5575 0 0.050999999999999934
0 0.9131875 0.554 0 0.06599999999999995
0 0.641 0.572 0.04400000000000004 0
0 0.743 0.572 0.10000000000000009 0
0 0.952625 0.5685 0 0.050999999999999934
0 0.982 0.652 0.05799999999999994 0
0 0.112 0.41100000000000003 0 0.08200000000000002
0 0.192 0.2905 0 0.305
0 0.432 0.3895 0 0.129
0 0.632 0.538 0 0.07999999999999996
0 0.952 0.162 0 0.06
0 0.992 0.36450000000000005 0 0.067
1 0.93296875 0.215 0.04299713834954601 0.05
1 0.63178125 0.483 0.030003189934571958 0.05
1 0.691625 0.437 0.04047298481703567 0.05
1 0.77475 0.5405 0.04392322847879013 0.05
1 0.678 0.572 0.03 0.05
3 0.34125 0.262 0.49250000000000005 0.26
3 0.83375 0.262 0.49250000000000005 0.26
3 0.34125 0.522 0.49250000000000005 0.26
3 0.83375 0.522 0.49250000000000005 0.26