0 1.2094999999999998 0.604 2.117 0
0 1.2094999999999998 0.644 2.117 0
0 1.2094999999999998 0.684 2.117 0
0 1.2094999999999998 0.724 2.117 0
0 1.2094999999999998 0.764 2.117 0
0 1.2094999999999998 0.804 2.117 0
0 1.2094999999999998 0.844 2.117 0
0 1.2094999999999998 0.884 2.117 0
0 1.2094999999999998 0.924 2.117 0
0 1.2094999999999998 0.964 2.117 0
0 1.2094999999999998 1.004 2.117 0
0 1.2094999999999998 1.044 2.117 0
0 1.2094999999999998 1.084 2.117 0
0 1.2094999999999998 1.124 2.117 0
0 1.2094999999999998 1.164 2.117 0
0 1.2094999999999998 1.204 2.117 0
0 1.2094999999999998 1.244 2.117 0
0 1.2094999999999998 1.284 2.117 0
0 1.2094999999999998 1.324 2.117 0
0 1.2094999999999998 1.364 2.117 0
0 1.2094999999999998 1.404 2.117 0
0 1.2094999999999998 1.444 2.117 0
0 1.2094999999999998 1.484 2.117 0
0 1.2094999999999998 1.524 2.117 0
0 1.2094999999999998 1.564 2.117 0
0 1.2094999999999998 1.604 2.117 0
0 1.2094999999999998 1.644 2.117 0
0 1.2094999999999998 1.684 2.117 0
0 1.2094999999999998 1.724 2.117 0
0 1.2094999999999998 1.764 2.117 0
0 1.2094999999999998 1.804 2.117 0
0 1.2094999999999998 1.844 2.117 0
0 1.2094999999999998 1.884 2.117 0
0 1.2094999999999998 1.924 2.117 0
0 1.2094999999999998 1.964 2.117 0
0 1.2094999999999998 2.004 2.117 0
0 1.2094999999999998 2.044 2.117 0
0 1.2094999999999998 2.084 2.117 0
0 1.2094999999999998 2.124 2.117 0
0 1.2094999999999998 2.164 2.117 0
0 1.2094999999999998 2.204 2.117 0
0 1.2094999999999998 2.244 2.117 0
0 1.2094999999999998 2.284 2.117 0
0 1.2094999999999998 2.324 2.117 0
0 1.2094999999999998 2.364 2.117 0
0 1.2094999999999998 2.404 2.117 0
0 1.2094999999999998 2.444 2.117 0
0 1.2094999999999998 2.484 2.117 0
0 1.2094999999999998 2.524 2.117 0
0 1.2094999999999998 2.564 2.117 0
0 1.2094999999999998 2.604 2.117 0
0 1.2094999999999998 2.644 2.117 0
0 1.2094999999999998 2.684 2.117 0
0 1.2094999999999998 2.724 2.117 0
0 1.2094999999999998 2.764 2.117 0
0 1.2094999999999998 2.804 2.117 0
0 1.2094999999999998 2.844 2.117 0
0 1.2094999999999998 2.884 2.117 0
0 1.2094999999999998 2.924 2.117 0
0 1.2094999999999998 2.964 2.117 0
0 1.2094999999999998 3.004 2.117 0
0 1.2094999999999998 3.044 2.117 0
0 1.2094999999999998 3.084 2.117 0
0 1.2094999999999998 3.124 2.117 0
0 1.2094999999999998 3.164 2.117 0
0 1.2094999999999998 3.204 2.117 0
0 1.2094999999999998 3.244 2.117 0
0 1.2094999999999998 3.284 2.117 0
0 1.2094999999999998 3.324 2.117 0
0 1.2094999999999998 3.364 2.117 0
0 1.2094999999999998 3.404 2.117 0
0 0.151 2.0155 0 2.823
0 0.191 2.0155 0 2.823
0 0.231 2.0155 0 2.823
0 0.271 2.0155 0 2.823
0 0.311 2.0155 0 2.823
0 0.351 2.0155 0 2.823
0 0.391 2.0155 0 2.823
0 0.431 2.0155 0 2.823
0 0.471 2.0155 0 2.823
0 0.511 2.0155 0 2.823
0 0.551 2.0155 0 2.823
0 0.591 2.0155 0 2.823
0 0.631 2.0155 0 2.823
0 0.671 2.0155 0 2.823
0 0.711 2.0155 0 2.823
0 0.751 2.0155 0 2.823
0 0.791 2.0155 0 2.823
0 0.831 2.0155 0 2.823
0 0.871 2.0155 0 2.823
0 0.911 2.0155 0 2.823
0 0.951 2.0155 0 2.823
0 0.991 2.0155 0 2.823
0 1.031 2.0155 0 2.823
0 1.071 2.0155 0 2.823
0 1.111 2.0155 0 2.823
0 1.151 2.0155 0 2.823
0 1.191 2.0155 0 2.823
0 1.231 2.0155 0 2.823
0 1.271 2.0155 0 2.823
0 1.311 2.0155 0 2.823
0 1.351 2.0155 0 2.823
0 1.391 2.0155 0 2.823
0 1.431 2.0155 0 2.823
0 1.471 2.0155 0 2.823
0 1.511 2.0155 0 2.823
0 1.551 2.0155 0 2.823
0 1.591 2.0155 0 2.823
0 1.631 2.0155 0 2.823
0 1.671 2.0155 0 2.823
0 1.711 2.0155 0 2.823
0 1.751 2.0155 0 2.823
0 1.791 2.0155 0 2.823
0 1.831 2.0155 0 2.823
0 1.871 2.0155 0 2.823
0 1.911 2.0155 0 2.823
0 1.951 2.0155 0 2.823
0 1.991 2.0155 0 2.823
0 2.031 2.0155 0 2.823
0 2.071 2.0155 0 2.823
0 2.111 2.0155 0 2.823
0 2.151 2.0155 0 2.823
0 2.191 2.0155 0 2.823
0 2.231 2.0155 0 2.823
3 0.68025 1.30975 1.0585 1.4114999999999998
3 1.73875 1.30975 1.0584999999999998 1.4114999999999998
3 0.68025 2.72125 1.0585 1.4115000000000002
3 1.73875 2.72125 1.0584999999999998 1.4115000000000002