0 0.488 0.46 0.43799999999999994 0
0 1.3639999999999999 0.46 0.4520000000000002 0
0 0.5710000000000001 0.505 0.21800000000000003 0
0 1.5895000000000001 0.62 0.27100000000000013 0
0 1.2305000000000001 1.27 0.19900000000000007 0
0 0.6045 1.575 0.651 0
0 0.698 1.565 0.32199999999999995 0
0 0.275 0.28600000000000003 0 0.10200000000000004
0 0.285 1.1600000000000001 0 0.15400000000000014
0 0.3 1.3565 0 0.14100000000000001
0 0.435 1.0585 0 0.137
0 0.5 1.4380000000000002 0 0.16399999999999992
0 0.51 1.3405 0 0.29300000000000015
0 0.635 0.49249999999999994 0 0.15299999999999997
0 1.29 1.1555 0 0.19300000000000006
0 1.52 0.5345 0 0.197
0 1.54 1.6185 0 0.18900000000000006
0 1.645 1.609 0 0.16400000000000015
0 1.69 0.446 0 0.11599999999999999
0 1.229 0.453 0.05800000000000005 0
0 1.439 0.453 0.09200000000000008 0
0 0.7845 0.621 0.05300000000000005 0
0 1.7690000000000001 0.621 0.05599999999999983 0
0 1.5915 0.629 0.07099999999999995 0
0 1.5775000000000001 1.005 0.06900000000000017 0
0 0.841 1.053 0.18800000000000006 0
0 0.34850000000000003 1.061 0.10700000000000004 0
0 0.42700000000000005 1.157 0.07600000000000001 0
0 1.5154999999999998 1.181 0.07099999999999995 0
0 1.496 1.245 0.053999999999999826 0
0 0.7335 1.269 0.06300000000000006 0
0 1.2225 1.269 0.15300000000000002 0
0 0.357 1.285 0.11399999999999999 0
0 1.3940000000000001 1.413 0.08399999999999985 0
0 0.344 1.517 0.09400000000000003 0
0 0.4485 1.517 0.10899999999999999 0
0 0.6599999999999999 1.517 0.07399999999999995 0
0 0.47650000000000003 1.525 0.05299999999999999 0
0 1.2595 1.549 0.052999999999999936 0
0 1.5125 1.549 0.09699999999999998 0
0 1.749 1.549 0.07599999999999985 0
0 1.5025 1.557 0.07699999999999996 0
0 0.52 1.565 0.05800000000000005 0
0 0.7025 1.565 0.08899999999999997 0
0 1.3855 1.645 0.050999999999999934 0
0 0.277 1.0565 0 0.21099999999999997
0 0.285 1.345 0 0.12199999999999989
0 0.301 0.28700000000000003 0 0.08600000000000002
0 0.693 1.4449999999999998 0 0.15999999999999992
0 0.701 1.107 0 0.09399999999999986
0 0.701 1.3090000000000002 0 0.06600000000000006
0 0.869 1.362 0 0.06600000000000006
0 0.925 1.0255 0 0.05899999999999994
0 0.957 0.40800000000000003 0 0.424
0 0.965 0.252 0 0.11199999999999999
0 0.965 0.7105 0 0.06299999999999994
0 1.141 0.6679999999999999 0 0.05599999999999994
0 1.141 0.7685 0 0.08899999999999997
0 1.141 1.0939999999999999 0 0.05400000000000005
0 1.141 1.1869999999999998 0 0.10200000000000009
0 1.141 1.4985 0 0.08899999999999997
0 1.149 0.9964999999999999 0 0.1070000000000001
0 1.157 1.268 0 0.05600000000000005
0 1.325 1.605 0 0.1200000000000001
0 1.325 1.741 0 0.1479999999999999
0 1.333 1.7715 0 0.08699999999999997
0 1.461 1.5655000000000001 0 0.061000000000000165
0 1.477 1.2189999999999999 0 0.07400000000000007
0 1.477 1.4635 0 0.06099999999999994
0 1.541 0.972 0 0.18000000000000005
0 1.549 1.034 0 0.05600000000000005
0 1.581 0.46799999999999997 0 0.055999999999999994
0 1.581 0.5375 0 0.052999999999999936
0 1.613 1.202 0 0.05600000000000005
0 1.717 1.108 0 0.07599999999999985
0 1.741 1.2085 0 0.05899999999999994
0 1.781 1.013 0 0.394
0 1.789 0.285 0 0.12199999999999997
0 1.789 0.862 0 0.06600000000000006
0 1.789 0.9515 0 0.08899999999999997
0 1.789 1.1715 0 0.20900000000000007
0 1.797 0.5475 0 0.181
0 1.797 1.2389999999999999 0 0.07400000000000007
1 0.497 1.545 0.0417612260356422 0.05
1 1.141 0.71 0.028 0.05
1 1.469 1.5145 0.04401136216933078 0.05
1 1.729 1.1625 0.04080441152620633 0.05
2 0.415 0.46 0.035 0.05
2 0.561 0.46 0.035 0.05
2 1.251 0.46 0.035 0.05
2 1.364 0.46 0.035 0.05
2 1.477 0.46 0.035 0.05
2 1.5895 0.62 0.035 0.05
2 0.40920000000000006 1.575 0.035 0.05
2 0.5394000000000001 1.575 0.035 0.05
2 0.6695999999999999 1.575 0.035 0.05
2 0.7998000000000001 1.575 0.035 0.05
2 0.51 1.3405 0.035 0.05
2 1.29 1.1555 0.035 0.05
2 1.52 0.5345 0.035 0.05
3 0.651 0.60075 0.7639999999999999 0.8095000000000001
3 1.415 0.60075 0.764 0.8095000000000001
3 0.651 1.41025 0.7639999999999999 0.8094999999999999
3 1.415 1.41025 0.764 0.8094999999999999