0 1.3565 1.28 0.10299999999999998 0
0 0.9229999999999999 1.39 0.20799999999999996 0
0 0.355 1.405 0.134 0
0 0.328 1.845 0.35 0
0 0.1 0.486 0 0.20399999999999996
0 0.435 0.323 0 0.19599999999999998
0 0.595 0.457 0 0.364
0 0.64 0.5835 0 0.11499999999999999
0 0.72 0.9830000000000001 0 0.2660000000000001
0 0.82 1.559 0 0.15399999999999991
0 1.06 0.6515 0 0.15300000000000002
0 0.29300000000000004 0.621 0.07400000000000001 0
0 0.8795 0.741 0.05900000000000005 0
0 0.9505 0.741 0.05899999999999994 0
0 1.0234999999999999 0.741 0.05899999999999994 0
0 0.139 1.381 0.19 0
0 0.245 1.0095 0 0.11499999999999999
0 0.245 1.1625 0 0.121
0 0.813 1.58 0 0.1180000000000001
0 1.013 1.5474999999999999 0 0.05300000000000016
0 1.069 0.6214999999999999 0 0.05900000000000005
0 1.069 0.687 0 0.05999999999999994
1 0.245 1.0845 0.035 0.05
2 0.923 1.39 0.035 0.05
2 0.435 0.323 0.035 0.05
2 0.595 0.3963333333333333 0.035 0.05
2 0.595 0.5176666666666666 0.035 0.05
2 1.06 0.6515 0.035 0.05
3 0.385 0.63 0.6819999999999999 0.8099999999999999
3 1.067 0.63 0.6819999999999999 0.8099999999999999
3 0.385 1.44 0.6819999999999999 0.81
3 1.067 1.44 0.6819999999999999 0.81