0 0.7335 0.249 0.09299999999999997 0
0 0.887 0.249 0.07800000000000007 0
0 1.0439609375 0.3645 0 0.31100000000000005
0 1.234 0.249 0.06999999999999984 0
0 0.181 0.289 0.04000000000000001 0
0 0.312 0.289 0.040000000000000036 0
0 0.3630625 0.342 0 0.128
0 0.5375000000000001 0.289 0.04500000000000004 0
0 0.634 0.289 0.040000000000000036 0
0 0.8885000000000001 0.289 0.04500000000000004 0
0 1.1355 0.289 0.04899999999999993 0
0 0.3265 0.329 0.07500000000000001 0
0 0.5655 0.329 0.10099999999999998 0
0 0.65 0.296 0 0.17400000000000002
0 0.846 0.3265 0 0.069
0 1.0884999999999998 0.329 0.10699999999999998 0
0 1.241375 0.3315 0 0.08300000000000002
0 0.12 0.369 0.072 0
0 0.2875 0.369 0.04299999999999998 0
0 0.489 0.369 0.14200000000000007 0
0 0.6425000000000001 0.369 0.051000000000000045 0
0 0.808 0.369 0.07199999999999995 0
0 1.0405 0.369 0.245 0
0 1.2325 0.369 0.07299999999999995 0
0 1.049 0.409 0.052000000000000046 0
0 1.1225 0.438 0 0.05800000000000005
0 1.019 0.449 0.09599999999999997 0
0 0.8915 0.489 0.05700000000000005 0
0 1.0375 0.489 0.09300000000000008 0
0 1.163125 0.475 0 0.09000000000000002
0 0.363625 0.563 0 0.09599999999999997
0 0.91925 0.5085 0 0.041000000000000036
0 1.00175 0.5640000000000001 0 0.09199999999999997
0 0.52475 0.618 0 0.20599999999999996
0 0.11299999999999999 0.649 0.05799999999999998 0
0 0.1259375 0.669 0 0.11599999999999999
0 0.563875 0.7030000000000001 0 0.04999999999999993
0 1.0445 0.712 0 0.08399999999999996
0 0.358 0.729 0.172 0
0 0.5565 0.729 0.06699999999999995 0
0 0.167125 0.7625 0 0.10299999999999998
0 0.28465625 0.596 0 0.532
0 0.32375 0.7424999999999999 0 0.05700000000000005
0 0.447625 0.761 0 0.08400000000000007
0 0.63975 0.7455 0 0.04700000000000004
0 0.242 0.849 0.144 0
0 0.1255 0.9005000000000001 0 0.05700000000000005
0 0.28925 0.9105000000000001 0 0.04300000000000004
0 1.20125 0.9395 0 0.10099999999999998
0 0.178 0.929 0.098 0
0 0.56375 0.9339999999999999 0 0.07799999999999996
0 1.2325 0.929 0.07299999999999995 0
0 0.7085 0.969 0.359 0
0 1.0055 0.982 0 0.05799999999999994
0 1.2325 0.969 0.07299999999999995 0
0 0.8015 1.035 0 0.052000000000000046
0 0.33399999999999996 1.049 0.07800000000000001 0
0 1.0848125 1.083 0 0.08999999999999986
0 1.2325 1.049 0.07299999999999995 0
0 0.1235 1.089 0.079 0
0 0.1735 1.129 0.049000000000000016 0
0 0.34099999999999997 1.129 0.09800000000000003 0
0 0.631 1.129 0.07000000000000006 0
0 0.68575 1.1495000000000002 0 0.07099999999999995
0 0.722625 1.145 0 0.08000000000000007
0 0.766625 1.1425 0 0.08499999999999996
0 0.886625 1.1195 0 0.05699999999999994
0 1.0185 1.129 0.07699999999999996 0
0 0.33399999999999996 1.169 0.08400000000000002 0
0 0.40425 1.157 0 0.05600000000000005
0 0.6205 1.169 0.049000000000000044 0
0 0.124 0.33899999999999997 0 0.03999999999999998
0 0.124 1.125 0 0.1200000000000001
0 0.164 0.2915 0 0.157
0 0.164 0.9445 0 0.07499999999999996
0 0.164 1.0905 0 0.06300000000000017
0 0.204 0.2885 0 0.151
0 0.204 0.438 0 0.040000000000000036
0 0.204 0.8714999999999999 0 0.08700000000000008
0 0.244 0.359 0 0.057999999999999996
0 0.244 0.887 0 0.08400000000000007
0 0.324 0.327 0 0.10399999999999998
0 0.364 0.745 0 0.052000000000000046
0 0.364 0.884 0 0.10200000000000009
0 0.524 0.3255 0 0.09499999999999997
0 0.524 1.0859999999999999 0 0.06600000000000006
0 0.604 1.1480000000000001 0 0.07400000000000007
0 0.644 0.931 0 0.07199999999999995
0 0.644 1.145 0 0.08000000000000007
0 0.684 0.9355 0 0.07499999999999996
0 0.764 0.2865 0 0.155
0 0.804 1.1480000000000001 0 0.07400000000000007
0 0.884 0.2995 0 0.10099999999999998
0 0.924 0.288 0 0.158
0 1.044 1.102 0 0.040000000000000036
0 1.084 0.305 0 0.10599999999999998
0 1.084 0.447 0 0.08599999999999997
0 1.124 0.3065 0 0.10899999999999999
0 1.164 0.3205 0 0.056999999999999995
0 1.204 0.403 0 0.14599999999999996
0 1.204 0.593 0 0.134
0 1.204 1.0905 0 0.10499999999999998
1 1.02285546875 0.519 0.04225829202214527 0.05
1 0.5845 0.309 0.04004996878900158 0.05
1 0.315 0.349 0.044721359549995794 0.05
1 1.1795 0.369 0.033 0.05
1 1.1835625 0.523 0.04131302004211263 0.05
1 0.14653125 0.719 0.044186085550204604 0.05
1 0.1855625 0.821 0.039443194913698354 0.05
1 0.286953125 0.8755 0.027387999909860156 0.05
1 0.14475 0.918 0.04434241761564202 0.05
1 0.156 1.109 0.04237924020083418 0.05
3 0.38025 0.45299999999999996 0.5925 0.488
3 0.97275 0.45299999999999996 0.5924999999999999 0.488
3 0.38025 0.9410000000000001 0.5925 0.4880000000000001
3 0.97275 0.9410000000000001 0.5924999999999999 0.4880000000000001