0 0.8209375 0.369 0 0.14400000000000002
0 0.1395 0.35450000000000004 0 0.044999999999999984
0 0.14025 0.47750000000000004 0 0.04099999999999998
0 0.7845 0.457 0.31699999999999995 0
0 0.48750000000000004 0.497 0.065 0
0 0.54975 0.52 0 0.04600000000000004
0 0.5025000000000001 0.537 0.11300000000000004 0
0 0.7505 0.537 0.041000000000000036 0
0 0.917 0.537 0.051999999999999935 0
0 0.817 0.617 0.05999999999999994 0
0 0.388 0.657 0.07400000000000001 0
0 0.4375 0.737 0.04700000000000004 0
0 0.395 0.777 0.09400000000000003 0
0 0.8415 0.777 0.09699999999999998 0
0 0.3735 0.817 0.051000000000000045 0
0 0.422484375 0.8594999999999999 0 0.277
0 0.14275 0.897 0 0.08199999999999996
0 0.39149999999999996 0.857 0.08100000000000002 0
0 0.8325 0.857 0.07899999999999996 0
0 0.39649999999999996 0.897 0.09100000000000003 0
0 0.8125 0.897 0.06299999999999994 0
0 0.865625 0.9570000000000001 0 0.19400000000000006
0 0.7675000000000001 0.937 0.08700000000000008 0
0 0.9065 0.9445 0 0.04299999999999993
0 0.491 0.977 0.28600000000000003 0
0 0.8225 0.977 0.05899999999999994 0
0 0.9155 0.977 0.05499999999999994 0
0 0.3695 1.017 0.04300000000000004 0
0 0.54 1.017 0.07399999999999995 0
0 0.772 1.017 0.07800000000000007 0
0 0.5925 1.057 0.09699999999999998 0
0 0.8225 1.057 0.05899999999999994 0
0 0.868 1.097 0.1499999999999999 0
0 0.619 1.137 0.04400000000000004 0
0 0.7045 1.137 0.04899999999999993 0
0 0.581375 1.27 0 0.21399999999999997
0 0.679 1.177 0.11199999999999999 0
0 0.651 1.217 0.05600000000000005 0
0 0.9015 1.217 0.08299999999999996 0
0 0.4215 1.2570000000000001 0 0.13800000000000012
0 0.651 1.257 0.05600000000000005 0
0 0.7755000000000001 1.257 0.06500000000000006 0
0 0.9139999999999999 1.257 0.05799999999999994 0
0 0.81 1.337 0.04599999999999993 0
0 0.5575 1.377 0.14700000000000002 0
0 0.9139999999999999 1.377 0.05799999999999994 0
0 0.9005 1.413 0 0.08999999999999986
0 0.6455 1.457 0.595 0
0 0.382 0.8069999999999999 0 0.07799999999999996
0 0.382 1.0125 0 0.07100000000000006
0 0.382 1.1829999999999998 0 0.04600000000000004
0 0.422 0.6599999999999999 0 0.06799999999999995
0 0.462 0.47650000000000003 0 0.11900000000000005
0 0.462 0.739 0 0.04400000000000004
0 0.462 0.9570000000000001 0 0.08199999999999996
0 0.462 1.303 0 0.04600000000000004
0 0.502 0.7484999999999999 0 0.05500000000000005
0 0.502 0.9570000000000001 0 0.08199999999999996
0 0.542 1.3439999999999999 0 0.06600000000000006
0 0.622 1.019 0 0.08399999999999996
0 0.662 1.325 0 0.07200000000000006
0 0.702 1.383 0 0.1499999999999999
0 0.742 1.0325 0 0.04300000000000015
0 0.822 0.7755000000000001 0 0.05300000000000005
0 0.822 0.9085 0 0.09699999999999998
0 0.862 0.7725 0 0.04700000000000004
0 0.862 1.1975 0 0.07500000000000018
0 0.902 0.535 0 0.040000000000000036
0 0.902 1.0705 0 0.04300000000000015
0 0.902 1.2349999999999999 0 0.05599999999999983
0 0.942 0.79 0 0.08199999999999996
0 0.942 0.9605 0 0.07499999999999996
0 0.942 1.071 0 0.06800000000000006
1 0.4222421875 0.812 0.02700434444937749 0.05
1 0.8838125 1.0515 0.03671703453439561 0.05
1 0.802 0.957 0.043863424398922615 0.05
1 0.87 0.977 0.036 0.05
1 0.6605 1.137 0.039 0.05
1 0.40175 1.243 0.04340794858087629 0.05
1 0.942 1.0175 0.039 0.05
3 0.340375 0.5872499999999999 0.40175 0.5805
3 0.7421249999999999 0.5872499999999999 0.40174999999999994 0.5805
3 0.340375 1.1677499999999998 0.40175 0.5805
3 0.7421249999999999 1.1677499999999998 0.40174999999999994 0.5805