0 0.114859375 0.35250000000000004 0 0.16899999999999998
0 0.2745 0.348 0.335 0
0 0.23450000000000001 0.588 0.07100000000000001 0
0 0.311 0.9809999999999999 0 0.07599999999999996
0 0.4355 0.948 0.051000000000000045 0
0 0.115 0.5105000000000001 0 0.08700000000000002
0 0.115 0.7090000000000001 0 0.17000000000000004
0 0.115 0.8899999999999999 0 0.13
0 0.115 1.0465 0 0.04300000000000015
0 0.155 0.38249999999999995 0 0.07100000000000001
0 0.235 0.59 0 0.05400000000000005
0 0.395 0.37949999999999995 0 0.065
0 0.475 0.2175 0 0.059
0 0.515 0.9735 0 0.08499999999999996
1 0.1149296875 0.452 0.030000329588033278 0.05
1 0.115 0.8095 0.031 0.05
3 0.209 0.40800000000000003 0.20400000000000001 0.44
3 0.41300000000000003 0.40800000000000003 0.20400000000000001 0.44
3 0.209 0.8480000000000001 0.20400000000000001 0.44000000000000006
3 0.41300000000000003 0.8480000000000001 0.20400000000000001 0.44000000000000006