0 1.0659999999999998 1.02 0.16399999999999992 0
0 1.12 1.04 0.1180000000000001 0
0 0.45299999999999996 1.06 0.27199999999999996 0
0 0.31 0.851 0 0.15200000000000002
0 0.36 0.21350000000000002 0 0.359
0 0.49 1.112 0 0.11199999999999988
0 0.615 0.399 0 0.22800000000000004
0 0.985 1.0835 0 0.15900000000000003
0 1.33 0.8535 0 0.11699999999999999
0 0.3185 0.381 0.10499999999999998 0
0 0.2195 0.397 0.08700000000000002 0
0 0.434 0.397 0.122 0
0 0.7464999999999999 0.405 0.19499999999999995 0
0 1.1665 0.405 0.139 0
0 1.3399999999999999 0.405 0.11599999999999988 0
0 0.2235 0.421 0.09500000000000003 0
0 0.44099999999999995 0.421 0.292 0
0 1.0105 0.429 0.801 0
0 0.098 0.597 0.057999999999999996 0
0 0.346 0.781 0.07600000000000001 0
0 1.0675 0.821 0.123 0
0 1.4020000000000001 0.837 0.062000000000000055 0
0 0.1315 0.853 0.05900000000000001 0
0 0.34550000000000003 0.853 0.07500000000000001 0
0 0.643 0.909 0.10399999999999998 0
0 0.9445 0.909 0.11099999999999999 0
0 0.345 0.925 0.07600000000000001 0
0 1.0434999999999999 0.925 0.07300000000000018 0
0 0.0955 0.933 0.05299999999999999 0
0 1.043 0.981 0.07200000000000006 0
0 1.101 1.005 0.18800000000000017 0
0 0.7404999999999999 1.077 0.061000000000000054 0
0 1.1325 1.085 0.125 0
0 1.1320000000000001 1.109 0.12399999999999989 0
0 0.742 1.117 0.07400000000000007 0
0 0.101 0.4525 0 0.05099999999999999
0 0.101 1.016 0 0.06599999999999995
0 0.101 1.103 0 0.10599999999999987
0 0.373 0.863 0 0.14200000000000002
0 0.429 1.096 0 0.07599999999999985
0 0.477 1.0955 0 0.07699999999999996
0 0.501 0.40900000000000003 0 0.05199999999999999
0 0.541 1.095 0 0.07600000000000007
0 0.597 0.956 0 0.128
0 0.613 0.40800000000000003 0 0.05199999999999999
0 0.621 1.0499999999999998 0 0.05400000000000005
0 0.645 0.40800000000000003 0 0.05199999999999999
0 0.653 1.093 0 0.05800000000000005
0 0.685 0.2395 0 0.351
0 0.709 1.117 0 0.07600000000000007
0 0.877 1.1035 0 0.05899999999999994
0 0.981 1.0665 0 0.10899999999999999
0 1.013 0.564 0 0.294
0 1.085 0.867 0 0.09200000000000008
0 1.197 0.9319999999999999 0 0.06399999999999995
0 1.197 1.1055000000000001 0 0.05499999999999994
0 1.397 0.47500000000000003 0 0.17400000000000004
0 1.397 0.964 0 0.278
1 0.2735 0.401 0.04031128874149274 0.05
1 0.637 1.0705 0.03453983207834108 0.05
2 0.31 0.851 0.035 0.05
2 0.985 1.0835 0.035 0.05
3 0.41000000000000003 0.3175 0.6819999999999999 0.567
3 1.092 0.3175 0.682 0.567
3 0.41000000000000003 0.8845 0.6819999999999999 0.567
3 1.092 0.8845 0.682 0.567