0 0.48375 0.5489999999999999 0 0.04599999999999993
0 0.403375 0.5725 0 0.05499999999999994
0 1.16675 0.7085 0 0.04499999999999993
0 1.207625 0.7115 0 0.050999999999999934
0 0.6046875 0.7435 0 0.08500000000000008
0 0.68625 0.73 0 0.07000000000000006
0 1.0825 0.713 0 0.04200000000000004
0 0.4125 0.926 0.429 0
0 1.0915 0.926 0.45300000000000007 0
0 0.12415625 1.1985 0 0.41899999999999993
0 0.36225 1.031 0 0.05600000000000005
0 0.6045 1.006 0.09899999999999998 0
0 0.794 1.006 0.07199999999999995 0
0 0.39649999999999996 1.046 0.069 0
0 0.404203125 1.186 0 0.1379999999999999
0 0.524375 1.1219999999999999 0 0.08200000000000007
0 0.94 1.126 0.20400000000000007 0
0 0.277 1.166 0.13200000000000003 0
0 0.364375 1.1655 0 0.04300000000000015
0 0.5740000000000001 1.166 0.041999999999999926 0
0 0.971 1.181 0 0.04800000000000004
0 1.763625 1.1545 0 0.06299999999999994
0 0.252 1.206 0.07999999999999999 0
0 0.323921875 1.2945 0 0.2250000000000001
0 0.3655 1.2285 0 0.04499999999999993
0 0.8885 1.206 0.10299999999999998 0
0 0.214 1.246 0.05199999999999999 0
0 0.882 1.246 0.09400000000000008 0
0 0.7625 1.306 0 0.040000000000000036
0 0.855 1.286 0.06600000000000006 0
0 0.92325 1.301 0 0.06800000000000006
0 0.281875 1.3205 0 0.052999999999999936
0 0.6485000000000001 1.326 0.22899999999999998 0
0 0.8645 1.326 0.06500000000000006 0
0 1.0005 1.326 0.07699999999999996 0
0 1.0840703125 1.455 0 0.21199999999999997
0 0.372 1.406 0.10199999999999998 0
0 0.609 1.446 0.05400000000000005 0
0 0.766625 1.448 0 0.052000000000000046
0 0.9305 1.446 0.06699999999999995 0
0 1.0545 1.446 0.05900000000000016 0
0 1.24225 1.4595 0 0.040999999999999925
0 1.2850000000000001 1.446 0.04200000000000004 0
0 0.12409375 1.5394999999999999 0 0.119
0 0.605125 1.5245000000000002 0 0.10699999999999998
0 0.6465 1.509 0 0.04600000000000004
0 0.685875 1.5165000000000002 0 0.09099999999999997
0 0.754 1.486 0.04800000000000004 0
0 0.805125 1.528 0 0.11799999999999988
0 1.565625 1.5165 0 0.06099999999999994
0 0.7284999999999999 1.526 0.279 0
0 1.012 1.526 0.06999999999999995 0
0 0.61 1.566 0.062000000000000055 0
0 0.68325 1.5870000000000002 0 0.04200000000000004
0 0.7615000000000001 1.606 0.051000000000000045 0
0 1.04975 1.6775 0 0.34299999999999997
0 1.004875 1.642 0 0.04200000000000004
0 0.524875 1.746 0 0.040000000000000036
0 0.724875 1.7465 0 0.040999999999999925
0 1.005 1.726 0.04799999999999993 0
0 1.123125 1.749 0 0.04600000000000004
0 0.14750000000000002 1.766 0.04500000000000001 0
0 0.5605 1.766 0.685 0
0 1.345 1.766 0.09799999999999986 0
0 1.4515 1.766 0.04899999999999993 0
0 1.0041875 1.8755 0 0.07699999999999996
0 0.5248125 1.951 0 0.08400000000000007
0 0.562 1.9329999999999998 0 0.04200000000000004
0 0.607 1.9315 0 0.04300000000000015
0 0.642 1.9725000000000001 0 0.04299999999999993
0 0.8660000000000001 1.966 0.11399999999999999 0
0 1.147 1.966 0.17200000000000015 0
0 1.292 1.966 0.05600000000000005 0
0 0.406 2.006 0.11600000000000005 0
0 0.6355 2.006 0.061000000000000054 0
0 1.248375 2.032 0 0.052000000000000046
0 0.683 2.059 0 0.04599999999999982
0 1.0354999999999999 2.046 0.06500000000000017 0
0 1.279 2.046 0.052000000000000046 0
0 1.323875 2.252 0 0.4099999999999997
0 0.24325 2.1390000000000002 0 0.18000000000000016
0 0.931 2.166 0.06799999999999995 0
0 0.8565 2.206 0.10299999999999998 0
0 0.92525 2.2830000000000004 0 0.27
0 0.8600000000000001 2.246 0.10599999999999998 0
0 0.9984999999999999 2.246 0.07299999999999995 0
0 0.9095 2.286 0.137 0
0 1.0055 2.274 0 0.07200000000000006
0 0.5335 2.326 0.06299999999999994 0
0 0.8674999999999999 2.326 0.16299999999999992 0
0 0.9695 2.3085 0 0.12699999999999978
0 0.9295 2.366 0.2549999999999999 0
0 0.80825 2.3795 0 0.052999999999999936
0 1.023 2.446 0.06799999999999995 0
0 0.602375 2.4875 0 0.05899999999999972
0 0.6435 2.4855 0 0.054999999999999716
0 0.68425 2.5235000000000003 0 0.129
0 0.724 2.5125 0 0.10499999999999998
0 0.76525 2.51 0 0.09800000000000031
0 0.923125 2.4865 0 0.04699999999999971
0 0.643 2.5469999999999997 0 0.04200000000000026
0 0.7975 2.566 0.5069999999999999 0
0 1.221 2.566 0.17800000000000016 0
0 1.32775 2.557 0 0.04800000000000004
0 0.3405 2.606 0.229 0
0 1.24425 2.625 0 0.043999999999999595
0 0.3435 2.646 0.20700000000000002 0
0 0.47925 2.6784999999999997 0 0.06499999999999995
0 0.322 2.701 0 0.040000000000000036
0 0.4435 2.686 0.08499999999999996 0
0 0.5255625 2.7445 0 0.11699999999999999
0 0.243 2.766 0.048000000000000015 0
0 0.36575 2.77 0 0.06400000000000006
0 0.6075 2.774 0 0.041999999999999815
0 0.28450000000000003 2.806 0.11100000000000002 0
0 0.40525 2.763 0 0.17399999999999993
0 1.049 2.806 0.5039999999999999 0
0 1.3255 2.791 0 0.05400000000000027
0 0.12825 2.9160000000000004 0 0.06000000000000005
0 0.1685 2.9115 0 0.05099999999999971
0 0.204375 2.9085 0 0.06300000000000017
0 0.247 2.9139999999999997 0 0.06800000000000006
0 0.364875 2.911 0 0.06599999999999984
0 0.302 2.926 0.168 0
0 0.48050000000000004 2.926 0.05099999999999999 0
0 0.645625 2.92 0 0.041999999999999815
0 1.1255 2.926 0.052999999999999936 0
0 0.244 1.3795 0 0.7549999999999999
0 0.244 2.54 0 0.5259999999999998
0 0.284 1.1635 0 0.04499999999999993
0 0.284 2.908 0 0.06400000000000006
0 0.324 1.607 0 0.041999999999999815
0 0.324 1.7325 0 0.05899999999999994
0 0.324 2.9115 0 0.08499999999999996
0 0.404 2.6254999999999997 0 0.04700000000000015
0 0.444 2.6975 0 0.04700000000000015
0 0.444 2.7755 0 0.04899999999999993
0 0.444 2.9314999999999998 0 0.05099999999999971
0 0.484 1.0305 0 0.05699999999999994
0 0.484 2.7705 0 0.05899999999999972
0 0.484 2.9355 0 0.04500000000000037
0 0.564 1.0805 0 0.15700000000000003
0 0.564 1.4535 0 0.06499999999999995
0 0.564 2.3495 0 0.05900000000000016
0 0.604 1.0305 0 0.05699999999999994
0 0.604 2.585 0 0.05400000000000027
0 0.604 2.702 0 0.05799999999999983
0 0.604 2.928 0 0.04800000000000004
0 0.684 0.9969999999999999 0 0.04399999999999993
0 0.764 1.5474999999999999 0 0.06500000000000017
0 0.764 2.0655 0 0.05500000000000016
0 0.844 1.1564999999999999 0 0.30700000000000016
0 0.844 1.502 0 0.16800000000000015
0 0.844 1.7305 0 0.040999999999999925
0 0.844 2.061 0 0.041999999999999815
0 0.844 2.3055000000000003 0 0.20100000000000007
0 0.884 1.226 0 0.20199999999999996
0 0.884 2.193 0 0.10200000000000031
0 0.884 2.3005 0 0.052999999999999936
0 0.924 1.1785 0 0.125
0 0.924 1.8615 0 0.050999999999999934
0 0.924 2.0004999999999997 0 0.08099999999999996
0 0.964 2.1805 0 0.08300000000000018
0 1.004 0.7135 0 0.049000000000000044
0 1.004 1.5535 0 0.08699999999999997
0 1.004 2.0465 0 0.04499999999999993
0 1.044 2.4105 0 0.7269999999999999
0 1.084 1.7405 0 0.040999999999999925
0 1.284 1.076 0 0.15400000000000003
0 1.284 1.2125 0 0.04500000000000015
0 1.284 1.5975 0 0.16900000000000004
0 1.284 1.756 0 0.052000000000000046
0 1.604 1.517 0 0.051999999999999824
1 0.3441484375 1.1845 0.04076095340231414 0.05
1 0.3039609375 1.274 0.040121765957091486 0.05
1 0.923625 1.2255 0.026010815058356018 0.05
1 0.785875 1.4715 0.03882331773560833 0.05
1 0.5845625 1.4995 0.0437751713303329 0.05
1 1.4105 1.766 0.033 0.05
1 0.6245 1.952 0.03505709628591621 0.05
1 1.2485 1.966 0.031 0.05
1 0.885 2.186 0.041484937025383084 0.05
1 0.938 2.266 0.04308131845707603 0.05
1 0.6226875 2.5215 0.04160998227589144 0.05
1 0.481625 2.726 0.03037371396454507 0.05
1 0.404625 2.726 0.027028919697242804 0.05
1 0.884 2.259 0.03 0.05
1 1.284 1.1715 0.037 0.05
3 0.5339765624999999 1.134 0.8197656249999999 1.216
3 1.3537421875 1.134 0.819765625 1.216
3 0.5339765624999999 2.35 0.8197656249999999 1.2160000000000002
3 1.3537421875 2.35 0.819765625 1.2160000000000002