0 0.035 0.08149999999999999 0 0.12499999999999999
0 0.295 0.08099999999999999 0 0.12399999999999999
0 0.295 0.49849999999999994 0 0.177
0 0.055999999999999994 0.165 0.064 0
0 0.2815 0.165 0.05099999999999999 0
0 0.055999999999999994 0.189 0.064 0
0 0.2815 0.189 0.05099999999999999 0
0 0.0975 0.469 0.14700000000000002 0
0 0.07100000000000001 0.597 0.092 0
0 0.27949999999999997 0.613 0.056999999999999995 0
0 0.1065 0.621 0.163 0
0 0.165 0.5965 0 0.05500000000000005
3 0.095 0.17025 0.14200000000000002 0.3025
3 0.237 0.17025 0.142 0.3025
3 0.095 0.47275 0.14200000000000002 0.3025
3 0.237 0.47275 0.142 0.3025