0 1.287 0.525 0.3699999999999999 0
0 0.5315 1.275 0.889 0
0 1.226 1.55 0.52 0
0 0.77 0.7725 0 0.21699999999999997
0 0.835 0.7705 0 0.21299999999999997
0 1.175 1.024 0 0.3660000000000001
0 1.235 1.068 0 0.45399999999999996
0 1.2205 0.517 0.09099999999999997 0
0 0.1915 0.837 0.207 0
0 0.35150000000000003 0.837 0.09900000000000003 0
0 0.455 0.837 0.10199999999999998 0
0 0.56 0.837 0.10199999999999998 0
0 0.9794999999999999 0.837 0.07099999999999995 0
0 1.2965 0.837 0.373 0
0 0.1915 0.861 0.207 0
0 0.35150000000000003 0.861 0.09900000000000003 0
0 0.4585 0.861 0.09500000000000003 0
0 0.5565 0.861 0.09499999999999997 0
0 0.9744999999999999 0.861 0.06099999999999994 0
0 1.2 0.861 0.09200000000000008 0
0 0.1525 0.877 0.09500000000000001 0
0 0.7789999999999999 0.877 0.14 0
0 0.976 1.037 0.05799999999999994 0
0 1.298 1.109 0.1120000000000001 0
0 1.456 1.109 0.05400000000000005 0
0 1.295 1.133 0.1060000000000001 0
0 1.4575 1.133 0.051000000000000156 0
0 1.278 1.173 0.07200000000000006 0
0 1.227 1.301 0.5120000000000001 0
0 1.227 1.461 0.5120000000000001 0
0 1.227 1.485 0.5120000000000001 0
0 0.109 0.37 0 0.238
0 0.109 0.5565 0 0.129
0 0.109 0.7705 0 0.18299999999999994
0 0.453 0.4155 0 0.20700000000000002
0 0.757 1.5445 0 0.07500000000000018
0 0.781 0.7635000000000001 0 0.19699999999999995
0 0.973 0.9610000000000001 0 0.19000000000000006
0 0.973 1.4460000000000002 0 0.10200000000000009
0 0.989 0.9504999999999999 0 0.16899999999999993
0 0.989 1.4595 0 0.07500000000000018
0 0.997 1.2205 0 0.22099999999999986
0 1.005 1.2475 0 0.133
0 1.165 0.3345 0 0.09100000000000003
0 1.237 1.0335 0 0.17300000000000015
0 1.237 1.2135 0 0.17899999999999983
0 1.445 1.0115 0 0.21700000000000008
0 1.445 1.2454999999999998 0 0.11499999999999999
0 1.453 0.4635 0 0.05099999999999999
0 1.453 1.3935 0 0.050999999999999934
0 1.453 1.4595 0 0.07500000000000018
1 0.9735 1.288 0.026476404589747454 0.05
1 0.406 0.849 0.026 0.05
2 1.2253333333333332 0.525 0.035 0.05
2 1.3486666666666667 0.525 0.035 0.05
2 0.23516666666666666 1.275 0.035 0.05
2 0.3833333333333333 1.275 0.035 0.05
2 0.5315 1.275 0.035 0.05
2 0.6796666666666666 1.275 0.035 0.05
2 0.8278333333333334 1.275 0.035 0.05
2 0.77 0.7725 0.035 0.05
2 1.235 0.9545 0.035 0.05
2 1.235 1.068 0.035 0.05
2 1.235 1.1815 0.035 0.05
3 0.43674999999999997 0.58375 0.6995 0.6655
3 1.13625 0.58375 0.6995 0.6655
3 0.43674999999999997 1.24925 0.6995 0.6655000000000001
3 1.13625 1.24925 0.6995 0.6655000000000001