0 1.9569999999999999 0.94 0.3619999999999999 0
0 1.7915 1.1 0.10099999999999998 0
0 1.9935 1.125 0.18900000000000006 0
0 1.4155000000000002 1.135 0.373 0
0 2.1115 1.56 0.12300000000000022 0
0 1.6015 1.595 0.14500000000000002 0
0 2.0745 1.595 0.17699999999999982 0
0 1.522 1.835 0.6040000000000001 0
0 1.515 1.0145 0 0.17100000000000004
0 2.29 1.6275 0 0.353
0 2.76 0.437 0.06000000000000005 0
0 1.3824999999999998 1.093 0.30499999999999994 0
0 1.7735 1.093 0.06099999999999994 0
0 2.2195 1.101 0.15500000000000025 0
0 1.9315 1.109 0.051000000000000156 0
0 1.3824999999999998 1.117 0.30499999999999994 0
0 1.7735 1.117 0.06099999999999994 0
0 2.036 1.125 0.05600000000000005 0
0 2.2190000000000003 1.125 0.15600000000000014 0
0 2.274 1.173 0.0519999999999996 0
0 2.2729999999999997 1.245 0.052000000000000046 0
0 1.256 1.397 0.06000000000000005 0
0 1.4825 1.589 0.09699999999999998 0
0 1.8365 1.589 0.30100000000000016 0
0 2.26 1.621 0.06199999999999983 0
0 2.26 1.645 0.06199999999999983 0
0 2.26 1.749 0.06600000000000028 0
0 2.2584999999999997 1.773 0.06300000000000017 0
0 1.8455 1.789 0.10299999999999998 0
0 1.8245 1.821 0.9269999999999998 0
0 2.057 1.845 0.46199999999999974 0
0 1.221 1.4755 0 0.21899999999999986
0 1.253 1.296 0 0.3999999999999999
0 1.253 1.625 0 0.06199999999999983
0 1.517 1.5215 0 0.17300000000000004
0 1.685 1.775 0 0.12200000000000011
0 1.709 1.794 0 0.08400000000000007
0 1.797 1.8005 0 0.07100000000000017
0 1.821 1.8005 0 0.07100000000000017
0 1.845 1.8125 0 0.0950000000000002
0 1.869 1.8135 0 0.0930000000000002
0 1.893 1.8125 0 0.0950000000000002
0 1.901 1.828 0 0.06400000000000006
0 1.925 1.1415 0 0.08499999999999996
0 1.925 1.4500000000000002 0 0.32000000000000006
0 1.925 1.8290000000000002 0 0.062000000000000055
0 1.949 1.1355 0 0.07299999999999995
0 1.949 1.8290000000000002 0 0.062000000000000055
0 1.973 1.83 0 0.06000000000000005
0 1.997 1.83 0 0.06000000000000005
0 2.021 1.8305 0 0.05900000000000016
0 2.045 1.8305 0 0.05900000000000016
0 2.069 1.776 0 0.16800000000000015
0 2.093 1.8290000000000002 0 0.062000000000000055
0 2.117 1.8290000000000002 0 0.062000000000000055
0 2.141 1.8290000000000002 0 0.062000000000000055
0 2.165 1.83 0 0.06400000000000006
0 2.173 1.0255 0 0.22699999999999998
0 2.189 1.83 0 0.06400000000000006
0 2.197 1.0030000000000001 0 0.272
0 2.213 1.83 0 0.06400000000000006
0 2.237 1.5835 0 0.123
0 2.237 1.807 0 0.1100000000000001
0 2.245 1.137 0 0.07200000000000006
0 2.261 1.4435 0 0.4009999999999998
0 2.261 1.8075 0 0.10900000000000021
0 2.269 1.137 0 0.07200000000000006
0 2.285 1.4445000000000001 0 0.4029999999999998
0 2.285 1.8075 0 0.10900000000000021
0 2.293 1.138 0 0.07400000000000007
0 2.293 1.7799999999999998 0 0.05400000000000005
1 1.237 1.5895 0.03324154027718932 0.05
2 1.3408 1.835 0.035 0.05
2 1.4616 1.835 0.035 0.05
2 1.5824 1.835 0.035 0.05
2 1.7032 1.835 0.035 0.05
3 1.6124999999999998 0.79325 0.7849999999999999 0.7124999999999999
3 2.3975 0.79325 0.7850000000000001 0.7124999999999999
3 1.6124999999999998 1.50575 0.7849999999999999 0.7125000000000001
3 2.3975 1.50575 0.7850000000000001 0.7125000000000001