0 0.46799999999999997 0.6 0.47 0
0 0.4315 0.675 0.43900000000000006 0
0 1.6795 0.775 0.28100000000000014 0
0 2.4989999999999997 0.86 0.10199999999999987 0
0 1.72 0.98 0.23399999999999999 0
0 1.291 1.17 0.22999999999999998 0
0 0.876 1.175 0.20999999999999996 0
0 1.7525 1.175 0.15300000000000002 0
0 0.985 1.2 0.1399999999999999 0
0 0.9015 1.215 0.16300000000000003 0
0 0.4495 1.24 0.44100000000000006 0
0 1.625 1.495 0.29400000000000004 0
0 1.5575 1.665 0.131 0
0 1.3645 2.33 0.23899999999999988 0
0 1.6735 2.33 0.17499999999999982 0
0 1.6444999999999999 2.53 0.349 0
0 0.71 0.461 0 0.16600000000000004
0 1.26 2.3834999999999997 0 0.16100000000000003
0 1.505 0.432 0 0.136
0 1.83 0.4865 0 0.21099999999999997
0 1.865 0.511 0 0.21999999999999997
0 1.985 1.0495 0 0.13700000000000012
0 2.06 2.38 0 0.31999999999999984
0 2.155 0.8474999999999999 0 0.20699999999999996
0 2.54 1.0855000000000001 0 0.17100000000000004
0 2.595 0.9299999999999999 0 0.126
0 2.71 0.7250000000000001 0 0.11599999999999999
0 2.805 1.1305 0 0.123
0 2.905 1.0185 0 0.261
0 3.01 0.612 0 0.45399999999999996
0 3.045 0.573 0.06000000000000005 0
0 2.9850000000000003 0.765 0.052000000000000046 0
0 3.276 0.805 0.06399999999999961 0
0 1.645 0.989 0.06599999999999984 0
0 1.3755 1.173 0.05699999999999994 0
0 1.5495 2.533 0.061000000000000165 0
0 1.205 1.126 0 0.09199999999999986
0 1.429 0.5255000000000001 0 0.06500000000000006
0 1.685 1.0445 0 0.07100000000000017
0 1.821 1.1445 0 0.07299999999999995
0 1.853 1.0375 0 0.07700000000000007
0 2.157 0.41700000000000004 0 0.066
0 2.157 0.5349999999999999 0 0.06399999999999995
0 2.157 0.886 0 0.10000000000000009
0 2.549 1.0255 0 0.05700000000000005
0 2.701 0.738 0 0.07000000000000006
0 2.701 1.028 0 0.08999999999999997
0 2.701 1.1365 0 0.05699999999999994
0 2.909 1.0865 0 0.15700000000000003
0 3.005 0.4615 0 0.059
0 3.309 0.5155000000000001 0 0.05700000000000005
0 3.309 0.788 0 0.06999999999999995
0 3.317 0.406 0 0.05399999999999999
0 3.341 0.765 0 0.05600000000000005
1 2.701 1.0905 0.035 0.05
2 0.3505 0.6 0.035 0.05
2 0.468 0.6 0.035 0.05
2 0.5855 0.6 0.035 0.05
2 1.6795 0.775 0.035 0.05
2 1.72 0.98 0.035 0.05
2 1.83 0.4865 0.035 0.05
2 2.905 1.0185 0.035 0.05
2 3.01 0.4985 0.035 0.05
2 3.01 0.612 0.035 0.05
2 3.01 0.7255 0.035 0.05
3 0.99425 0.9079999999999999 1.5645 1.088
3 2.55875 0.9079999999999999 1.5645000000000002 1.088
3 0.99425 1.996 1.5645 1.088
3 2.55875 1.996 1.5645000000000002 1.088