0 1.0325 0.705 0.43900000000000006 0
0 1.6345 2.755 0.21100000000000008 0
0 0.989 3.895 0.15599999999999992 0
0 1.032 4.58 0.5680000000000001 0
0 1.46 5.23 0.252 0
0 0.78 3.4645 0 0.2469999999999999
0 0.78 1.182 0 0.1080000000000001
0 0.89 1.1280000000000001 0 0.30400000000000005
0 0.89 1.6785 0 0.29900000000000015
0 0.89 4.0435 0 0.10100000000000042
0 1.02 3.3685 0 0.5090000000000003
0 1.16 3.6425 0 0.125
0 1.345 2.713 0 0.32799999999999985
0 1.53 2.6385 0 0.17900000000000027
0 1.725 2.6385 0 0.17900000000000027
0 7.335 3.366 0 0.11399999999999988
0 11.84 5.491 0 0.17600000000000016
0 1.0745 0.421 0.521 0
0 1.08 0.701 0.4880000000000001 0
0 1.069 0.725 0.5100000000000001 0
0 0.743 1.149 0.07600000000000007 0
0 0.7324999999999999 1.173 0.05500000000000005 0
0 5.638 1.669 0.09799999999999986 0
0 5.6325 1.693 0.10899999999999999 0
0 6.5985 1.797 0.10899999999999999 0
0 4.607 1.901 0.05400000000000027 0
0 1.4165 2.021 0.119 0
0 0.754 2.093 0.05400000000000005 0
0 6.462999999999999 2.133 0.09799999999999986 0
0 3.8525 2.149 1.2590000000000003 0
0 4.618 2.149 0.25 0
0 6.462999999999999 2.157 0.09799999999999986 0
0 3.983 2.173 1.5200000000000005 0
0 0.798 2.189 0.05399999999999994 0
0 0.852 2.245 0.05400000000000005 0
0 0.9764999999999999 2.245 0.06499999999999995 0
0 1.1560000000000001 2.245 0.05400000000000005 0
0 1.9700000000000002 2.389 0.05400000000000005 0
0 10.565000000000001 2.389 0.05400000000000027 0
0 1.9700000000000002 2.453 0.05400000000000005 0
0 10.565000000000001 2.453 0.05400000000000027 0
0 2.0345 2.549 0.44500000000000006 0
0 4.542 2.549 0.09799999999999986 0
0 6.3325 2.549 0.09700000000000042 0
0 10.625 2.549 0.43400000000000105 0
0 2.4095 2.741 0.19500000000000028 0
0 2.621 2.741 0.18400000000000016 0
0 10.4785 2.773 0.054999999999999716 0
0 10.6195 2.773 0.054999999999999716 0
0 10.7605 2.773 0.054999999999999716 0
0 1.3675 2.893 0.10899999999999999 0
0 1.1885 3.045 0.31500000000000017 0
0 1.194 3.093 0.30400000000000005 0
0 1.1720000000000002 3.117 0.3480000000000001 0
0 0.9279999999999999 3.309 0.05399999999999994 0
0 7.3309999999999995 3.309 0.05399999999999938 0
0 7.505 3.309 0.05400000000000027 0
0 7.6240000000000006 3.341 0.05399999999999938 0
0 7.7705 3.381 0.08699999999999974 0
0 1.6549999999999998 3.645 0.05400000000000005 0
0 1.7959999999999998 3.645 0.05400000000000005 0
0 0.982 3.677 0.05399999999999994 0
0 1.6549999999999998 3.717 0.05400000000000005 0
0 1.362 3.757 0.09800000000000009 0
0 0.966 3.885 0.15200000000000002 0
0 0.776 3.909 0.05400000000000005 0
0 0.9985 3.917 0.2390000000000001 0
0 0.8305 3.973 0.16300000000000003 0
0 0.8305 3.997 0.16300000000000003 0
0 1.134 4.157 0.4019999999999999 0
0 1.042 4.605 0.586 0
0 1.2645 4.717 0.14100000000000001 0
0 1.2645 4.845 0.14100000000000001 0
0 1.286 4.861 0.09799999999999986 0
0 1.5194999999999999 5.005 0.131 0
0 1.5194999999999999 5.029 0.131 0
0 1.5194999999999999 5.053 0.131 0
0 1.5194999999999999 5.077 0.131 0
0 1.5194999999999999 5.101 0.131 0
0 1.4 5.141 0.17400000000000015 0
0 1.4 5.165 0.17400000000000015 0
0 1.4489999999999998 5.205 0.272 0
0 1.373 5.253 0.1200000000000001 0
0 7.1575 5.405 0.054999999999999716 0
0 7.2985 5.405 0.054999999999999716 0
0 8.7095 5.405 0.054999999999999716 0
0 8.8505 5.405 0.054999999999999716 0
0 11.911000000000001 5.405 0.05400000000000027 0
0 12.052 5.405 0.05400000000000027 0
0 12.139 5.405 0.05400000000000027 0
0 4.401 5.437 0.18400000000000016 0
0 10.386500000000002 5.557 0.9550000000000001 0
0 7.292999999999999 5.637 0.43400000000000016 0
0 10.283 5.637 5.524 0
0 10.1745 5.709 0.054999999999999716 0
0 1.959 5.781 0.05400000000000005 0
0 8.7745 5.781 0.054999999999999716 0
0 12.117 5.781 0.05400000000000027 0
0 12.92 5.781 0.053999999999998494 0
0 7.3420000000000005 5.797 0.05399999999999938 0
0 1.6440000000000001 5.829 0.07599999999999985 0
0 1.959 5.861 0.05400000000000005 0
0 12.92 5.861 0.053999999999998494 0
0 0.9390000000000001 5.901 0.05399999999999994 0
0 0.9390000000000001 5.981 0.05399999999999994 0
0 0.701 1.1720000000000002 0 0.08600000000000008
0 0.725 1.167 0 0.07600000000000007
0 0.733 3.391 0 0.09799999999999986
0 0.733 3.6355 0 0.10899999999999999
0 0.749 2.2895000000000003 0 0.08700000000000019
0 0.749 3.95 0 0.3260000000000005
0 0.749 4.813000000000001 0 0.4660000000000002
0 0.757 1.221 0 0.11999999999999988
0 0.765 1.21 0 0.09799999999999986
0 0.773 3.95 0 0.3260000000000005
0 0.773 4.813000000000001 0 0.4660000000000002
0 0.813 0.521 0 0.412
0 0.837 0.521 0 0.412
0 0.837 5.827500000000001 0 0.08700000000000063
0 0.837 5.947 0 0.0860000000000003
0 0.845 2.2895000000000003 0 0.08700000000000019
0 0.853 0.6779999999999999 0 0.09799999999999998
0 0.877 3.76 0 0.09800000000000031
0 0.877 3.9450000000000003 0 0.09800000000000031
0 0.909 5.947 0 0.0860000000000003
0 0.933 4.129 0 0.07599999999999962
0 0.965 2.2895000000000003 0 0.08700000000000019
0 0.997 0.9495 0 0.09699999999999998
0 0.997 2.2895000000000003 0 0.08700000000000019
0 1.005 4.0535000000000005 0 0.11900000000000022
0 1.021 2.2895000000000003 0 0.08700000000000019
0 1.029 3.999 0 0.22800000000000065
0 1.037 3.0765000000000002 0 1.0310000000000001
0 1.053 5.947 0 0.0860000000000003
0 1.061 3.0875 0 1.053
0 1.061 5.827500000000001 0 0.08700000000000063
0 1.069 3.76 0 0.09800000000000031
0 1.069 4.086 0 0.05400000000000027
0 1.093 0.8519999999999999 0 0.31399999999999995
0 1.117 4.1185 0 0.09699999999999953
0 1.125 4.129 0 0.07599999999999962
0 1.149 2.2895000000000003 0 0.08700000000000019
0 1.149 4.1025 0 0.0649999999999995
0 1.189 4.7155000000000005 0 0.2709999999999999
0 1.205 4.992 0 0.10800000000000054
0 1.213 0.521 0 0.434
0 1.221 5.827500000000001 0 0.08700000000000063
0 1.301 1.172 0 1.714
0 1.301 4.129 0 0.07599999999999962
0 1.309 3.0765000000000002 0 1.0310000000000001
0 1.325 1.172 0 1.714
0 1.341 2.6479999999999997 0 0.17399999999999993
0 1.341 2.8595 0 0.14100000000000001
0 1.341 3.0545 0 0.14100000000000001
0 1.341 3.2395 0 0.14100000000000001
0 1.341 5.1765 0 0.10899999999999999
0 1.365 5.1765 0 0.10899999999999999
0 1.389 5.1765 0 0.10899999999999999
0 1.413 5.1765 0 0.10899999999999999
0 1.517 5.057 0 0.17400000000000038
0 1.629 3.6895 0 0.08700000000000019
0 1.749 3.6895 0 0.08700000000000019
0 1.789 3.6895 0 0.08700000000000019
0 1.933 5.827500000000001 0 0.08700000000000063
0 1.941 2.425 0 0.07600000000000007
0 1.997 2.5774999999999997 0 0.05500000000000016
0 2.053 5.827500000000001 0 0.08700000000000063
0 2.061 2.425 0 0.07600000000000007
0 2.093 5.827500000000001 0 0.08700000000000063
0 2.101 2.425 0 0.07600000000000007
0 2.309 2.6585 0 0.19499999999999984
0 2.373 2.6639999999999997 0 0.07600000000000007
0 2.373 2.8049999999999997 0 0.07600000000000007
0 2.485 2.816 0 0.053999999999999826
0 2.525 2.6585 0 0.19499999999999984
0 2.557 2.827 0 0.07600000000000007
0 2.589 2.6639999999999997 0 0.07600000000000007
0 2.613 2.816 0 0.053999999999999826
0 2.701 2.6585 0 0.19499999999999984
0 3.221 2.366 0 0.43400000000000016
0 3.245 2.366 0 0.43400000000000016
0 4.309 5.54 0 0.20599999999999952
0 4.445 1.9425 0 0.08699999999999997
0 4.477 5.54 0 0.20599999999999952
0 4.557 1.9425 0 0.08699999999999997
0 4.581 2.1159999999999997 0 0.1080000000000001
0 4.581 2.5285 0 0.10899999999999999
0 4.589 2.512 0 0.07599999999999962
0 4.597 1.9425 0 0.08699999999999997
0 4.717 2.366 0 0.43400000000000016
0 4.741 2.366 0 0.43400000000000016
0 5.589 1.6604999999999999 0 0.08699999999999997
0 6.333 2.295 0 0.05400000000000027
0 6.373 2.61 0 0.1200000000000001
0 6.485 2.192 0 0.1080000000000001
0 6.541 1.7690000000000001 0 0.10799999999999987
0 6.541 2.355 0 0.30400000000000027
0 6.565 1.7690000000000001 0 0.10799999999999987
0 6.565 2.3605 0 0.29300000000000015
0 7.141 3.3535 0 0.08699999999999974
0 7.181 5.8385 0 0.08699999999999974
0 7.293 5.8385 0 0.08699999999999974
0 7.301 3.4565 0 0.05500000000000016
0 7.325 3.3535 0 0.08699999999999974
0 7.333 5.8385 0 0.08699999999999974
0 7.501 3.3535 0 0.08699999999999974
0 7.597 3.3535 0 0.08699999999999974
0 7.637 3.3535 0 0.08699999999999974
0 7.725 3.3535 0 0.08699999999999974
0 7.773 3.3535 0 0.08699999999999974
0 7.821 3.3535 0 0.08699999999999974
0 8.613 5.827500000000001 0 0.08700000000000063
0 8.725 5.827500000000001 0 0.08700000000000063
0 8.765 5.827500000000001 0 0.08700000000000063
0 9.909 5.5995 0 0.08699999999999974
0 10.149 5.714 0 0.07599999999999962
0 10.189 5.714 0 0.07599999999999962
0 10.213 5.714 0 0.07599999999999962
0 10.333 5.714 0 0.07599999999999962
0 10.397 5.714 0 0.07599999999999962
0 10.501 5.714 0 0.07599999999999962
0 10.533 2.425 0 0.07600000000000007
0 10.589 2.5774999999999997 0 0.05500000000000016
0 10.653 2.425 0 0.07600000000000007
0 10.685 2.425 0 0.07600000000000007
0 10.853 5.5995 0 0.08699999999999974
0 11.957 5.827500000000001 0 0.08700000000000063
0 12.069 5.827500000000001 0 0.08700000000000063
0 12.109 5.827500000000001 0 0.08700000000000063
0 12.893 5.827500000000001 0 0.08700000000000063
0 12.949 5.6755 0 0.10899999999999999
0 13.013 5.827500000000001 0 0.08700000000000063
0 13.053 5.827500000000001 0 0.08700000000000063
1 0.9115 4.0925 0.04310452412450461 0.05
1 7.318 3.426 0.034525353003264134 0.05
1 12.0955 5.405 0.033 0.05
1 0.837 5.8875 0.033 0.05
1 1.057 5.887 0.033955853692699295 0.05
1 1.341 3.147 0.044 0.05
2 1.6345 2.755 0.035 0.05
2 0.89 4.58 0.035 0.05
2 1.032 4.58 0.035 0.05
2 1.174 4.58 0.035 0.05
2 0.78 3.4645 0.035 0.05
2 1.53 2.6385 0.035 0.05
2 1.725 2.6385 0.035 0.05
2 11.84 5.491 0.035 0.05
3 3.7889999999999997 1.7254999999999998 6.176 2.843
3 9.965 1.7254999999999998 6.176000000000001 2.843
3 3.7889999999999997 4.5685 6.176 2.8430000000000004
3 9.965 4.5685 6.176000000000001 2.8430000000000004