0 0.095 0.192 0.09000000000000001 0
0 0.329 0.1905 0 0.07700000000000001
0 0.0915 0.232 0.083 0
0 0.32799999999999996 0.232 0.09200000000000003 0
0 0.53725 0.192 0 0.08000000000000002
0 0.095 0.272 0.09000000000000001 0
0 0.094 0.312 0.08800000000000001 0
0 0.093 0.352 0.08600000000000001 0
0 0.5489999999999999 0.352 0.039999999999999925 0
0 0.092 0.392 0.084 0
0 0.095 0.432 0.09000000000000001 0
0 0.35250000000000004 0.432 0.04099999999999998 0
0 0.40525 0.4365 0 0.07499999999999996
0 0.091 0.472 0.082 0
0 0.404 0.472 0.14399999999999996 0
0 0.094 0.512 0.08800000000000001 0
0 0.49675 0.5405 0 0.05699999999999994
0 0.642 0.512 0.22199999999999998 0
0 0.095 0.552 0.09000000000000001 0
0 0.502 0.552 0.062000000000000055 0
0 0.094 0.592 0.08800000000000001 0
0 0.1295 0.632 0.15899999999999997 0
0 0.393 0.632 0.118 0
0 0.642 0.632 0.22199999999999998 0
0 0.10800000000000001 0.672 0.116 0
0 0.40775 0.6739999999999999 0 0.07799999999999996
0 0.44325 0.633 0 0.07800000000000007
0 0.0955 0.712 0.09099999999999998 0
0 0.171 0.6925 0 0.04899999999999993
0 0.29225 0.6915 0 0.04699999999999993
0 0.56925 0.7535000000000001 0 0.17099999999999993
0 0.7170000000000001 0.712 0.07199999999999995 0
0 0.093 0.752 0.08600000000000001 0
0 0.23700000000000002 0.752 0.07 0
0 0.69 0.752 0.06599999999999995 0
0 0.0975 0.792 0.09499999999999999 0
0 0.248625 0.8280000000000001 0 0.07199999999999995
0 0.5740000000000001 0.792 0.07599999999999996 0
0 0.679 0.792 0.06599999999999995 0
0 0.4015 0.832 0.703 0
0 0.09 0.508 0 0.712
0 0.13 0.38749999999999996 0 0.411
0 0.17 0.841 0 0.04600000000000004
0 0.29 0.2 0 0.096
0 0.33 0.724 0 0.08599999999999997
0 0.37 0.20650000000000002 0 0.049000000000000016
0 0.37 0.4285 0 0.059
0 0.37 0.637 0 0.08200000000000007
0 0.37 0.7895 0 0.06099999999999994
0 0.41 0.8375 0 0.052999999999999936
0 0.45 0.4365 0 0.07499999999999996
0 0.49 0.42000000000000004 0 0.04199999999999998
0 0.49 0.648 0 0.04600000000000004
0 0.49 0.8235 0 0.08099999999999996
0 0.53 0.3815 0 0.125
0 0.53 0.524 0 0.09799999999999998
0 0.53 0.8320000000000001 0 0.06399999999999995
0 0.57 0.606 0 0.08000000000000007
0 0.61 0.608 0 0.08000000000000007
0 0.61 0.831 0 0.06599999999999995
0 0.65 0.6755 0 0.10099999999999998
0 0.65 0.8115 0 0.10499999999999998
0 0.69 0.613 0 0.10799999999999998
0 0.69 0.7725 0 0.09299999999999997
0 0.73 0.571 0 0.14800000000000002
0 0.73 0.8394999999999999 0 0.049000000000000044
1 0.612 0.532 0.04004996878900158 0.05
1 0.629 0.792 0.034 0.05
1 0.35 0.6815 0.04011234224026316 0.05
1 0.35 0.763 0.040792156108742275 0.05
1 0.39 0.8155 0.041 0.05
1 0.53 0.4595 0.031 0.05
1 0.55 0.5695 0.040607881008493905 0.05
1 0.71 0.817 0.04019950248448356 0.05
3 0.22575 0.33 0.35150000000000003 0.356
3 0.57725 0.33 0.3515 0.356
3 0.22575 0.6859999999999999 0.35150000000000003 0.356
3 0.57725 0.6859999999999999 0.3515 0.356