0 0.3875 0.27 0.129 0
0 0.095 0.528 0 0.13999999999999996
0 0.47 0.248 0 0.10599999999999998
0 0.11149999999999999 0.269 0.071 0
0 0.7444999999999999 0.269 0.05900000000000005 0
0 0.11099999999999999 0.293 0.06999999999999999 0
0 0.3965 0.293 0.14100000000000001 0
0 0.7444999999999999 0.293 0.05900000000000005 0
0 0.101 0.8340000000000001 0 0.4720000000000001
0 0.413 0.219 0 0.178
0 0.437 0.2195 0 0.177
3 0.2505 0.365 0.349 0.47
3 0.5995 0.365 0.34900000000000003 0.47
3 0.2505 0.835 0.349 0.4700000000000001
3 0.5995 0.835 0.34900000000000003 0.4700000000000001