0 1.009 0.31 0.1140000000000001 0
0 0.4535 0.32 0.129 0
0 0.198 0.56 0.16400000000000003 0
0 0.1675 0.595 0.103 0
0 0.28750000000000003 0.63 0.343 0
0 0.23199999999999998 0.835 0.23199999999999998 0
0 0.69 0.965 0.248 0
0 0.12 0.7195 0 0.9089999999999999
0 0.92 1.1755 0 0.10099999999999998
0 0.22749999999999998 0.285 0.13299999999999998 0
0 0.466 0.285 0.136 0
0 0.901 0.285 0.12 0
0 1.131 0.285 0.07600000000000007 0
0 0.7825 0.293 0.09099999999999997 0
0 0.346 0.309 0.11400000000000005 0
0 0.22649999999999998 0.325 0.151 0
0 0.22799999999999998 0.557 0.154 0
0 0.22799999999999998 0.613 0.154 0
0 1.046 0.621 0.052000000000000046 0
0 1.1059999999999999 0.621 0.051999999999999824 0
0 0.31 0.637 0.31799999999999995 0
0 0.182 0.653 0.062 0
0 0.8825000000000001 0.701 0.09300000000000008 0
0 0.2965 0.717 0.10899999999999999 0
0 0.3085 0.749 0.059 0
0 0.2445 0.829 0.18700000000000003 0
0 0.769 0.893 0.07000000000000006 0
0 0.5385 1.077 0.15099999999999997 0
0 0.7235 1.077 0.16100000000000003 0
0 0.5489999999999999 1.093 0.06799999999999995 0
0 0.669 1.093 0.06799999999999995 0
0 0.669 1.125 0.06799999999999995 0
0 0.8785000000000001 1.133 0.08500000000000008 0
0 0.3215 1.157 0.11699999999999999 0
0 0.609 1.157 0.05800000000000005 0
0 0.88 1.157 0.08800000000000008 0
0 0.441 1.181 0.5599999999999999 0
0 0.9555 1.269 0.10899999999999999 0
0 0.117 0.734 0 0.8740000000000001
0 0.149 0.734 0 0.8220000000000001
0 0.165 0.5935 0 0.06699999999999995
0 0.165 0.7989999999999999 0 0.07799999999999996
0 0.213 0.802 0 0.06799999999999995
0 0.245 0.5935 0 0.06699999999999995
0 0.293 0.5935 0 0.06699999999999995
0 0.325 0.738 0 0.05400000000000005
0 0.445 0.5885 0 0.09899999999999998
0 0.445 0.8095 0 0.09899999999999998
0 0.469 0.478 0 0.32
0 0.469 0.958 0 0.3799999999999999
0 0.477 1.113 0 0.06999999999999984
0 0.517 1.113 0 0.06999999999999984
0 0.645 1.113 0 0.06999999999999984
0 0.685 1.113 0 0.06999999999999984
0 0.733 1.113 0 0.06999999999999984
0 0.749 0.2695 0 0.11700000000000002
0 0.797 1.113 0 0.06999999999999984
0 0.805 0.9425 0 0.08899999999999997
0 0.917 0.4675 0 0.289
0 0.965 0.643 0 0.052000000000000046
0 0.965 1.2375 0 0.133
0 0.981 0.851 0 0.06800000000000006
0 0.989 1.083 0 0.1299999999999999
0 1.013 1.1035 0 0.08299999999999996
0 1.029 0.5795 0 0.06499999999999995
0 1.077 0.5780000000000001 0 0.06799999999999995
1 0.9535 0.2975 0.026570660511172847 0.05
1 1.0795 0.2975 0.036796738985948194 0.05
1 0.6285 1.077 0.029 0.05
1 0.6415 1.141 0.03214031735997639 0.05
1 0.977 1.161 0.03324154027718932 0.05
2 0.232 0.835 0.035 0.05
2 0.12 0.3948571428571429 0.035 0.05
2 0.12 0.5247142857142858 0.035 0.05
2 0.12 0.6545714285714286 0.035 0.05
2 0.12 0.7844285714285715 0.035 0.05
2 0.12 0.9142857142857144 0.035 0.05
2 0.12 1.044142857142857 0.035 0.05
3 0.37925 0.48424999999999996 0.5265 0.5465
3 0.90575 0.48424999999999996 0.5265000000000001 0.5465
3 0.37925 1.03075 0.5265 0.5465000000000001
3 0.90575 1.03075 0.5265000000000001 0.5465000000000001