0 0.35125 0.40149999999999997 0 0.05099999999999999
0 1.6720000000000002 0.376 0.04600000000000004 0
0 0.35175 0.5489999999999999 0 0.118
0 1.4723125 0.5215000000000001 0 0.06900000000000006
0 0.43175 0.396 0 0.28
0 1.5310000000000001 0.536 0.256 0
0 0.953875 0.5805 0 0.05499999999999994
0 0.435125 0.72 0 0.128
0 0.672375 0.712 0 0.04600000000000004
0 0.795375 0.7105 0 0.06699999999999995
0 1.077 0.696 0.10199999999999987 0
0 1.232125 0.7195 0 0.049000000000000044
0 0.495 0.736 0.5660000000000001 0
0 0.895 0.736 0.16200000000000003 0
0 0.2895 0.776 0.04099999999999998 0
0 0.9834999999999999 0.776 0.08299999999999996 0
0 1.271625 0.806 0 0.118
0 1.66725 0.802 0 0.051999999999999935
0 0.359 0.816 0.03999999999999998 0
0 0.8585 0.816 0.07100000000000006 0
0 0.996125 0.8045 0 0.06299999999999994
0 1.034625 0.812 0 0.07799999999999996
0 1.638 0.816 0.1140000000000001 0
0 0.4555 0.856 0.05499999999999999 0
0 0.988 0.856 0.08400000000000007 0
0 1.6095 0.856 0.06099999999999994 0
0 0.2735 1.0350000000000001 0 0.7
0 1.19125 0.915 0 0.05799999999999994
0 1.63675 0.8540000000000001 0 0.08399999999999996
0 0.516 0.936 0.49 0
0 1.074625 0.9325 0 0.04299999999999993
0 1.1148125 0.9415 0 0.06499999999999995
0 1.03225 0.984 0 0.04400000000000004
0 1.67125 0.9510000000000001 0 0.04999999999999993
0 1.10875 1.0765 0 0.040999999999999925
0 1.069 1.096 0.09000000000000008 0
0 1.31375 1.2075 0 0.28100000000000014
0 1.03284375 1.2025000000000001 0 0.22099999999999986
0 1.0535 1.176 0.05899999999999994 0
0 1.156625 1.181 0 0.04600000000000004
0 0.67975 1.2365 0 0.040999999999999925
0 1.51525 1.237 0 0.04200000000000004
0 1.551 1.236 0 0.040000000000000036
0 0.199 1.256 0.04400000000000001 0
0 0.6555 1.256 0.769 0
0 1.07325 1.2765 0 0.052999999999999936
0 1.19125 1.2614999999999998 0 0.05499999999999994
0 1.5190000000000001 1.256 0.3520000000000001 0
0 1.291 1.336 0.05600000000000005 0
0 1.3975 1.336 0.050999999999999934 0
0 1.1440000000000001 1.376 0.28 0
0 1.0430000000000001 1.416 0.07800000000000007 0
0 0.273 0.49 0 0.34600000000000003
0 0.313 0.746 0 0.040000000000000036
0 0.393 0.6925 0 0.09299999999999997
0 0.433 0.88 0 0.1140000000000001
0 0.633 0.626 0 0.06400000000000006
0 0.673 0.6225 0 0.05700000000000005
0 0.713 0.6245 0 0.061000000000000054
0 0.753 0.7935 0 0.14300000000000002
0 0.793 0.8285 0 0.08499999999999996
0 0.833 0.8089999999999999 0 0.04599999999999993
0 0.873 0.396 0 0.28
0 0.873 0.815 0 0.05799999999999994
0 0.913 0.813 0 0.05399999999999994
0 0.913 0.9025000000000001 0 0.05700000000000005
0 0.953 0.8285 0 0.20500000000000007
0 0.993 0.905 0 0.04600000000000004
0 1.033 0.711 0 0.040000000000000036
0 1.033 1.3965 0 0.10699999999999998
0 1.073 0.6935 0 0.06699999999999995
0 1.113 0.6935 0 0.06699999999999995
0 1.273 1.3535 0 0.05499999999999994
0 1.353 1.2355 0 0.05699999999999994
0 1.393 1.338 0 0.22399999999999998
0 1.433 0.35350000000000004 0 0.195
0 1.433 0.5175000000000001 0 0.061000000000000054
0 1.593 0.542 0 0.04399999999999993
1 0.4340625 0.8035 0.03905784972319905 0.05
1 0.6726875 0.6645 0.03800513945507897 0.05
1 0.7941875 0.765 0.04206709670276759 0.05
1 1.251875 0.7455 0.03961376023555452 0.05
1 1.652 0.82 0.03444198019858905 0.05
1 1.0338125 0.771 0.042031424256144354 0.05
1 1.0534375 0.958 0.04312355070028441 0.05
1 1.032921875 1.328 0.03000040689828223 0.05
1 0.913 0.857 0.034 0.05
1 1.433 0.469 0.036 0.05
3 0.5565 0.5545 0.7590000000000001 0.597
3 1.3155000000000001 0.5545 0.759 0.597
3 0.5565 1.1515 0.7590000000000001 0.597
3 1.3155000000000001 1.1515 0.759 0.597