0 0.6325000000000001 0.47 0.20099999999999996 0
0 0.532 0.48 0.28400000000000003 0
0 0.5145 0.605 0.245 0
0 0.41 0.258 0 0.25
0 0.76 0.7565 0 0.265
0 0.3735 0.205 0.05700000000000005 0
0 0.2195 0.213 0.08700000000000002 0
0 0.762 0.469 0.05400000000000005 0
0 0.8585 0.469 0.07100000000000006 0
0 0.7205 0.789 0.07899999999999996 0
0 0.7050000000000001 0.805 0.05799999999999994 0
0 0.277 0.2175 0 0.05099999999999999
0 0.373 0.1385 0 0.161
0 0.405 0.7155 0 0.241
0 0.493 0.8015 0 0.06099999999999994
0 0.557 0.831 0 0.06599999999999995
0 0.565 0.6205 0 0.051000000000000045
0 0.685 0.10850000000000001 0 0.06300000000000001
0 0.685 0.269 0 0.05199999999999999
0 0.685 0.4195 0 0.123
0 0.693 0.1935 0 0.065
0 0.693 0.387 0 0.062
0 0.693 0.44999999999999996 0 0.062
0 0.749 0.7484999999999999 0 0.1050000000000001
0 0.765 0.6619999999999999 0 0.06399999999999995
0 0.821 0.783 0 0.05800000000000005
0 0.861 0.365 0 0.055999999999999994
1 0.806 0.469 0.034 0.05
2 0.5145 0.605 0.035 0.05
2 0.41 0.258 0.035 0.05
2 0.76 0.7565 0.035 0.05
3 0.35550000000000004 0.26575 0.35900000000000004 0.4155
3 0.7145 0.26575 0.359 0.4155
3 0.35550000000000004 0.68125 0.35900000000000004 0.41550000000000004
3 0.7145 0.68125 0.359 0.41550000000000004