0 1.697 0.715 0.3800000000000001 0
0 1.258 0.785 0.1339999999999999 0
0 0.76 1.19 0.8460000000000001 0
0 1.265 1.1155 0 0.17300000000000004
0 1.78 1.1805 0 0.121
0 1.95 0.766 0 0.18199999999999994
2 1.6336666666666668 0.715 0.035 0.05
2 1.7603333333333333 0.715 0.035 0.05
2 0.478 1.19 0.035 0.05
2 0.619 1.19 0.035 0.05
2 0.76 1.19 0.035 0.05
2 0.901 1.19 0.035 0.05
2 1.042 1.19 0.035 0.05
2 1.95 0.766 0.035 0.05
3 0.74025 0.8165 0.8065 0.2829999999999999
3 1.5467499999999998 0.8165 0.8065 0.2829999999999999
3 0.74025 1.0995 0.8065 0.28300000000000014
3 1.5467499999999998 1.0995 0.8065 0.28300000000000014