0 0.1959375 0.23950000000000002 0 0.203
0 0.181 0.218 0.05199999999999999 0
0 0.320375 0.32 0 0.04400000000000004
0 0.3015 0.338 0.48100000000000004 0
0 0.5195000000000001 0.538 0.04500000000000004 0
0 0.5195000000000001 0.618 0.04500000000000004 0
0 0.19575 0.7130000000000001 0 0.14800000000000002
0 0.353 0.698 0.05199999999999999 0
0 0.501 0.698 0.08200000000000002 0
0 0.360375 0.7010000000000001 0 0.124
0 0.076 0.3135 0 0.06499999999999995
0 0.076 0.6335 0 0.041000000000000036
0 0.076 0.756 0 0.062000000000000055
0 0.116 0.32999999999999996 0 0.04199999999999998
0 0.156 0.307 0 0.04600000000000004
0 0.516 0.34750000000000003 0 0.08700000000000002
0 0.516 0.6565 0 0.09699999999999998
3 0.18125 0.30025 0.2405 0.3245
3 0.42175 0.30025 0.24050000000000005 0.3245
3 0.18125 0.62475 0.2405 0.3245
3 0.42175 0.62475 0.24050000000000005 0.3245