0 1.009 0.185 0.10200000000000009 0
0 0.40249999999999997 0.445 0.645 0
0 0.875 0.54 0.30600000000000005 0
0 0.8255 0.67 0.21500000000000008 0
0 0.095 0.5640000000000001 0 0.348
0 0.28 0.6174999999999999 0 0.22899999999999998
0 0.83 0.8085 0 0.11499999999999999
0 0.955 0.7645 0 0.20299999999999996
0 0.897 0.285 0.134 0
0 0.164 0.437 0.15799999999999997 0
0 0.2945 0.437 0.05299999999999999 0
0 1.1724999999999999 0.781 0.061000000000000165 0
0 0.136 0.789 0.088 0
0 0.3595 0.789 0.14900000000000002 0
0 0.5015 0.789 0.12699999999999995 0
0 0.261 0.1085 0 0.08499999999999999
0 0.261 0.648 0 0.07600000000000007
0 0.285 0.1045 0 0.093
0 0.821 0.47650000000000003 0 0.063
0 1.493 0.736 0 0.08600000000000008
0 1.501 0.1315 0 0.113
0 1.501 0.4405 0 0.18900000000000006
0 1.517 0.11199999999999999 0 0.078
2 0.209 0.445 0.035 0.05
2 0.338 0.445 0.035 0.05
2 0.467 0.445 0.035 0.05
2 0.596 0.445 0.035 0.05
2 0.28 0.6175 0.035 0.05
3 0.43925 0.26 0.7185 0.404
3 1.15775 0.26 0.7184999999999999 0.404
3 0.43925 0.664 0.7185 0.40399999999999997
3 1.15775 0.664 0.7184999999999999 0.40399999999999997