0 1.5525 0.475 0.577 0
0 0.6055 0.64 0.833 0
0 1.4365 0.64 0.615 0
0 0.346 0.7 0.314 0
0 1.2875 0.975 1.129 0
0 1.826 0.985 0.1260000000000001 0
0 1.3279999999999998 1.17 0.1279999999999999 0
0 1.656 1.365 0.44399999999999995 0
0 0.2655 1.365 0.15500000000000003 0
0 0.5775 1.365 0.26499999999999996 0
0 1.048 1.365 0.31999999999999995 0
0 0.8225 1.375 0.15700000000000003 0
0 1.6360000000000001 1.37 0.1140000000000001 0
0 1.6825 1.61 0.3470000000000002 0
0 1.04 1.61 0.17800000000000005 0
0 0.19 1.0955 0 0.34699999999999986
0 0.215 0.6445000000000001 0 0.23099999999999998
0 0.31 1.241 0 0.12399999999999989
0 0.54 0.9945 0 0.2270000000000001
0 0.725 0.602 0 0.6160000000000001
0 0.735 0.8525 0 0.7909999999999999
0 1.16 0.949 0 0.10399999999999987
0 1.785 0.719 0 0.49
0 0.453 1.2725 0 0.11499999999999999
1 0.727 1.37 0.0354400902933387 0.05
2 0.29366666666666663 0.7 0.035 0.05
2 0.3983333333333333 0.7 0.035 0.05
2 0.864125 0.975 0.035 0.05
2 1.00525 0.975 0.035 0.05
2 1.146375 0.975 0.035 0.05
2 1.2875 0.975 0.035 0.05
2 1.428625 0.975 0.035 0.05
2 1.56975 0.975 0.035 0.05
2 1.710875 0.975 0.035 0.05
2 1.582 1.365 0.035 0.05
2 1.73 1.365 0.035 0.05
2 0.8225 1.375 0.035 0.05
2 1.6246666666666667 1.61 0.035 0.05
2 1.7403333333333333 1.61 0.035 0.05
2 0.725 0.4172 0.035 0.05
2 0.725 0.5404 0.035 0.05
2 0.725 0.6635999999999999 0.035 0.05
2 0.725 0.7867999999999999 0.035 0.05
2 0.735 0.7206666666666667 0.035 0.05
2 0.735 0.8525 0.035 0.05
2 0.735 0.9843333333333333 0.035 0.05
2 0.735 1.1161666666666668 0.035 0.05
3 0.61325 0.623 0.8505 0.6579999999999999
3 1.46375 0.623 0.8505 0.6579999999999999
3 0.61325 1.2810000000000001 0.8505 0.6580000000000001
3 1.46375 1.2810000000000001 0.8505 0.6580000000000001