0 0.91175 0.244 0 0.21999999999999997
0 0.7849999999999999 0.294 0.13 0
0 0.815 0.334 0.07399999999999995 0
0 0.2405 0.374 0.04500000000000001 0
0 0.40199999999999997 0.454 0.646 0
0 0.49850000000000005 0.614 0.069 0
0 0.59075 0.6375 0 0.061000000000000054
0 0.8805000000000001 0.614 0.07500000000000007 0
0 0.4694375 0.6265000000000001 0 0.15699999999999992
0 0.59725 0.727 0 0.06600000000000006
0 0.6174999999999999 0.734 0.19899999999999995 0
0 0.91275 0.655 0 0.20999999999999996
0 0.23 0.5555 0 0.40900000000000003
0 0.27 0.36450000000000005 0 0.04299999999999998
0 0.51 0.573 0 0.10599999999999998
0 0.51 0.737 0 0.04600000000000004
0 0.79 0.32199999999999995 0 0.064
0 0.79 0.6685 0 0.04299999999999993
0 0.83 0.31899999999999995 0 0.066
0 0.87 0.3705 0 0.04700000000000004
1 0.890875 0.3505 0.04233275918245821 0.05
1 0.594 0.681 0.026800186566514794 0.05
1 0.48971875 0.7095 0.041548963961210876 0.05
3 0.28875 0.2905 0.4195 0.313
3 0.70825 0.2905 0.41950000000000004 0.313
3 0.28875 0.6035 0.4195 0.313
3 0.70825 0.6035 0.41950000000000004 0.313