0 0.1395 0.173 0.05500000000000001 0
0 0.5355 0.369 0 0.38799999999999996
0 0.222 0.333 0.04799999999999999 0
0 0.261625 0.3805 0 0.10699999999999998
0 0.506 0.333 0.052000000000000046 0
0 0.379 0.373 0.11199999999999999 0
0 0.505 0.373 0.07000000000000006 0
0 0.4155 0.439 0 0.08199999999999996
0 0.498 0.413 0.06 0
0 0.119 0.453 0.10599999999999998 0
0 0.214375 0.4615 0 0.067
0 0.2005 0.493 0.067 0
0 0.349 0.493 0.05199999999999999 0
0 0.17525 0.5485 0 0.11699999999999999
0 0.26625 0.5405 0 0.137
0 0.21800000000000003 0.613 0.10800000000000001 0
0 0.458625 0.634 0 0.04200000000000004
0 0.391 0.653 0.10399999999999998 0
0 0.097 0.3895 0 0.09699999999999998
0 0.177 0.155 0 0.043999999999999984
0 0.337 0.2 0 0.05200000000000002
0 0.337 0.30200000000000005 0 0.064
0 0.337 0.488 0 0.05199999999999999
0 0.377 0.4915 0 0.041000000000000036
0 0.497 0.367 0 0.13
1 0.2639375 0.453 0.03828042090938918 0.05
1 0.4525 0.373 0.035 0.05
1 0.39625 0.4755 0.03953795644693843 0.05
1 0.1695 0.473 0.04031128874149274 0.05
1 0.337 0.248 0.044 0.05
3 0.1845 0.2635 0.237 0.261
3 0.4215 0.2635 0.23700000000000004 0.261
3 0.1845 0.5245 0.237 0.261
3 0.4215 0.5245 0.23700000000000004 0.261