0 0.536 0.169 0.20800000000000002 0
0 0.6845 0.14900000000000002 0 0.04000000000000001
0 0.4385 0.209 0.041000000000000036 0
0 0.39834375 0.257 0 0.14
0 0.082 0.209 0 0.15999999999999998
0 0.0805 0.42000000000000004 0 0.182
0 0.6625000000000001 0.329 0.04300000000000004 0
0 0.44025 0.249 0 0.24
0 0.3615 0.43 0 0.04200000000000004
0 0.2925 0.449 0.429 0
0 0.778 0.449 0.18599999999999994 0
0 0.9610000000000001 0.449 0.04799999999999993 0
0 0.439 0.45799999999999996 0 0.062
0 0.718 0.489 0.06599999999999995 0
0 0.0825 0.6875 0 0.08899999999999997
0 0.514 0.7104999999999999 0 0.04300000000000004
0 0.7615000000000001 0.729 0.17299999999999993 0
0 1.028 0.729 0.2839999999999999 0
0 0.638 0.1575 0 0.056999999999999995
0 0.638 0.2875 0 0.07900000000000001
0 0.798 0.224 0 0.19
0 0.798 0.46199999999999997 0 0.06
1 0.08125 0.309 0.04002811511925087 0.05
1 0.867 0.729 0.038 0.05
3 0.351 0.27975 0.546 0.3015
3 0.897 0.27975 0.5459999999999999 0.3015
3 0.351 0.58125 0.546 0.3015
3 0.897 0.58125 0.5459999999999999 0.3015