0 0.9219999999999999 0.199 1.226 0
0 0.34450000000000003 0.239 0.10100000000000003 0
0 0.506 0.239 0.07600000000000001 0
0 0.7875 0.239 0.11299999999999999 0
0 1.1305 0.239 0.18500000000000005 0
0 1.381 0.218 0 0.09200000000000003
0 0.3815 0.279 0.15500000000000003 0
0 0.63 0.279 0.07000000000000006 0
0 0.70175 0.31 0 0.30200000000000005
0 0.9795 0.279 0.41900000000000004 0
0 1.220625 0.29700000000000004 0 0.057999999999999996
0 0.3435 0.319 0.07500000000000001 0
0 0.8075 0.319 0.08699999999999997 0
0 1.1675 0.319 0.08099999999999996 0
0 0.344 0.359 0.11200000000000004 0
0 0.423125 0.374 0 0.10999999999999999
0 1.1684999999999999 0.359 0.07099999999999995 0
0 1.303 0.431 0 0.14400000000000002
0 1.423 0.359 0.08600000000000008 0
0 0.301625 0.487 0 0.22199999999999998
0 0.383 0.399 0.09799999999999998 0
0 0.9754999999999999 0.399 0.05499999999999994 0
0 1.023 0.41600000000000004 0 0.07
0 1.1695 0.399 0.07299999999999995 0
0 0.35250000000000004 0.439 0.391 0
0 0.7095 0.439 0.10099999999999998 0
0 0.782375 0.443 0 0.16400000000000003
0 1.1965 0.439 0.127 0
0 1.4184999999999999 0.439 0.14300000000000002 0
0 0.2545 0.479 0.305 0
0 0.472 0.479 0.04199999999999998 0
0 0.5545 0.479 0.04299999999999993 0
0 1.1755 0.479 0.08499999999999996 0
0 1.468 0.479 0.07799999999999985 0
0 0.6195 0.519 0.5589999999999999 0
0 1.2135 0.519 0.16100000000000003 0
0 0.34450000000000003 0.559 0.08500000000000002 0
0 1.233 0.559 0.08200000000000007 0
0 1.4565 0.559 0.09699999999999998 0
0 0.28 0.599 0.252 0
0 1.0825 0.599 0.08300000000000018 0
0 1.4155000000000002 0.599 0.08699999999999997 0
0 0.1995 0.639 0.095 0
0 0.34950000000000003 0.639 0.11300000000000004 0
0 0.5640000000000001 0.639 0.04599999999999993 0
0 0.645 0.639 0.050000000000000044 0
0 1.2211875 0.735 0 0.264
0 0.14425 0.7095 0 0.06099999999999994
0 0.3245 0.679 0.15900000000000003 0
0 0.6000000000000001 0.679 0.128 0
0 1.1800000000000002 0.679 0.05400000000000005 0
0 0.253 0.719 0.30200000000000005 0
0 0.756 0.719 0.06400000000000006 0
0 1.2 0.719 0.07600000000000007 0
0 1.264 0.7635000000000001 0 0.08900000000000008
0 1.474 0.719 0.12199999999999989 0
0 0.28049999999999997 0.759 0.063 0
0 0.379 0.759 0.057999999999999996 0
0 0.7635000000000001 0.759 0.05500000000000005 0
0 0.9490000000000001 0.759 0.05399999999999994 0
0 1.0635 0.759 0.08900000000000019 0
0 1.202 0.759 0.1280000000000001 0
0 1.30075 0.757 0 0.06800000000000006
0 0.3435 0.799 0.10500000000000004 0
0 0.9019999999999999 0.799 0.15200000000000002 0
0 1.0710000000000002 0.799 0.07800000000000007 0
0 1.2335 0.799 0.08899999999999997 0
0 0.322 0.839 0.14600000000000002 0
0 0.469 0.839 0.045999999999999985 0
0 0.8614999999999999 0.839 0.05500000000000005 0
0 1.0825 0.839 0.31099999999999994 0
0 1.478 0.839 0.11399999999999988 0
0 0.2425 0.879 0.281 0
0 1.0665 0.879 0.33099999999999996 0
0 0.102 0.53 0 0.742
0 0.182 0.4605 0 0.05499999999999999
0 0.182 0.681 0 0.08399999999999996
0 0.222 0.46099999999999997 0 0.04999999999999999
0 0.222 0.6785 0 0.10099999999999998
0 0.262 0.45799999999999996 0 0.07
0 0.262 0.665 0 0.14600000000000002
0 0.262 0.859 0 0.08400000000000007
0 0.302 0.2855 0 0.13699999999999998
0 0.302 0.765 0 0.272
0 0.342 0.434 0 0.5279999999999999
0 0.342 0.868 0 0.06600000000000006
0 0.382 0.538 0 0.726
0 0.422 0.2005 0 0.05100000000000002
0 0.462 0.2075 0 0.065
0 0.462 0.47050000000000003 0 0.12300000000000005
0 0.502 0.20450000000000002 0 0.059000000000000025
0 0.542 0.219 0 0.08800000000000002
0 0.542 0.4485 0 0.05299999999999999
0 0.542 0.5389999999999999 0 0.051999999999999935
0 0.542 0.6655 0 0.05899999999999994
0 0.582 0.195 0 0.06
0 0.582 0.28049999999999997 0 0.044999999999999984
0 0.582 0.4475 0 0.04899999999999999
0 0.582 0.5645 0 0.10499999999999998
0 0.622 0.22100000000000003 0 0.11200000000000002
0 0.622 0.5529999999999999 0 0.08199999999999996
0 0.622 0.6615 0 0.05699999999999994
0 0.662 0.22999999999999998 0 0.11999999999999997
0 0.742 0.2015 0 0.049000000000000016
0 0.782 0.199 0 0.05400000000000002
0 0.822 0.199 0 0.057999999999999996
0 0.822 0.46799999999999997 0 0.11800000000000005
0 0.862 0.22699999999999998 0 0.10999999999999999
0 0.862 0.7989999999999999 0 0.11599999999999999
0 0.902 0.22749999999999998 0 0.10899999999999999
0 0.902 0.395 0 0.068
0 0.902 0.853 0 0.04600000000000004
0 0.942 0.1935 0 0.069
0 0.942 0.8385 0 0.08099999999999996
0 0.982 0.196 0 0.068
0 0.982 0.2895 0 0.05299999999999999
0 0.982 0.4145 0 0.09700000000000003
0 0.982 0.523 0 0.052000000000000046
0 0.982 0.8095 0 0.18300000000000005
0 1.022 0.1925 0 0.05499999999999999
0 1.022 0.8665 0 0.06900000000000006
0 1.062 0.22300000000000003 0 0.11200000000000002
0 1.062 0.8109999999999999 0 0.09799999999999998
0 1.102 0.22899999999999998 0 0.12199999999999997
0 1.102 0.7969999999999999 0 0.07999999999999996
0 1.142 0.2395 0 0.143
0 1.142 0.4525 0 0.21900000000000003
0 1.142 0.8585 0 0.08500000000000008
0 1.182 0.22000000000000003 0 0.1
0 1.182 0.393 0 0.14800000000000002
0 1.182 0.6775 0 0.20700000000000007
0 1.182 0.8560000000000001 0 0.08999999999999997
0 1.222 0.2085 0 0.07300000000000001
0 1.222 0.46399999999999997 0 0.09400000000000003
0 1.262 0.2005 0 0.05100000000000002
0 1.262 0.5315000000000001 0 0.05900000000000005
0 1.302 0.1935 0 0.067
0 1.342 0.22049999999999997 0 0.12299999999999997
0 1.342 0.59 0 0.052000000000000046
0 1.342 0.7145 0 0.05499999999999994
0 1.422 0.1975 0 0.061
0 1.422 0.36650000000000005 0 0.05299999999999999
0 1.422 0.4435 0 0.041000000000000036
0 1.422 0.5745 0 0.08299999999999996
0 1.462 0.21200000000000002 0 0.08399999999999999
0 1.462 0.40800000000000003 0 0.13999999999999996
0 1.462 0.7310000000000001 0 0.09199999999999997
0 1.502 0.1935 0 0.069
0 1.502 0.362 0 0.04799999999999999
0 1.502 0.7849999999999999 0 0.14400000000000002
1 0.424 0.259 0.041 0.05
1 1.2013125 0.248 0.03867674527413081 0.05
1 1.2013125 0.3225 0.03925417971375787 0.05
1 0.4425625 0.419 0.04371802402899747 0.05
1 1.2825 0.5025 0.04101219330881976 0.05
1 0.2818125 0.595 0.04007668430646427 0.05
1 0.5405 0.459 0.04272001872658766 0.05
1 0.429 0.479 0.044 0.05
1 0.246 0.659 0.04004996878900158 0.05
1 0.6035 0.639 0.033 0.05
1 0.331 0.759 0.038 0.05
1 0.9975 0.759 0.043 0.05
1 1.123 0.759 0.03 0.05
1 0.908 0.839 0.038 0.05
1 0.562 0.2605 0.04031128874149274 0.05
1 0.982 0.2465 0.033 0.05
1 0.982 0.48 0.034 0.05
1 1.142 0.327 0.032 0.05
1 1.162 0.568 0.0417612260356422 0.05
1 1.182 0.796 0.03 0.05
1 1.422 0.408 0.03 0.05
3 0.46025 0.34450000000000003 0.7165 0.371
3 1.17675 0.34450000000000003 0.7164999999999999 0.371
3 0.46025 0.7155 0.7165 0.371
3 1.17675 0.7155 0.7164999999999999 0.371