0 1.31175 0.268 0 0.045999999999999985
0 0.233875 0.27849999999999997 0 0.04899999999999999
0 0.667 0.285 0.06799999999999995 0
0 0.265 0.325 0.055999999999999994 0
0 0.5825 0.325 0.15500000000000003 0
0 1.0706875 0.3725 0 0.09499999999999997
0 0.43178125 0.501 0 0.272
0 0.616 0.365 0.22199999999999998 0
0 1.0474999999999999 0.365 0.05300000000000016 0
0 0.36 0.405 0.14 0
0 0.5525 0.405 0.08899999999999997 0
0 0.67 0.399 0 0.04199999999999998
0 0.351765625 0.522 0 0.16199999999999998
0 0.39225 0.508 0 0.262
0 0.474 0.47150000000000003 0 0.05299999999999999
0 0.5775 0.445 0.14300000000000002 0
0 0.33699999999999997 0.485 0.196 0
0 0.5121875 0.5455 0 0.453
0 0.5519375 0.575 0 0.14400000000000002
0 0.6185 0.525 0.05900000000000005 0
0 1.23525 0.567 0 0.08399999999999996
0 0.3135 0.565 0.04700000000000004 0
0 0.4695 0.588 0 0.04600000000000004
0 0.631625 0.5635 0 0.04699999999999993
0 0.7129375 0.6745 0 0.21900000000000008
0 1.03140625 0.449 0 0.40800000000000003
0 1.1125 0.585 0 0.07799999999999996
0 1.1525 0.575 0 0.05799999999999994
0 0.15425 0.632 0 0.05400000000000005
0 0.19575 0.6425000000000001 0 0.07500000000000007
0 0.4135 0.605 0.24500000000000005 0
0 0.834 0.648 0 0.20799999999999996
0 1.0745 0.6114999999999999 0 0.041000000000000036
0 0.5445 0.645 0.07899999999999996 0
0 0.515 0.685 0.062000000000000055 0
0 0.6950000000000001 0.685 0.19400000000000006 0
0 0.865 0.685 0.06800000000000006 0
0 1.1885 0.6635 0 0.04300000000000004
0 0.59175 0.7304999999999999 0 0.061000000000000054
0 0.63175 0.7130000000000001 0 0.10799999999999998
0 0.8435 0.725 0.10499999999999998 0
0 0.5880000000000001 0.765 0.16400000000000003 0
0 0.9339999999999999 0.765 0.04799999999999993 0
0 0.9925 0.7965 0 0.10099999999999998
0 1.1195 0.765 0.04699999999999993 0
0 0.91875 0.775 0 0.06000000000000005
0 1.225 0.805 0.07000000000000006 0
0 0.311 0.845 0.040000000000000036 0
0 1.233875 0.878 0 0.06600000000000006
0 0.418 0.885 0.10199999999999998 0
0 1.305 0.885 0.42799999999999994 0
0 0.312125 0.9835 0 0.1309999999999999
0 1.15825 0.903 0 0.04400000000000004
0 1.19525 0.9159999999999999 0 0.061999999999999944
0 1.31925 0.902 0 0.04600000000000004
0 1.393 0.925 0.06000000000000005 0
0 1.5135 0.925 0.04499999999999993 0
0 0.7129375 0.9874999999999999 0 0.08699999999999997
0 0.99225 1.0025 0 0.07500000000000007
0 1.294 0.965 0.40600000000000014 0
0 0.756625 1.007 0 0.05999999999999994
0 1.659 1.005 0.04400000000000004 0
0 0.81 1.045 0.15600000000000003 0
0 1.0645 1.045 0.16900000000000004 0
0 0.74975 1.112 0 0.05400000000000005
0 0.183 1.205 0.07200000000000001 0
0 0.47 1.205 0.35800000000000004 0
0 0.875 1.205 0.08200000000000007 0
0 0.931 1.325 0.06999999999999995 0
0 0.192 1.1155 0 0.04499999999999993
0 0.272 0.3135 0 0.05300000000000005
0 0.312 0.5765 0 0.5389999999999999
0 0.312 1.208 0 0.040000000000000036
0 0.392 1.029 0 0.040000000000000036
0 0.432 1.0310000000000001 0 0.04200000000000004
0 0.472 1.034 0 0.04800000000000004
0 0.552 0.363 0 0.236
0 0.552 1.208 0 0.040000000000000036
0 0.592 0.485 0 0.36600000000000005
0 0.632 0.3345 0 0.09300000000000003
0 0.632 1.338 0 0.09999999999999987
0 0.672 0.3195 0 0.07300000000000001
0 0.672 0.6805 0 0.16100000000000003
0 0.752 0.6935 0 0.129
0 0.792 0.538 0 0.04999999999999993
0 0.792 0.7170000000000001 0 0.07599999999999996
0 0.832 0.3345 0 0.04899999999999999
0 0.872 0.6865 0 0.04899999999999993
0 1.072 1.021 0 0.04799999999999993
0 1.112 0.766 0 0.04200000000000004
0 1.112 0.9585 0 0.17900000000000005
0 1.192 0.562 0 0.09399999999999997
0 1.192 0.7725 0 0.05500000000000005
0 1.272 0.829 0 0.16600000000000004
0 1.352 0.878 0 0.09000000000000008
0 1.392 0.888 0 0.04800000000000004
0 1.472 0.316 0 0.14200000000000002
0 1.512 0.966 0 0.16599999999999993
0 1.552 1.028 0 0.04400000000000004
0 1.672 1.028 0 0.04400000000000004
1 0.2529375 0.295 0.04134628913215792 0.05
1 0.651 0.354 0.03811823710509184 0.05
1 0.6518125 0.5935 0.042416277830568776 0.05
1 0.591 0.665 0.04237924020083418 0.05
1 0.8115 0.685 0.039 0.05
1 1.19025 0.6 0.033185087012090234 0.05
1 0.591875 0.5315 0.03200097654759929 0.05
1 0.903 0.745 0.04237924020083418 0.05
1 1.3135 0.945 0.04044749683231337 0.05
3 0.5305 0.53075 0.767 0.5715
3 1.2975 0.53075 0.767 0.5715
3 0.5305 1.10225 0.767 0.5714999999999999
3 1.2975 1.10225 0.767 0.5714999999999999