0 0.164 0.14 0.27199999999999996 0
0 0.138625 0.20400000000000001 0 0.048000000000000015
0 0.243 0.3 0.04000000000000001 0
0 0.0985 0.38 0.08100000000000002 0
0 0.1775 0.5345 0 0.06899999999999995
0 0.22325 0.5345 0 0.06899999999999995
0 0.2045 0.54 0.191 0
0 0.06 0.16499999999999998 0 0.09
0 0.1 0.14350000000000002 0 0.047000000000000014
0 0.1 0.5255000000000001 0 0.041000000000000036
0 0.22 0.1315 0 0.063
0 0.22 0.256 0 0.05799999999999997
0 0.22 0.436 0 0.04200000000000004
0 0.26 0.1255 0 0.043
1 0.1193125 0.174 0.04075402587475254 0.05
1 0.221625 0.492 0.043122644863227026 0.05
3 0.096 0.21725 0.136 0.23450000000000001
3 0.23199999999999998 0.21725 0.13599999999999998 0.23450000000000001
3 0.096 0.45175 0.136 0.23449999999999993
3 0.23199999999999998 0.45175 0.13599999999999998 0.23449999999999993