0 1.1375 0.405 1.595 0
0 0.7895 0.52 0.11699999999999999 0
0 0.4755 1.06 0.235 0
0 0.4595 1.12 0.20300000000000007 0
0 1.509 1.205 0.13400000000000012 0
0 1.008 1.405 0.30399999999999994 0
0 0.3195 1.695 0.11299999999999999 0
0 1.0565 1.75 0.125 0
0 0.135 1.5 0 0.4500000000000002
0 0.18 1.2385000000000002 0 1.723
0 0.56 1.3279999999999998 0 0.16399999999999992
0 1.14 1.412 0 0.17599999999999993
0 1.795 0.7265 0 0.133
0 0.758 0.509 0.05800000000000005 0
0 0.831 0.509 0.06799999999999995 0
0 1.7415 0.509 0.133 0
0 0.619 0.741 0.336 0
0 0.835 0.741 0.07599999999999996 0
0 1.53 0.741 0.1120000000000001 0
0 1.8245 0.741 0.4249999999999998 0
0 0.6085 0.765 0.10699999999999998 0
0 0.8295 0.765 0.06499999999999995 0
0 0.9935 0.765 0.2370000000000001 0
0 1.2094999999999998 0.765 0.10699999999999998 0
0 1.3645 0.765 0.05699999999999994 0
0 0.451 1.045 0.12 0
0 0.5 1.069 0.21399999999999997 0
0 0.499 1.117 0.21599999999999997 0
0 1.289 1.133 0.052000000000000046 0
0 1.521 1.165 0.13000000000000012 0
0 1.417 1.269 0.052000000000000046 0
0 0.31 1.293 0.11399999999999999 0
0 1.49 1.293 0.06800000000000006 0
0 1.1745 1.301 0.09899999999999998 0
0 0.4795 1.317 0.17699999999999994 0
0 0.6455 1.317 0.15100000000000002 0
0 1.4155 1.317 0.05500000000000016 0
0 0.745 1.325 0.08400000000000007 0
0 1.7345000000000002 1.325 0.09899999999999998 0
0 0.5974999999999999 1.333 0.05500000000000005 0
0 2.0145 1.333 0.07099999999999973 0
0 0.995 1.389 0.276 0
0 1.5390000000000001 1.389 0.09400000000000008 0
0 2.024 1.397 0.051999999999999824 0
0 0.6865 1.405 0.07499999999999996 0
0 1.659 1.405 0.06800000000000006 0
0 0.9555 1.413 0.09899999999999987 0
0 2.0225 1.421 0.054999999999999716 0
0 0.2475 1.437 0.08299999999999999 0
0 2.0145 1.445 0.07099999999999973 0
0 1.659 1.461 0.06800000000000006 0
0 1.3255 1.477 0.08900000000000019 0
0 1.1995 1.493 0.127 0
0 1.849 1.493 0.06800000000000006 0
0 1.659 1.501 0.06800000000000006 0
0 1.5495 1.525 0.07300000000000018 0
0 2.0145 1.533 0.07099999999999973 0
0 1.491 1.541 0.07000000000000006 0
0 1.849 1.549 0.06800000000000006 0
0 1.659 1.589 0.06800000000000006 0
0 1.8515 1.589 0.07299999999999995 0
0 1.9705 1.629 0.133 0
0 2.0045 1.637 0.06499999999999995 0
0 0.289 1.669 0.166 0
0 0.3265 1.685 0.09099999999999997 0
0 0.8995 1.725 0.09099999999999997 0
0 1.2425 1.725 0.495 0
0 1.638 1.725 0.051999999999999824 0
0 0.474 1.749 0.057999999999999996 0
0 0.6265000000000001 1.749 0.1070000000000001 0
0 1.185 1.749 0.05800000000000005 0
0 1.335 1.749 0.09600000000000009 0
0 1.4169999999999998 1.757 0.05800000000000005 0
0 0.1195 1.765 0.083 0
0 0.5940000000000001 1.773 0.38 0
0 1.1095 1.773 0.34299999999999997 0
0 1.9625 2.157 0.05499999999999994 0
0 0.133 1.3665 0 0.17700000000000005
0 0.133 1.6675 0 0.2370000000000001
0 0.149 1.6495000000000002 0 0.05499999999999994
0 0.365 0.808 0 0.08599999999999997
0 0.365 0.9894999999999999 0 0.09899999999999998
0 0.365 1.083 0 0.08400000000000007
0 0.365 1.189 0 0.1120000000000001
0 0.365 1.5514999999999999 0 0.18700000000000006
0 0.381 1.0075 0 0.05700000000000005
0 0.429 0.652 0 0.20599999999999996
0 0.445 0.643 0 0.18199999999999994
0 0.557 1.3875000000000002 0 0.135
0 0.581 1.2825 0 0.06499999999999995
0 0.597 1.0935000000000001 0 0.06699999999999995
0 0.645 1.2825 0 0.06499999999999995
0 0.693 1.428 0 0.05400000000000005
0 0.709 1.5985 0 0.28100000000000014
0 0.717 1.3875000000000002 0 0.135
0 0.733 0.5105 0 0.06300000000000006
0 0.853 0.5105 0 0.06300000000000006
0 0.901 1.4525 0 0.10899999999999999
0 0.901 1.6219999999999999 0 0.1100000000000001
0 0.901 1.713 0 0.052000000000000046
0 1.125 1.4514999999999998 0 0.10699999999999998
0 1.141 1.1755 0 0.05900000000000016
0 1.141 1.3045 0 0.18299999999999983
0 1.277 1.4125 0 0.14300000000000002
0 1.389 1.2955 0 0.05499999999999994
0 1.413 1.1795 0 0.06700000000000017
0 1.429 1.173 0 0.05400000000000005
0 1.429 1.2995 0 0.07300000000000018
0 1.437 0.6535 0 0.20299999999999996
0 1.437 0.9205 0 0.2889999999999999
0 1.469 1.5735000000000001 0 0.06500000000000017
0 1.493 1.2095 0 0.06499999999999995
0 1.517 1.5735000000000001 0 0.06500000000000017
0 1.557 1.208 0 0.06800000000000006
0 1.629 1.2045 0 0.05499999999999994
0 1.629 1.3744999999999998 0 0.06299999999999994
0 1.629 1.6885 0 0.1010000000000002
0 1.661 1.211 0 0.06800000000000006
0 1.677 0.5105 0 0.06300000000000006
0 1.677 0.9204999999999999 0 0.20499999999999996
0 1.685 1.367 0 0.07799999999999985
0 1.693 1.0165 0 0.09100000000000008
0 1.709 1.687 0 0.052000000000000046
0 1.805 1.4569999999999999 0 0.09599999999999986
0 2.005 1.5175 0 0.07299999999999995
0 2.029 1.44 0 0.062000000000000055
0 2.053 1.466 0 0.266
1 1.1375 1.7495 0.037013511046643494 0.05
1 0.792 0.753 0.026 0.05
1 1.599 0.741 0.026 0.05
1 1.134 0.765 0.044 0.05
1 1.4495 1.281 0.027294688127912362 0.05
1 0.379 1.305 0.03394112549695428 0.05
1 1.6055 1.397 0.04215447781671598 0.05
1 1.896 1.609 0.04308131845707603 0.05
1 2.017 1.4815 0.026 0.05
2 0.18 0.5205833333333333 0.035 0.05
2 0.18 0.6641666666666667 0.035 0.05
2 0.18 0.80775 0.035 0.05
2 0.18 0.9513333333333333 0.035 0.05
2 0.18 1.0949166666666668 0.035 0.05
2 0.18 1.2385 0.035 0.05
2 0.18 1.3820833333333336 0.035 0.05
2 0.18 1.5256666666666665 0.035 0.05
2 0.18 1.66925 0.035 0.05
2 0.18 1.8128333333333335 0.035 0.05
2 0.18 1.9564166666666665 0.035 0.05
3 0.57175 0.822 0.9874999999999999 0.8899999999999999
3 1.55925 0.822 0.9875 0.8899999999999999
3 0.57175 1.712 0.9874999999999999 0.8900000000000001
3 1.55925 1.712 0.9875 0.8900000000000001