0 0.5085 0.709 0.891 0
0 0.102875 0.8065 0 0.11499999999999999
0 0.1405 0.7895 0 0.09299999999999997
0 0.1915 0.749 0.063 0
0 0.14650000000000002 0.789 0.155 0
0 0.38475 0.7755000000000001 0 0.04300000000000004
0 0.5435 0.8200000000000001 0 0.10399999999999998
0 0.581125 0.7965 0 0.05499999999999994
0 0.064 0.825 0 0.06799999999999995
0 0.16799999999999998 0.829 0.15 0
0 0.623125 0.9215 0 0.23299999999999998
0 0.1505 0.869 0.175 0
0 0.247 0.989 0.060000000000000026 0
0 0.86475 1.0145 0 0.051000000000000045
0 0.226 1.0065 0 0.04499999999999993
0 0.46303125 1.1895 0 0.09299999999999997
0 0.5838125 1.1945000000000001 0 0.09099999999999997
0 0.226 1.3045 0 0.23099999999999987
0 0.5416875 1.2040000000000002 0 0.07400000000000007
0 0.6638125 1.208 0 0.06400000000000006
0 0.104 1.229 0.08199999999999999 0
0 0.5035000000000001 1.229 0.05900000000000005 0
0 0.864875 1.295 0 0.04600000000000004
0 0.62425 1.3845 0 0.07099999999999995
0 0.382 1.454 0 0.14800000000000013
0 0.4644375 1.3845 0 0.07499999999999996
0 0.5325 1.389 0.05900000000000005 0
0 0.9045 1.429 0.09899999999999998 0
0 0.103 0.6955 0 0.040999999999999925
0 0.103 1.1869999999999998 0 0.08600000000000008
0 0.143 0.6805 0 0.07699999999999996
0 0.183 0.7565 0 0.16299999999999992
0 0.223 0.6995 0 0.052999999999999936
0 0.223 0.8180000000000001 0 0.124
0 0.343 0.6765 0 0.06899999999999995
0 0.383 0.6775 0 0.07099999999999995
0 0.503 1.2080000000000002 0 0.08200000000000007
0 0.503 1.384 0 0.06600000000000006
0 0.543 0.6985 0 0.050999999999999934
0 0.543 1.383 0 0.06999999999999984
0 0.583 0.704 0 0.061999999999999944
0 0.743 0.696 0 0.04599999999999993
0 0.783 0.7090000000000001 0 0.07199999999999995
0 0.823 0.6985 0 0.050999999999999934
0 0.903 0.706 0 0.06599999999999995
0 0.943 0.6935 0 0.10299999999999998
1 0.1029375 0.7695 0.033000236741575054 0.05
1 0.383875 0.7195 0.041037330566205205 0.05
1 0.54325 0.7725 0.0440028408173836 0.05
1 0.223 0.741 0.03 0.05
3 0.28574999999999995 0.8634999999999999 0.44549999999999995 0.44299999999999995
3 0.73125 0.8634999999999999 0.4455 0.44299999999999995
3 0.28574999999999995 1.3065 0.44549999999999995 0.44300000000000006
3 0.73125 1.3065 0.4455 0.44300000000000006