0 0.111 0.827 0 0.9540000000000001
0 0.152375 0.351 0 0.068
0 0.03575 0.5045 0 0.259
0 0.489 0.39 0.07200000000000001 0
0 0.28 0.43 0.49 0
0 0.0745 0.5045 0 0.259
0 0.4305 0.4475 0 0.044999999999999984
0 0.138 0.55 0.07799999999999999 0
0 0.193 0.6174999999999999 0 0.05500000000000005
0 0.23375 0.61 0 0.05400000000000005
0 0.273375 0.6085 0 0.051000000000000045
0 0.313375 0.6085 0 0.051000000000000045
0 0.353125 0.6114999999999999 0 0.05700000000000005
0 0.393 0.61 0 0.05400000000000005
0 0.43275 0.61 0 0.05400000000000005
0 0.47125 0.6074999999999999 0 0.049000000000000044
0 0.137 0.63 0.204 0
0 0.38849999999999996 0.63 0.16499999999999998 0
0 0.121 0.67 0.043999999999999984 0
0 0.1085 0.87 0.04100000000000001 0
0 0.2355 0.95 0.277 0
0 0.22149999999999997 0.99 0.373 0
0 0.11 1.03 0.142 0
0 0.03575 1.117 0 0.09399999999999986
0 0.22399999999999998 1.15 0.378 0
0 0.157 1.19 0.22000000000000003 0
0 0.30975 1.169 0 0.04200000000000004
0 0.035625 1.2240000000000002 0 0.04600000000000004
0 0.1075 1.23 0.04300000000000001 0
0 0.259 1.23 0.04799999999999999 0
0 0.40800000000000003 1.23 0.06 0
0 0.072 1.254 0 0.04599999999999982
0 0.2395 1.245 0 0.050000000000000044
0 0.075 1.0554999999999999 0 0.05700000000000016
0 0.075 1.1435 0 0.050999999999999934
0 0.155 0.618 0 0.1479999999999999
0 0.155 0.9655 0 0.049000000000000044
0 0.155 1.053 0 0.052000000000000046
0 0.155 1.1385 0 0.050999999999999934
0 0.195 0.9655 0 0.049000000000000044
0 0.195 1.169 0 0.15600000000000014
0 0.235 1 0 0.118
0 0.235 1.1360000000000001 0 0.09000000000000008
0 0.275 0.9709999999999999 0 0.05999999999999994
0 0.315 0.9709999999999999 0 0.05999999999999994
0 0.355 0.9724999999999999 0 0.06300000000000006
0 0.355 1.226 0 0.15600000000000014
0 0.395 0.44899999999999995 0 0.04799999999999999
0 0.395 1.1219999999999999 0 0.062000000000000055
0 0.515 0.40149999999999997 0 0.046999999999999986
0 0.515 0.6045 0 0.04300000000000004
1 0.0356875 1.1825 0.03700021114804617 0.05
1 0.055375 1.0955 0.041672082981295766 0.05
1 0.0538125 1.239 0.03973840239617089 0.05
1 0.23725 1.1805 0.0392587569849072 0.05
1 0.155 1.0085 0.037 0.05
1 0.155 1.096 0.034 0.05
1 0.235 1.075 0.032 0.05
1 0.375 1.1975 0.04031128874149274 0.05
3 0.15750000000000003 0.56375 0.24500000000000002 0.4935
3 0.4025 0.56375 0.245 0.4935
3 0.15750000000000003 1.05725 0.24500000000000002 0.49350000000000005
3 0.4025 1.05725 0.245 0.49350000000000005