0 0.246125 0.6605 0 0.8049999999999999
0 0.1505 0.298 0.046999999999999986 0
0 0.3265 0.298 0.05099999999999999 0
0 0.365625 0.346 0 0.07400000000000001
0 0.23299999999999998 0.378 0.372 0
0 0.5065000000000001 0.378 0.09700000000000003 0
0 0.152 0.418 0.21000000000000002 0
0 0.32175 0.33799999999999997 0 0.15999999999999998
0 0.6485 0.44799999999999995 0 0.055999999999999994
0 0.086 0.498 0.064 0
0 0.0885 0.538 0.083 0
0 0.0675 0.578 0.040999999999999995 0
0 0.0905 0.618 0.08700000000000001 0
0 0.2868125 0.692 0 0.14800000000000002
0 0.074 0.658 0.04 0
0 0.261 0.658 0.07199999999999998 0
0 0.28300000000000003 0.698 0.09400000000000003 0
0 0.259 0.738 0.040000000000000036 0
0 0.12425 0.8069999999999999 0 0.05799999999999994
0 0.27 0.778 0.07999999999999999 0
0 0.1115 0.818 0.11900000000000002 0
0 0.2675 0.818 0.07499999999999998 0
0 0.4465 0.818 0.069 0
0 0.0775 0.858 0.061 0
0 0.131 0.9275 0 0.139
0 0.20665625 0.9595 0 0.2530000000000001
0 0.2695 0.858 0.08299999999999999 0
0 0.17049999999999998 0.898 0.247 0
0 0.184 0.938 0.274 0
0 0.6625 0.938 0.06099999999999994 0
0 0.183 0.978 0.272 0
0 0.631 0.978 0.124 0
0 0.08549999999999999 1.018 0.067 0
0 0.2855 1.018 0.09900000000000003 0
0 0.366625 1.0474999999999999 0 0.08900000000000019
0 0.688 1.018 0.05799999999999994 0
0 0.0935 1.058 0.08300000000000002 0
0 0.40725 0.997 0 0.17199999999999993
0 0.08499999999999999 1.098 0.066 0
0 0.32675 1.051 0 0.09600000000000009
0 0.1025 1.138 0.101 0
0 0.073 1.178 0.042 0
0 0.169875 1.1625 0 0.05300000000000016
0 0.375 1.178 0.10399999999999998 0
0 0.08299999999999999 1.218 0.072 0
0 0.42800000000000005 1.218 0.07 0
0 0.488875 1.2214999999999998 0 0.06699999999999995
0 0.1 1.258 0.102 0
0 0.40900000000000003 1.258 0.04799999999999999 0
0 0.082 1.298 0.066 0
0 0.4125 1.298 0.05499999999999999 0
0 0.592 1.298 0.050000000000000044 0
0 0.09525 1.3765 0 0.07699999999999996
0 0.129 1.4005 0 0.125
0 0.26 1.338 0.04799999999999999 0
0 0.36225 1.3765 0 0.07699999999999996
0 0.692 1.338 0.04999999999999993 0
0 0.13 1.378 0.16599999999999998 0
0 0.376 1.378 0.19399999999999995 0
0 0.5955 1.378 0.10099999999999998 0
0 0.04925 1.4135 0 0.09899999999999998
0 0.1625 1.3925 0 0.050999999999999934
0 0.29225 1.3925 0 0.050999999999999934
0 0.32675 1.3904999999999998 0 0.07499999999999996
0 0.42700000000000005 1.418 0.068 0
0 0.6120000000000001 1.418 0.124 0
0 0.20299999999999999 1.458 0.312 0
0 0.087 0.39649999999999996 0 0.067
0 0.087 0.577 0 0.14
0 0.087 0.937 0 0.2260000000000001
0 0.087 1.2494999999999998 0 0.10699999999999998
0 0.127 0.4525 0 0.389
0 0.167 0.4185 0 0.127
0 0.167 0.9595 0 0.18900000000000006
0 0.207 0.421 0 0.10999999999999999
0 0.247 1.365 0 0.06800000000000006
0 0.287 0.386 0 0.040000000000000036
0 0.287 0.5375000000000001 0 0.04500000000000004
0 0.287 0.8655 0 0.10899999999999999
0 0.287 0.988 0 0.061999999999999944
0 0.327 1.198 0 0.09600000000000009
0 0.367 0.9359999999999999 0 0.04999999999999993
0 0.407 0.306 0 0.04200000000000004
0 0.407 1.3050000000000002 0 0.31600000000000006
0 0.447 0.7915 0 0.05899999999999994
0 0.447 1.232 0 0.040000000000000036
0 0.447 1.404 0 0.07000000000000006
0 0.567 1.2805 0 0.27300000000000013
0 0.607 0.33999999999999997 0 0.055999999999999994
0 0.607 1.3815 0 0.04499999999999993
0 0.647 0.9295 0 0.135
0 0.647 1.392 0 0.07199999999999984
0 0.687 1.3565 0 0.06699999999999995
1 0.4385 0.378 0.039 0.05
1 0.105625 0.83 0.03913518238107496 0.05
1 0.3668125 1.0015 0.04200167407377949 0.05
1 0.306875 1.028 0.04284929987759427 0.05
1 0.091125 1.3055 0.035959178244225766 0.05
1 0.2815 1.358 0.04031128874149274 0.05
1 0.287 0.9385 0.037 0.05
3 0.2145 0.55925 0.335 0.6025
3 0.5495 0.55925 0.33499999999999996 0.6025
3 0.2145 1.16175 0.335 0.6025
3 0.5495 1.16175 0.33499999999999996 0.6025