0 0.57975 0.267 0 0.04799999999999999
0 0.903 0.223 0 0.03999999999999998
0 0.976 0.223 0 0.03999999999999998
0 1.181 0.243 0.05600000000000005 0
0 1.297 0.2275 0 0.04899999999999999
0 0.6605 0.3325 0 0.15499999999999997
0 0.8224375 0.2985 0 0.191
0 0.902 0.41200000000000003 0 0.25800000000000006
0 1.367 0.283 0.053999999999999826 0
0 1.4935 0.283 0.04899999999999993 0
0 1.2275 0.34299999999999997 0 0.03999999999999998
0 0.9075 0.363 0.07299999999999995 0
0 1.0645 0.456 0 0.18600000000000005
0 0.6965 0.37050000000000005 0 0.335
0 0.9395 0.38649999999999995 0 0.05099999999999999
0 1.14075 0.4335 0 0.23100000000000004
0 1.18975 0.357 0 0.09200000000000003
0 0.104 0.7985 0 0.7109999999999999
0 0.8694999999999999 0.443 0.07500000000000007 0
0 1.0195 0.49350000000000005 0 0.10100000000000003
0 0.3015 0.509 0 0.06000000000000005
0 0.41875 0.5115000000000001 0 0.06500000000000006
0 0.7025 0.483 0.08899999999999997 0
0 0.96 0.483 0.2520000000000001 0
0 0.6605 0.515 0 0.05600000000000005
0 0.7204999999999999 0.523 0.061000000000000054 0
0 0.987 0.505 0 0.04600000000000004
0 1.498375 0.517 0 0.04400000000000004
0 0.822875 0.5535 0 0.04899999999999993
0 0.8745 0.603 0.07500000000000007 0
0 1.221 0.627 0 0.05400000000000005
0 0.8654999999999999 0.723 0.551 0
0 0.65725 0.7785 0 0.135
0 0.620625 0.8205 0 0.09899999999999998
0 1.4035000000000002 0.803 0.05899999999999994 0
0 1.13925 0.9984999999999999 0 0.31099999999999994
0 0.6154999999999999 0.883 0.05700000000000005 0
0 0.8574999999999999 0.923 0.07700000000000007 0
0 1.2245 0.923 0.18100000000000005 0
0 0.30200000000000005 0.963 0.08200000000000002 0
0 0.7264999999999999 0.963 0.07300000000000006 0
0 1 0.963 0.1160000000000001 0
0 1.229 1.003 0.19000000000000017 0
0 0.524 1.043 0.14799999999999996 0
0 1.221625 1.0655000000000001 0 0.04699999999999993
0 0.6655 1.123 0.041000000000000036 0
0 0.97975 1.1244999999999998 0 0.05899999999999994
0 0.101 0.223 0 0.03999999999999998
0 0.261 0.509 0 0.06000000000000005
0 0.341 0.51 0 0.062000000000000055
0 0.381 0.51 0 0.062000000000000055
0 0.581 1.0875 0 0.133
0 0.741 0.5205 0 0.04700000000000004
0 0.741 0.976 0 0.04600000000000004
0 0.781 0.309 0 0.04400000000000004
0 0.861 0.405 0 0.07400000000000001
0 0.861 0.9015 0 0.051000000000000045
0 0.941 0.49750000000000005 0 0.08900000000000002
0 0.981 0.41800000000000004 0 0.08400000000000002
0 1.181 0.6445000000000001 0 0.041000000000000036
0 1.181 0.9735 0 0.041000000000000036
0 1.221 0.9550000000000001 0 0.09399999999999997
0 1.261 0.975 0 0.07599999999999985
0 1.301 0.8945000000000001 0 0.06700000000000006
0 1.381 0.269 0 0.043999999999999984
0 1.381 0.7989999999999999 0 0.04999999999999993
0 1.501 0.89 0 0.04400000000000004
1 0.9025 0.263 0.04001249804748511 0.05
1 0.94025 0.4325 0.04102742984882188 0.05
1 1.00025 0.46 0.042086221023037926 0.05
1 1.2213125 0.9985 0.040004882514513146 0.05
1 1.281 0.937 0.041 0.05
3 0.45525 0.44075 0.7085 0.4755
3 1.16375 0.44075 0.7085 0.4755
3 0.45525 0.91625 0.7085 0.4754999999999999
3 1.16375 0.91625 0.7085 0.4754999999999999