0 0.73501171875 1.037 0 1.34
0 0.266 0.407 0.422 0
0 0.4968125 0.41200000000000003 0 0.068
0 0.61775 0.489 0 0.244
0 0.2755 0.447 0.441 0
0 0.7090000000000001 0.447 0.06999999999999995 0
0 0.266 0.487 0.422 0
0 0.6525 0.544 0 0.11399999999999999
0 0.7030000000000001 0.487 0.05799999999999994 0
0 0.395 0.527 0.6799999999999999 0
0 0.083 0.567 0.056 0
0 0.47700000000000004 0.567 0.66 0
0 0.081 0.607 0.052 0
0 0.136875 0.614 0 0.05400000000000005
0 0.18025 0.5685 0 0.07699999999999996
0 0.30100000000000005 0.607 0.06 0
0 0.378 0.487 0 0.24
0 0.5465 0.607 0.23500000000000004 0
0 0.734 0.607 0.07800000000000007 0
0 0.7405 0.647 0.10899999999999999 0
0 0.537 0.7 0 0.07999999999999996
0 0.751 0.687 0.07000000000000006 0
0 0.54 0.727 0.04400000000000004 0
0 0.7424999999999999 0.727 0.05900000000000005 0
0 0.77501171875 1.1665 0 1.077
0 0.457 0.8115 0 0.04499999999999993
0 0.75 0.807 0.06800000000000006 0
0 0.267 0.887 0.05199999999999999 0
0 0.729 0.887 0.040000000000000036 0
0 0.097125 0.988 0 0.12199999999999989
0 0.267 0.927 0.13 0
0 0.2965 0.967 0.04299999999999998 0
0 0.74 0.967 0.04800000000000004 0
0 0.0915 1.007 0.069 0
0 0.21250000000000002 1.007 0.10300000000000001 0
0 0.738 1.007 0.04400000000000004 0
0 0.26 1.047 0.126 0
0 0.7384999999999999 1.047 0.04500000000000004 0
0 0.5569999999999999 1.087 0.039999999999999925 0
0 0.7204999999999999 1.087 0.04700000000000004 0
0 0.1325 1.1695 0 0.08499999999999996
0 0.5338125 1.145 0 0.08400000000000007
0 0.7150000000000001 1.127 0.07599999999999996 0
0 0.23299999999999998 1.167 0.164 0
0 0.742 1.167 0.06600000000000006 0
0 0.081 1.207 0.047999999999999994 0
0 0.246 1.207 0.18000000000000002 0
0 0.7190000000000001 1.207 0.10399999999999998 0
0 0.30400000000000005 1.247 0.07200000000000001 0
0 0.3739375 1.252 0 0.10000000000000009
0 0.6536875 1.2715 0 0.10699999999999998
0 0.7205 1.247 0.08699999999999997 0
0 0.28200000000000003 1.287 0.10600000000000001 0
0 0.7150000000000001 1.287 0.06799999999999995 0
0 0.20950000000000002 1.327 0.24500000000000002 0
0 0.4425 1.327 0.041000000000000036 0
0 0.716 1.327 0.06599999999999995 0
0 0.177 1.367 0.06 0
0 0.2825 1.367 0.07900000000000001 0
0 0.504 1.367 0.07200000000000001 0
0 0.716 1.367 0.134 0
0 0.26449999999999996 1.407 0.056999999999999995 0
0 0.37625 1.4455 0 0.0990000000000002
0 0.414953125 1.5685 0 0.33499999999999996
0 0.496 1.407 0.066 0
0 0.7395 1.407 0.18499999999999994 0
0 0.39449999999999996 1.447 0.044999999999999984 0
0 0.722 1.447 0.15000000000000002 0
0 0.50225 1.4645000000000001 0 0.04500000000000015
0 0.536 1.3935 0 0.18700000000000006
0 0.7404999999999999 1.487 0.18299999999999994 0
0 0.7125 1.527 0.11299999999999999 0
0 0.42800000000000005 1.567 0.057999999999999996 0
0 0.495875 1.6484999999999999 0 0.20499999999999985
0 0.7155 1.567 0.119 0
0 0.46199999999999997 1.607 0.043999999999999984 0
0 0.5365 1.7574999999999998 0 0.30099999999999993
0 0.5795 1.6575 0 0.10099999999999998
0 0.746 1.607 0.06000000000000005 0
0 0.098375 1.6640000000000001 0 0.09000000000000008
0 0.321 1.647 0.124 0
0 0.5455 1.647 0.20500000000000002 0
0 0.759 1.647 0.1459999999999999 0
0 0.1935 1.687 0.277 0
0 0.597 1.687 0.47 0
0 0.13475 1.69 0 0.07400000000000007
0 0.183 1.727 0.04999999999999999 0
0 0.39349999999999996 1.727 0.04299999999999998 0
0 0.452625 1.7585000000000002 0 0.09499999999999997
0 0.529 1.727 0.04400000000000004 0
0 0.28200000000000003 1.767 0.09200000000000003 0
0 0.372625 1.865 0 0.08400000000000007
0 0.494375 1.8615 0 0.09099999999999997
0 0.297375 1.9435 0 0.04300000000000015
0 0.4950625 2.004 0 0.15399999999999991
0 0.615875 1.9725000000000001 0 0.15700000000000025
0 0.7184999999999999 1.927 0.05700000000000005 0
0 0.3735 1.967 0.05500000000000005 0
0 0.55 1.967 0.136 0
0 0.442 2.007 0.18600000000000005 0
0 0.622 2.007 0.06000000000000005 0
0 0.412625 2.037 0 0.08799999999999986
0 0.48050000000000004 2.047 0.08500000000000002 0
0 0.65525 2.06 0 0.041999999999999815
0 0.095 0.4865 0 0.239
0 0.095 1.1205 0 0.05699999999999994
0 0.095 1.3464999999999998 0 0.07899999999999996
0 0.135 0.47350000000000003 0 0.17700000000000005
0 0.135 1.012 0 0.06599999999999995
0 0.175 0.4215 0 0.08700000000000002
0 0.175 0.7265 0 0.08699999999999997
0 0.175 1.031 0 0.10799999999999998
0 0.175 1.218 0 0.19799999999999995
0 0.175 1.692 0 0.10000000000000009
0 0.215 0.4835 0 0.23299999999999998
0 0.215 0.9935 0 0.1349999999999999
0 0.215 1.2025000000000001 0 0.07899999999999996
0 0.215 1.3464999999999998 0 0.07499999999999996
0 0.215 1.5114999999999998 0 0.05499999999999994
0 0.215 1.6949999999999998 0 0.10200000000000009
0 0.255 0.42 0 0.10199999999999998
0 0.255 0.55 0 0.09199999999999997
0 0.255 0.9604999999999999 0 0.20099999999999996
0 0.255 1.184 0 0.052000000000000046
0 0.255 1.343 0 0.16000000000000014
0 0.255 1.7229999999999999 0 0.13400000000000012
0 0.295 0.5295 0 0.22500000000000003
0 0.295 0.9925 0 0.18700000000000006
0 0.295 1.2635 0 0.20700000000000007
0 0.295 1.6655 0 0.07100000000000017
0 0.335 0.4855 0 0.23299999999999998
0 0.335 1.138 0 0.4179999999999999
0 0.335 1.662 0 0.050000000000000044
0 0.335 1.9469999999999998 0 0.1339999999999999
0 0.375 1.061 0 0.050000000000000044
0 0.375 1.7115 0 0.125
0 0.375 2.0105 0 0.14100000000000001
0 0.415 0.48 0 0.21799999999999997
0 0.415 1.146 0 0.05400000000000005
0 0.415 1.9064999999999999 0 0.04299999999999993
0 0.455 0.5065 0 0.16499999999999998
0 0.455 1.3165 0 0.040999999999999925
0 0.455 1.6265 0 0.121
0 0.455 2.0084999999999997 0 0.040999999999999925
0 0.495 0.5680000000000001 0 0.08999999999999997
0 0.535 0.4655 0 0.10500000000000004
0 0.535 0.5705 0 0.04499999999999993
0 0.535 0.935 0 0.08999999999999997
0 0.535 2.0115 0 0.139
0 0.575 0.563 0 0.061999999999999944
0 0.575 1.9674999999999998 0 0.13299999999999979
0 0.615 1.655 0 0.1080000000000001
0 0.655 0.6975 0 0.04699999999999993
0 0.655 1.415 0 0.1200000000000001
0 0.655 1.6084999999999998 0 0.19100000000000006
0 0.695 0.38949999999999996 0 0.044999999999999984
0 0.695 0.5805 0 0.17100000000000004
0 0.695 0.729 0 0.05400000000000005
0 0.695 1.1175000000000002 0 0.07499999999999996
0 0.695 1.501 0 0.4019999999999999
0 0.735 2.031 0 0.09999999999999987
0 0.775 0.5615 0 0.08699999999999997
0 0.815 1.446 0 0.12199999999999989
0 0.815 1.6524999999999999 0 0.09099999999999997
1 0.129 0.567 0.036 0.05
1 0.1359375 0.513 0.025070213900164475 0.05
1 0.6795 0.607 0.031 0.05
1 0.0960625 1.0705 0.043052475248236306 0.05
1 0.2395 0.987 0.041484937025383084 0.05
1 0.1435 1.007 0.035 0.05
1 0.11375 1.152 0.04347700541665674 0.05
1 0.65434375 1.34 0.030028697212000393 0.05
1 0.4655 1.347 0.04031128874149274 0.05
1 0.225 1.367 0.036 0.05
1 0.4485 1.587 0.04346262762420146 0.05
1 0.53575 1.925 0.03403307215048327 0.05
1 0.667 1.647 0.038 0.05
1 0.347 1.687 0.03 0.05
1 0.4735 1.811 0.04293090378736511 0.05
1 0.3738125 1.9235 0.033085353632687685 0.05
1 0.6355625 2.045 0.04116297638655397 0.05
1 0.175 1.102 0.034 0.05
1 0.195 1.313 0.040792156108742275 0.05
1 0.255 0.4875 0.033 0.05
1 0.395 1.983 0.0417612260356422 0.05
1 0.515 0.513 0.04031128874149274 0.05
1 0.675 0.7115 0.04428317965096906 0.05
1 0.655 1.494 0.038 0.05
3 0.24925 0.7955 0.3885 0.857
3 0.63775 0.7955 0.38849999999999996 0.857
3 0.24925 1.6524999999999999 0.3885 0.857
3 0.63775 1.6524999999999999 0.38849999999999996 0.857