0 0.154 0.262 0 0.03999999999999998
0 0.98375 0.5105 0 0.05700000000000005
0 0.634 0.522 0.30000000000000004 0
0 0.9705 0.522 0.15500000000000003 0
0 0.7085 0.7065 0 0.10699999999999998
0 0.9005 0.682 0.08499999999999996 0
0 0.8355 0.722 0.04699999999999993 0
0 0.830875 0.845 0 0.08399999999999996
0 0.7175 0.882 0.253 0
0 1.0165 1.082 0.06300000000000006 0
0 0.881 1.162 0.06400000000000006 0
0 0.4295 1.242 0.056999999999999995 0
0 0.837 1.322 0.05399999999999994 0
0 0.985 1.348 0 0.052000000000000046
0 0.968 1.362 0.16000000000000003 0
0 0.349 0.63 0 0.716
0 0.349 1.2165 0 0.31500000000000017
0 0.429 1.2325 0 0.05699999999999994
0 0.709 0.899 0 0.07200000000000006
0 0.749 0.9450000000000001 0 0.06399999999999995
0 0.789 0.8035 0 0.04299999999999993
0 0.789 1.088 0 0.050000000000000044
0 0.869 0.7025 0 0.04499999999999993
0 0.869 1.3445 0 0.05900000000000016
0 0.909 0.48650000000000004 0 0.10500000000000004
0 0.949 0.6985 0 0.05499999999999994
0 1.029 0.8235 0 0.7329999999999999
1 0.8775 0.702 0.04001249804748511 0.05
3 0.3775 0.525 0.44699999999999995 0.5660000000000001
3 0.8245 0.525 0.44700000000000006 0.5660000000000001
3 0.3775 1.0910000000000002 0.44699999999999995 0.5660000000000001
3 0.8245 1.0910000000000002 0.44700000000000006 0.5660000000000001