0 0.0850625 0.2635 0 0.127
0 0.325125 0.27549999999999997 0 0.08100000000000002
0 0.163375 0.3255 0 0.09699999999999998
0 0.281375 0.38549999999999995 0 0.05099999999999999
0 0.0745 0.4 0.061 0
0 0.205375 0.441 0 0.08199999999999996
0 0.16949999999999998 0.44 0.06899999999999998 0
0 0.2831875 0.477 0 0.07400000000000001
0 0.0805 0.48 0.07300000000000001 0
0 0.166875 0.4555 0 0.07900000000000001
0 0.2615 0.48 0.07299999999999998 0
0 0.0935 0.52 0.09899999999999999 0
0 0.0805 0.56 0.07300000000000001 0
0 0.2834375 0.5880000000000001 0 0.06999999999999995
0 0.443 0.6020000000000001 0 0.08399999999999996
0 0.2155 0.6 0.05299999999999999 0
0 0.173 0.64 0.058000000000000024 0
0 0.08 0.68 0.07200000000000001 0
0 0.32428125 0.746 0 0.18199999999999994
0 0.247 0.72 0.406 0
0 0.599 0.72 0.122 0
0 0.605375 0.754 0 0.07600000000000007
0 0.1425 0.8 0.197 0
0 0.3215 0.8 0.07500000000000001 0
0 0.212 0.84 0.336 0
0 0.3665 0.8585 0 0.04300000000000004
0 0.0745 0.92 0.061 0
0 0.12428125 0.995 0 0.18399999999999994
0 0.1835 0.92 0.046999999999999986 0
0 0.2485 0.896 0 0.04800000000000004
0 0.324484375 1.0215 0 0.22699999999999998
0 0.24425 1.009 0 0.050000000000000044
0 0.08199999999999999 1.04 0.076 0
0 0.3295 1.12 0.08300000000000002 0
0 0.044 0.6675 0 0.935
0 0.124 0.752 0 0.09200000000000008
0 0.164 0.8045 0 0.19700000000000006
0 0.204 0.7395 0 0.21699999999999997
0 0.244 0.5655 0 0.31899999999999995
0 0.284 0.81 0 0.08599999999999997
0 0.444 0.29300000000000004 0 0.186
1 0.165125 0.395 0.04214558102577303 0.05
1 0.28228125 0.4255 0.029056585419660032 0.05
1 0.124 0.46 0.043863424398922615 0.05
1 0.2833125 0.5335 0.03900080127382 0.05
1 0.193 0.62 0.042059481689626185 0.05
1 0.345390625 0.837 0.04221875 0.05
1 0.2625 0.8 0.043 0.05
1 0.144140625 0.8965 0.03971875 0.05
3 0.19799999999999998 0.43374999999999997 0.308 0.46749999999999997
3 0.506 0.43374999999999997 0.30800000000000005 0.46749999999999997
3 0.19799999999999998 0.90125 0.308 0.4675
3 0.506 0.90125 0.30800000000000005 0.4675