0 0.645625 0.31999999999999995 0 0.07
0 0.10300000000000001 0.325 0.11 0
0 0.1755 0.3075 0 0.04500000000000004
0 0.5235 0.325 0.40299999999999997 0
0 0.3275 0.446 0 0.16200000000000003
0 0.46599999999999997 0.365 0.22399999999999998 0
0 0.478 0.405 0.288 0
0 0.6863125 0.41300000000000003 0 0.068
0 0.482 0.445 0.23399999999999999 0
0 0.21025 0.5185 0 0.06700000000000006
0 0.476 0.485 0.21799999999999997 0
0 0.20400000000000001 0.525 0.07199999999999998 0
0 0.42500000000000004 0.525 0.25400000000000006 0
0 0.6469375 0.5265 0 0.07299999999999995
0 0.481 0.565 0.236 0
0 0.09525 0.9525 0 1.3350000000000002
0 0.327 0.6174999999999999 0 0.05300000000000005
0 0.4775 0.605 0.243 0
0 0.368265625 0.7090000000000001 0 0.14600000000000002
0 0.5449999999999999 0.645 0.2879999999999999 0
0 0.071 0.685 0.04 0
0 0.563 0.685 0.32399999999999995 0
0 0.5235 0.725 0.33099999999999996 0
0 0.208375 0.8340000000000001 0 0.18000000000000005
0 0.544 0.765 0.362 0
0 0.5235000000000001 0.805 0.28500000000000003 0
0 0.29750000000000004 0.845 0.49900000000000005 0
0 0.5680859375 1.193 0 0.8540000000000001
0 0.6625 0.845 0.125 0
0 0.097 0.885 0.07800000000000001 0
0 0.507 0.885 0.436 0
0 0.0985 0.925 0.07100000000000001 0
0 0.4515 0.925 0.24499999999999994 0
0 0.60796875 1.2045 0 0.595
0 0.6815 0.925 0.08699999999999997 0
0 0.082 0.965 0.047999999999999994 0
0 0.5025 0.965 0.44499999999999995 0
0 0.0785 1.005 0.041 0
0 0.5045 1.005 0.441 0
0 0.47250000000000003 1.045 0.26099999999999995 0
0 0.6905 1.045 0.06899999999999995 0
0 0.4925 1.085 0.259 0
0 0.64821875 1.1404999999999998 0 0.127
0 0.0795 1.125 0.051 0
0 0.1283125 1.1655000000000002 0 0.08299999999999996
0 0.479 1.125 0.26 0
0 0.6925 1.125 0.06499999999999995 0
0 0.0755 1.165 0.05499999999999999 0
0 0.2079375 1.1895 0 0.05500000000000016
0 0.2485 1.1965 0 0.06299999999999994
0 0.454 1.165 0.352 0
0 0.0895 1.205 0.083 0
0 0.472 1.205 0.326 0
0 0.2091875 1.3835000000000002 0 0.2769999999999999
0 0.327625 1.3235000000000001 0 0.16899999999999982
0 0.4955 1.245 0.275 0
0 0.6481875 1.3904999999999998 0 0.30899999999999994
0 0.6879375 1.322 0 0.15399999999999991
0 0.0815 1.285 0.067 0
0 0.1295 1.4505 0 0.3390000000000002
0 0.4395 1.285 0.395 0
0 0.07400000000000001 1.325 0.052000000000000005 0
0 0.1725 1.325 0.08499999999999999 0
0 0.24775 1.455 0 0.33000000000000007
0 0.5 1.325 0.44999999999999996 0
0 0.3865 1.365 0.6769999999999999 0
0 0.35600000000000004 1.405 0.616 0
0 0.2215 1.445 0.34700000000000003 0
0 0.526 1.445 0.202 0
0 0.3165 1.485 0.5349999999999999 0
0 0.6859999999999999 1.485 0.07799999999999996 0
0 0.0955 1.525 0.09299999999999999 0
0 0.1681875 1.472 0 0.29600000000000004
0 0.4165 1.525 0.25900000000000006 0
0 0.610375 1.5725 0 0.0950000000000002
0 0.0945 1.565 0.09100000000000001 0
0 0.20375 1.5870000000000002 0 0.06600000000000006
0 0.42100000000000004 1.565 0.16599999999999998 0
0 0.5285 1.2355 0 0.7690000000000001
0 0.649 1.5925 0 0.05500000000000016
0 0.3865 1.605 0.6769999999999999 0
0 0.128 0.306 0 0.04200000000000004
0 0.168 1 0 0.04599999999999993
0 0.168 1.1635 0 0.04300000000000015
0 0.208 0.3055 0 0.041000000000000036
0 0.208 0.987 0 0.062000000000000055
0 0.248 0.3075 0 0.04500000000000004
0 0.248 0.9155 0 0.052999999999999936
0 0.288 0.852 0 0.052000000000000046
0 0.288 1.3335 0 0.10499999999999998
0 0.288 1.518 0 0.20400000000000018
0 0.328 0.31 0 0.04600000000000004
0 0.328 0.9934999999999999 0 0.08699999999999997
0 0.328 1.1715 0 0.05500000000000016
0 0.328 1.529 0 0.18200000000000016
0 0.368 0.33699999999999997 0 0.10400000000000004
0 0.368 0.5165 0 0.191
0 0.368 1.2185000000000001 0 0.8030000000000002
0 0.408 0.9525 0 1.3350000000000002
0 0.448 0.9525 0 1.3350000000000002
0 0.488 0.9525 0 1.3350000000000002
0 0.528 0.5569999999999999 0 0.544
0 0.568 0.364 0 0.15800000000000003
0 0.568 0.607 0 0.268
0 0.608 0.31 0 0.04600000000000004
0 0.608 0.7715000000000001 0 0.22099999999999997
0 0.648 0.8265 0 0.371
0 0.688 0.32099999999999995 0 0.068
0 0.688 0.6765 0 0.19700000000000006
0 0.688 0.946 0 0.2739999999999999
0 0.688 1.159 0 0.09200000000000008
0 0.688 1.4785 0 0.09099999999999997
0 0.688 1.594 0 0.052000000000000046
1 0.32775 0.407 0.03200390601161052 0.05
1 0.66746875 0.5705 0.04371646035819918 0.05
1 0.3476328125 0.64 0.04203393636861322 0.05
1 0.3681328125 0.7995 0.035001007937495526 0.05
1 0.2081875 0.94 0.03200219719019305 0.05
1 0.56804296875 1.0465 0.02500014770464179 0.05
1 0.648203125 1.22 0.03200001525878542 0.05
1 0.668109375 1.0065 0.04023118009159687 0.05
1 0.2085625 1.231 0.028027887897592283 0.05
1 0.20646875 1.538 0.03245868768527156 0.05
1 0.3078125 1.412 0.04042450525362061 0.05
1 0.3278125 1.276 0.040001757773877884 0.05
1 0.62928125 1.535 0.04277598808034713 0.05
1 0.68796875 1.416 0.03400005744480441 0.05
1 0.1225 1.305 0.04272001872658766 0.05
1 0.41 1.445 0.03 0.05
1 0.637 1.465 0.044721359549995794 0.05
1 0.268 0.884 0.041484937025383084 0.05
1 0.568 0.458 0.03 0.05
1 0.688 0.792 0.034 0.05
1 0.688 1.098 0.03 0.05
1 0.688 1.546 0.044 0.05
3 0.21725 0.61875 0.3385 0.6675
3 0.55575 0.61875 0.33849999999999997 0.6675
3 0.21725 1.2862500000000001 0.3385 0.6675000000000001
3 0.55575 1.2862500000000001 0.33849999999999997 0.6675000000000001