0 0.2685 0.1125 0 0.047000000000000014
0 0.3895 0.086 0 0.048
0 0.064 0.169 0.07200000000000001 0
0 0.2005 0.209 0.05500000000000002 0
0 0.30000000000000004 0.209 0.07 0
0 0.26725 0.2425 0 0.06900000000000003
0 0.188 0.219 0 0.04799999999999999
0 0.308 0.0845 0 0.063
0 0.348 0.2095 0 0.05099999999999999
1 0.2465 0.209 0.037 0.05
3 0.118375 0.109 0.18075 0.11200000000000002
3 0.299125 0.109 0.18075000000000002 0.11200000000000002
3 0.118375 0.22100000000000003 0.18075 0.11200000000000002
3 0.299125 0.22100000000000003 0.18075000000000002 0.11200000000000002