0 0.0885 0.249 0.121 0
0 0.302 0.249 0.242 0
0 0.056 0.329 0.05600000000000001 0
0 0.27349999999999997 0.329 0.299 0
0 0.11800000000000001 0.369 0.162 0
0 0.1925 0.409 0.14900000000000002 0
0 0.056999999999999995 0.449 0.057999999999999996 0
0 0.111 0.472 0 0.07
0 0.16749999999999998 0.449 0.04500000000000001 0
0 0.079 0.489 0.07200000000000001 0
0 0.068 0.4185 0 0.177
0 0.108 0.389 0 0.04199999999999998
0 0.148 0.4165 0 0.181
0 0.188 0.3715 0 0.123
0 0.228 0.254 0 0.048000000000000015
0 0.228 0.4185 0 0.08900000000000002
0 0.268 0.3755 0 0.09899999999999998
0 0.308 0.2595 0 0.05899999999999997
0 0.308 0.34950000000000003 0 0.046999999999999986
1 0.165 0.249 0.032 0.05
1 0.104 0.329 0.04 0.05
1 0.1095 0.4375 0.02716615541441225 0.05
1 0.308 0.3075 0.037 0.05
3 0.12675 0.29925 0.1975 0.13849999999999998
3 0.32425 0.29925 0.19749999999999998 0.13849999999999998
3 0.12675 0.43775 0.1975 0.1385
3 0.32425 0.43775 0.19749999999999998 0.1385