0 0.875 0.425 0.18399999999999994 0
0 1.7195 0.49 0.4630000000000001 0
0 0.8380000000000001 0.495 0.7140000000000001 0
0 1.0605 1.115 0.16100000000000003 0
0 2.3125 1.155 0.11899999999999977 0
0 1.057 1.26 0.16800000000000004 0
0 1.294 1.395 0.8620000000000001 0
0 0.344 1.42 0.49 0
0 0.8545 1.42 0.28700000000000003 0
0 0.39249999999999996 1.445 0.39299999999999996 0
0 0.6665 1.48 0.135 0
0 1.312 1.675 0.18199999999999994 0
0 2.3179999999999996 1.685 0.1259999999999999 0
0 2.3179999999999996 2.025 0.1259999999999999 0
0 1.492 2.185 0.16999999999999993 0
0 1.9255 2.245 0.7089999999999999 0
0 0.2765 2.435 0.219 0
0 0.35 2.327 0 0.23599999999999977
0 0.385 1.8845 0 0.15500000000000003
0 0.41 2.319 0 0.21999999999999975
0 0.585 1.3820000000000001 0 0.1140000000000001
0 0.715 1.4255 0 0.10499999999999998
0 0.745 1.0945 0 0.43100000000000005
0 0.765 1.565 0 0.476
0 0.965 0.449 0 0.15600000000000003
0 1.185 1.272 0 0.1339999999999999
0 2.255 0.889 0 0.8039999999999999
0 2.295 1.59 0 0.18999999999999995
0 2.295 1.931 0 0.19200000000000017
0 2.325 1.2495 0 0.19300000000000006
0 2.325 1.589 0 0.18799999999999994
0 0.501 1.421 0.15399999999999997 0
0 0.271 2.245 0.07399999999999998 0
0 1.1520000000000001 2.245 0.09599999999999986 0
0 2.022 2.245 0.08799999999999986 0
0 0.573 0.521 0 0.05400000000000005
0 0.581 1.095 0 0.07399999999999984
0 0.581 1.3735 0 0.08699999999999997
1 0.594 1.4625 0.03640054944640259 0.05
1 0.755 1.3185 0.026248809496813377 0.05
2 1.057 1.26 0.035 0.05
2 0.327 1.445 0.035 0.05
2 0.458 1.445 0.035 0.05
2 1.7127999999999999 2.245 0.035 0.05
2 1.8545999999999998 2.245 0.035 0.05
2 1.9964000000000002 2.245 0.035 0.05
2 2.1382 2.245 0.035 0.05
2 0.35 2.327 0.035 0.05
2 2.295 1.59 0.035 0.05
2 2.295 1.931 0.035 0.05
3 0.6695 0.8895 1.141 1.037
3 1.8104999999999998 0.8895 1.1409999999999998 1.037
3 0.6695 1.9264999999999999 1.141 1.037
3 1.8104999999999998 1.9264999999999999 1.1409999999999998 1.037