0 0.079 0.591 0.052 0
0 0.073 0.671 0.04 0
0 0.7605 0.711 0.07900000000000007 0
0 0.748 0.751 0.10400000000000009 0
0 0.749 0.791 0.05600000000000005 0
0 0.57475 0.9870000000000001 0 0.2260000000000001
0 0.10900000000000001 1.031 0.05600000000000001 0
0 0.33899999999999997 1.031 0.08200000000000002 0
0 0.133125 1.1404999999999998 0 0.21900000000000008
0 0.33775 1.0459999999999998 0 0.050000000000000044
0 0.37425 1.0579999999999998 0 0.07400000000000007
0 0.11599999999999999 1.111 0.06999999999999999 0
0 0.119 1.151 0.084 0
0 0.4715 1.191 0.19299999999999995 0
0 0.093 0.322 0 0.18199999999999997
0 0.093 0.626 0 0.1120000000000001
0 0.093 1.011 0 0.596
0 0.573 0.357 0 0.08800000000000002
0 0.573 0.538 0 0.04400000000000004
0 0.693 0.851 0 0.062000000000000055
0 0.733 0.712 0 0.07399999999999995
0 0.733 0.839 0 0.08799999999999997
0 0.773 0.7675000000000001 0 0.051000000000000045
0 0.773 0.86 0 0.06400000000000006
1 0.093 0.6975 0.031 0.05
1 0.753 0.7455 0.040607881008493905 0.05
1 0.753 0.8125 0.04004996878900158 0.05
3 0.23975 0.5005000000000001 0.3735 0.539
3 0.6132500000000001 0.5005000000000001 0.37350000000000005 0.539
3 0.23975 1.0394999999999999 0.3735 0.5389999999999999
3 0.6132500000000001 1.0394999999999999 0.37350000000000005 0.5389999999999999