0 0.1978125 0.327 0 0.258
0 0.156 0.278 0.23 0
0 0.31725 0.28300000000000003 0 0.03999999999999998
0 0.114 0.318 0.152 0
0 0.373 0.318 0.252 0
0 0.197953125 0.806 0 0.6320000000000001
0 0.34199999999999997 0.678 0.07200000000000001 0
0 0.23825 0.7035 0 0.04499999999999993
0 0.49549999999999994 0.758 0.16899999999999998 0
0 0.24375 0.831 0 0.06599999999999995
0 0.556875 0.831 0 0.06599999999999995
0 0.119375 0.8434999999999999 0 0.05300000000000005
0 0.45599999999999996 0.838 0.09000000000000002 0
0 0.5585 0.878 0.04299999999999993 0
0 0.087 0.918 0.084 0
0 0.076 0.958 0.066 0
0 0.08 0.998 0.066 0
0 0.3065 0.998 0.056999999999999995 0
0 0.4455 0.998 0.14500000000000002 0
0 0.32325 1.0175 0 0.041000000000000036
0 0.514 1.038 0.040000000000000036 0
0 0.09 1.078 0.08600000000000001 0
0 0.362125 1.0910000000000002 0 0.062000000000000055
0 0.0795 1.118 0.065 0
0 0.078 1.0190000000000001 0 0.20600000000000007
0 0.118 0.2955 0 0.11699999999999999
0 0.118 0.97 0 0.10799999999999998
0 0.158 0.3095 0 0.08099999999999996
0 0.238 0.2925 0 0.10699999999999998
0 0.278 0.499 0 0.066
0 0.278 1.0595 0 0.1250000000000001
0 0.358 0.274 0 0.10200000000000001
0 0.438 1.1 0 0.04400000000000004
0 0.478 0.833 0 0.09399999999999997
0 0.518 0.788 0 0.07999999999999996
0 0.518 1.037 0 0.17000000000000015
0 0.558 1.0725 0 0.0990000000000002
1 0.1978828125 0.473 0.034000290813324306 0.05
1 0.354 0.998 0.038 0.05
1 0.3426875 1.049 0.04466839626626414 0.05
3 0.1735 0.42900000000000005 0.271 0.462
3 0.4445 0.42900000000000005 0.27099999999999996 0.462
3 0.1735 0.891 0.271 0.4620000000000001
3 0.4445 0.891 0.27099999999999996 0.4620000000000001