0 0.384625 0.246 0 0.09799999999999998
0 0.23099999999999998 0.237 0.402 0
0 0.23099999999999998 0.277 0.402 0
0 0.23099999999999998 0.317 0.402 0
0 0.23 0.357 0.40399999999999997 0
0 0.17600000000000002 0.397 0.296 0
0 0.16949999999999998 0.437 0.279 0
0 0.16899999999999998 0.477 0.276 0
0 0.23 0.517 0.40399999999999997 0
0 0.174 0.557 0.28600000000000003 0
0 0.347625 0.55 0 0.06999999999999995
0 0.33699999999999997 0.597 0.07 0
0 0.307125 0.642 0 0.06400000000000006
0 0.387625 0.651 0 0.05400000000000005
0 0.2315 0.677 0.061 0
0 0.3375 0.677 0.08500000000000002 0
0 0.23650000000000002 0.717 0.07100000000000001 0
0 0.3886875 0.7595000000000001 0 0.09300000000000008
0 0.2855 0.757 0.059 0
0 0.3635 0.797 0.137 0
0 0.4105 0.837 0.04299999999999998 0
0 0.2675 0.8825000000000001 0 0.05500000000000005
0 0.351375 0.8939999999999999 0 0.10799999999999998
0 0.070625 0.9035 0 0.04700000000000004
0 0.108875 0.9045000000000001 0 0.049000000000000044
0 0.146875 0.904 0 0.04800000000000004
0 0.185875 0.9490000000000001 0 0.04799999999999993
0 0.34825 1.063 0 0.1080000000000001
0 0.06 1.077 0.064 0
0 0.388 1.077 0.08800000000000002 0
0 0.068 0.317 0 0.24
0 0.068 0.5885 0 0.04700000000000004
0 0.108 0.38749999999999996 0 0.38099999999999995
0 0.108 1.0285 0 0.051000000000000156
0 0.148 0.33599999999999997 0 0.064
0 0.148 1.0310000000000001 0 0.05400000000000005
0 0.188 0.28500000000000003 0 0.176
0 0.188 0.4505 0 0.08700000000000002
0 0.228 0.392 0 0.38999999999999996
0 0.228 0.905 0 0.052000000000000046
0 0.268 0.47850000000000004 0 0.046999999999999986
0 0.308 0.39149999999999996 0 0.38899999999999996
0 0.308 0.8425 0 0.17900000000000005
0 0.348 0.2495 0 0.10299999999999998
0 0.388 0.877 0 0.07400000000000007
0 0.428 0.27349999999999997 0 0.061
0 0.428 0.776 0 0.04800000000000004
1 0.3095 0.577 0.04272001872658766 0.05
1 0.38815625 0.6955 0.03501612351831653 0.05
1 0.2785 0.677 0.033 0.05
1 0.264 0.737 0.04308131845707603 0.05
1 0.38834375 0.823 0.03400695011685111 0.05
1 0.166375 0.9265 0.03911521443121589 0.05
1 0.088 0.4045 0.042059481689626185 0.05
1 0.188 0.39 0.034 0.05
3 0.129 0.42700000000000005 0.202 0.46
3 0.331 0.42700000000000005 0.20199999999999999 0.46
3 0.129 0.887 0.202 0.45999999999999996
3 0.331 0.887 0.20199999999999999 0.45999999999999996