0 2.6505 1.07 0.16300000000000026 0
0 2.117 1.215 0.15000000000000036 0
0 2.5629999999999997 1.935 0.2959999999999998 0
0 1.8010000000000002 2.59 1.2100000000000002 0
0 2.51 2.66 0.4600000000000004 0
0 1.0685 2.755 0.949 0
0 1.8565 2.755 0.39700000000000024 0
0 2.4955 2.76 0.43100000000000005 0
0 2.569 3.06 0.2919999999999998 0
0 0.685 1.8464999999999998 0 0.18300000000000005
0 0.805 1.7145 0 0.11699999999999999
0 0.815 2.1725000000000003 0 0.11499999999999977
0 1.43 1.958 0 0.31999999999999984
0 1.75 1.1675 0 0.137
0 1.885 1.476 0 0.5880000000000001
0 2.145 3.0975 0 0.16700000000000026
0 2.185 1.512 0 0.12199999999999989
0 2.185 1.9620000000000002 0 0.3640000000000001
0 2.215 1.712 0 1.1019999999999999
0 2.22 0.7729999999999999 0 0.10599999999999998
0 2.3 1.3155000000000001 0 0.575
0 2.3 1.9725000000000001 0 0.5309999999999999
0 2.305 3.076 0 0.18599999999999994
0 2.375 1.3980000000000001 0 1.356
0 2.415 1.6524999999999999 0 1.865
0 2.475 1.487 0 1.058
0 2.485 1.2885 0 0.401
0 2.485 2.0175 0 0.17300000000000004
0 2.65 1.819 0 0.18599999999999994
0 2.5075000000000003 0.413 0.06499999999999995 0
0 0.1865 0.445 0.125 0
0 2.1479999999999997 0.461 0.053999999999999826 0
0 1.989 0.469 0.06000000000000005 0
0 1.4609999999999999 0.525 0.062000000000000055 0
0 1.0295 0.565 0.05899999999999994 0
0 0.7484999999999999 0.597 0.08700000000000008 0
0 0.735 0.605 0.06000000000000005 0
0 0.5025 0.621 0.05900000000000005 0
0 0.243 0.653 0.060000000000000026 0
0 0.8135 0.757 0.43300000000000005 0
0 1.12 0.757 0.15400000000000014 0
0 1.3010000000000002 0.757 0.12200000000000011 0
0 1.8820000000000001 0.757 0.808 0
0 2.585 0.757 0.3380000000000001 0
0 1.0619999999999998 0.941 0.08200000000000007 0
0 1.8065 0.941 0.137 0
0 0.558 0.973 0.051999999999999935 0
0 2.3035 1.045 0.051000000000000156 0
0 2.6224999999999996 1.045 0.2669999999999999 0
0 2.6155 1.093 0.2809999999999997 0
0 0.558 1.181 0.051999999999999935 0
0 1.159 1.181 0.07600000000000007 0
0 1.943 1.181 0.4319999999999997 0
0 2.3035 1.181 0.051000000000000156 0
0 1.155 1.205 0.08400000000000007 0
0 1.5985 1.205 0.2570000000000001 0
0 1.7955 1.205 0.11099999999999999 0
0 2.001 1.205 0.1100000000000001 0
0 0.7444999999999999 1.525 0.19699999999999995 0
0 2.0945 1.525 0.19500000000000006 0
0 2.513 1.557 0.06000000000000005 0
0 1.3795000000000002 1.573 0.06699999999999995 0
0 2.5175 1.581 0.051000000000000156 0
0 2.0380000000000003 1.589 0.3080000000000003 0
0 2.513 1.605 0.06000000000000005 0
0 2.1390000000000002 1.613 0.10600000000000032 0
0 2.513 1.629 0.06000000000000005 0
0 1.3780000000000001 1.637 0.07000000000000006 0
0 2.7115 1.669 0.08899999999999997 0
0 1.3795000000000002 1.701 0.06699999999999995 0
0 2.6425 1.725 0.18900000000000006 0
0 2.606 1.749 0.262 0
0 2.0525 1.757 0.05099999999999971 0
0 2.1485000000000003 1.757 0.08700000000000019 0
0 2.601 1.757 0.0519999999999996 0
0 0.95 1.781 0.08399999999999996 0
0 2.1095 1.781 0.16500000000000004 0
0 1.1565 1.789 0.08099999999999996 0
0 1.5795 1.789 0.30499999999999994 0
0 1.151 1.813 0.09200000000000008 0
0 1.6835 1.813 0.1030000000000002 0
0 2.601 1.813 0.0519999999999996 0
0 0.6825 1.837 0.07299999999999995 0
0 2.1565000000000003 1.837 0.07100000000000017 0
0 0.6890000000000001 1.853 0.05399999999999994 0
0 0.6890000000000001 1.877 0.05399999999999994 0
0 1.135 1.893 0.06000000000000005 0
0 2.1565000000000003 1.893 0.07100000000000017 0
0 0.6825 1.901 0.07299999999999995 0
0 0.885 1.901 0.062000000000000055 0
0 1.9565000000000001 1.901 0.05899999999999994 0
0 1.759 1.909 0.08600000000000008 0
0 2.5010000000000003 1.917 0.052000000000000046 0
0 2.6445 1.925 0.21899999999999986 0
0 1.685 1.941 0.07800000000000007 0
0 2.1565000000000003 1.957 0.07100000000000017 0
0 1.7605 1.973 0.06699999999999995 0
0 0.716 1.981 0.14 0
0 1.9835 1.981 0.13500000000000023 0
0 2.123 1.981 0.13800000000000034 0
0 0.6839999999999999 2.037 0.07599999999999996 0
0 2.1555 2.037 0.07299999999999995 0
0 1.0739999999999998 2.045 0.07800000000000007 0
0 0.876 2.069 0.05400000000000005 0
0 2.5225 2.069 0.09499999999999975 0
0 2.6755 2.069 0.15700000000000003 0
0 0.8755 2.093 0.05900000000000005 0
0 0.965 2.093 0.09199999999999986 0
0 1.151 2.093 0.06999999999999984 0
0 1.2730000000000001 2.093 0.07000000000000006 0
0 1.5859999999999999 2.093 0.10799999999999987 0
0 2.5115 2.093 0.05099999999999971 0
0 2.6635 2.093 0.18100000000000005 0
0 2.7184999999999997 2.109 0.07100000000000017 0
0 0.9269999999999999 2.125 0.16799999999999993 0
0 1.1644999999999999 2.125 0.06500000000000017 0
0 0.901 2.133 0.11599999999999999 0
0 0.874 2.141 0.12200000000000011 0
0 1.9660000000000002 2.141 0.12200000000000011 0
0 0.7515000000000001 2.237 0.21099999999999997 0
0 2.088 2.237 0.20800000000000018 0
0 0.7364999999999999 2.245 0.18099999999999994 0
0 2.104 2.245 0.17600000000000016 0
0 0.558 2.269 0.051999999999999935 0
0 0.7404999999999999 2.269 0.23299999999999998 0
0 2.1 2.269 0.2320000000000002 0
0 2.3035 2.269 0.051000000000000156 0
0 0.757 2.277 0.19999999999999996 0
0 2.0835 2.277 0.19899999999999984 0
0 0.8015 2.701 0.41300000000000003 0
0 1.166 2.701 0.24 0
0 1.769 2.701 0.738 0
0 2.2794999999999996 2.701 0.08899999999999997 0
0 1.2685 2.749 0.050999999999999934 0
0 0.7945 2.845 0.395 0
0 1.7429999999999999 2.845 0.692 0
0 0.9339999999999999 2.869 0.11599999999999999 0
0 1.654 2.869 0.1399999999999999 0
0 0.9325 2.901 0.11299999999999999 0
0 1.6525 2.901 0.137 0
0 0.55 2.933 0.051999999999999935 0
0 2.3035 3.037 0.051000000000000156 0
0 2.3875 3.037 0.08899999999999997 0
0 2.505 3.053 0.15600000000000014 0
0 2.666 3.053 0.15399999999999991 0
0 0.285 0.34450000000000003 0 0.13299999999999995
0 0.301 0.38249999999999995 0 0.05099999999999999
0 0.549 0.9984999999999999 0 0.07299999999999995
0 0.549 1.374 0 0.478
0 0.549 1.9345 0 0.44300000000000006
0 0.613 0.766 0 0.052000000000000046
0 0.613 0.8595 0 0.10299999999999998
0 0.613 1.7209999999999999 0 1.1019999999999999
0 0.613 2.4924999999999997 0 0.05099999999999971
0 0.613 2.7279999999999998 0 0.10000000000000009
0 0.613 2.848 0 0.053999999999999826
0 0.629 1.7289999999999999 0 1.0859999999999999
0 0.645 1.7335000000000003 0 1.0290000000000001
0 0.653 1.0295 0 0.09099999999999997
0 0.661 0.885 0 0.052000000000000046
0 0.709 1.8765 0 0.06299999999999994
0 0.717 2.0075000000000003 0 0.07100000000000017
0 0.733 0.616 0 0.06000000000000005
0 0.757 1.6375000000000002 0 0.07099999999999995
0 0.773 1.629 0 0.053999999999999826
0 0.773 1.728 0 0.08400000000000007
0 0.773 2.0265 0 0.10299999999999976
0 0.829 1.9344999999999999 0 0.07099999999999995
0 0.837 1.5594999999999999 0 0.08100000000000018
0 0.845 2.203 0 0.15399999999999991
0 0.853 2.4924999999999997 0 0.05099999999999971
0 0.877 2.9015000000000004 0 0.06499999999999995
0 0.909 1.867 0 0.20599999999999996
0 0.925 1.916 0 0.10799999999999987
0 0.925 2.1225 0 0.06700000000000017
0 0.965 0.9430000000000001 0 0.06399999999999995
0 1.005 2.9015000000000004 0 0.06499999999999995
0 1.005 2.9749999999999996 0 0.06000000000000005
0 1.021 0.7825 0 0.05700000000000005
0 1.021 2.5115 0 0.05699999999999994
0 1.093 0.9430000000000001 0 0.06399999999999995
0 1.093 1.016 0 0.06000000000000005
0 1.421 1.7565 0 0.08699999999999997
0 1.581 2.9005 0 0.06299999999999972
0 1.581 2.9735 0 0.06299999999999972
0 1.709 2.9015000000000004 0 0.06499999999999995
0 1.741 0.9430000000000001 0 0.06399999999999995
0 1.741 1.016 0 0.06000000000000005
0 1.869 0.9430000000000001 0 0.06399999999999995
0 1.933 1.944 0 0.052000000000000046
0 1.981 2.2504999999999997 0 0.05899999999999972
0 1.997 3.0380000000000003 0 0.19199999999999973
0 2.021 2.8495 0 0.051000000000000156
0 2.021 3.045 0 0.20599999999999996
0 2.029 1.686 0 0.18999999999999995
0 2.029 2.194 0 0.1080000000000001
0 2.045 2.0215 0 0.06499999999999972
0 2.061 1.728 0 0.08400000000000007
0 2.069 2.7264999999999997 0 0.1030000000000002
0 2.069 2.8495 0 0.051000000000000156
0 2.077 1.629 0 0.053999999999999826
0 2.101 1.633 0 0.06199999999999983
0 2.125 1.8615 0 0.06499999999999995
0 2.133 1.686 0 0.16799999999999993
0 2.173 0.885 0 0.052000000000000046
0 2.173 1.0915 0 0.21100000000000008
0 2.213 1.7309999999999999 0 1.062
0 2.221 0.8595 0 0.10299999999999998
0 2.221 2.4924999999999997 0 0.05099999999999971
0 2.221 3.11 0 0.18400000000000016
0 2.261 0.4415 0 0.051000000000000045
0 2.293 2.707 0 0.1459999999999999
0 2.293 3.11 0 0.17799999999999994
0 2.301 1.42 0 0.506
0 2.301 2.043 0 0.5080000000000002
0 2.309 2.6799999999999997 0 0.09200000000000008
0 2.317 3.118 0 0.16199999999999992
0 2.325 3.1355 0 0.12699999999999978
0 2.333 2.7545 0 0.05099999999999971
0 2.365 2.1144999999999996 0 0.05699999999999994
0 2.365 2.2685000000000004 0 0.05699999999999994
0 2.445 1.567 0 1.0699999999999998
0 2.477 0.762 0 0.05400000000000005
0 2.477 1.2385 0 0.31099999999999994
0 2.477 1.9050000000000002 0 0.3400000000000001
0 2.485 1.5955 0 0.06699999999999995
0 2.493 1.8345 0 0.19499999999999984
0 2.533 1.5955 0 0.06699999999999995
0 2.533 1.779 0 0.08399999999999985
0 2.573 1.779 0 0.08399999999999985
0 2.621 1.7875 0 0.07899999999999996
0 2.629 1.8980000000000001 0 0.06799999999999984
0 2.685 2.0955000000000004 0 0.05699999999999994
0 2.725 1.639 0 0.19200000000000017
0 2.741 1.608 0 0.13000000000000012
0 2.741 1.7145000000000001 0 0.07899999999999996
0 2.749 2.8625 0 0.05099999999999971
1 0.789 1.6875 0.032 0.05
1 2.3005 1.7025 0.0340147027033899 0.05
1 1.2185 0.757 0.043 0.05
1 2.0915 1.757 0.027 0.05
1 1.724 1.925 0.03298484500494128 0.05
1 0.911 2.081 0.028844410203711913 0.05
1 2.5835 2.069 0.027 0.05
1 0.604 2.269 0.04 0.05
1 1.027 2.701 0.038 0.05
1 0.613 2.7995 0.043 0.05
1 2.069 1.686 0.034 0.05
1 2.193 1.1985 0.04011234224026316 0.05
1 2.625 1.8455 0.0378549864614954 0.05
2 2.563 1.935 0.035 0.05
2 2.3 1.17175 0.035 0.05
2 2.3 1.3155 0.035 0.05
2 2.3 1.45925 0.035 0.05
3 0.782 1.009 1.3159999999999998 1.462
3 2.098 1.009 1.3159999999999998 1.462
3 0.782 2.471 1.3159999999999998 1.462
3 2.098 2.471 1.3159999999999998 1.462