0 0.808 0.41 0.872 0
0 0.267 0.875 0.284 0
0 0.6285000000000001 1.05 0.275 0
0 0.6645000000000001 1.32 0.239 0
0 0.235 1.326 0 0.242
0 0.32 1.2985 0 0.18699999999999983
0 0.42 1.0884999999999998 0 0.131
0 0.555 1.1345 0 0.365
0 1.141 0.2925 0 0.09700000000000003
0 1.141 0.6415 0 0.10899999999999999
2 0.267 0.875 0.035 0.05
2 0.6285 1.05 0.035 0.05
2 0.32 1.2985 0.035 0.05
3 0.40475 0.5447500000000001 0.5595 0.6015
3 0.96425 0.5447500000000001 0.5595 0.6015
3 0.40475 1.14625 0.5595 0.6015
3 0.96425 1.14625 0.5595 0.6015