0 0.162 0.268 0.14200000000000002 0
0 0.3365 0.268 0.127 0
0 0.036 0.33999999999999997 0 0.064
0 0.0339375 0.4445 0 0.11299999999999999
0 0.063 0.428 0.06 0
0 0.1985 0.428 0.05300000000000002 0
0 0.29000000000000004 0.428 0.057999999999999996 0
0 0.07228125 0.491 0 0.12600000000000006
0 0.22200000000000003 0.468 0.10600000000000001 0
0 0.4315 0.468 0.07499999999999996 0
0 0.2485 0.508 0.159 0
0 0.1975 0.548 0.056999999999999995 0
0 0.113 0.29000000000000004 0 0.05199999999999999
0 0.113 0.46950000000000003 0 0.14300000000000002
0 0.153 0.483 0 0.10800000000000004
0 0.193 0.454 0 0.10799999999999998
0 0.233 0.4395 0 0.08699999999999997
0 0.233 0.5375000000000001 0 0.04300000000000004
0 0.273 0.47200000000000003 0 0.14400000000000002
0 0.313 0.47300000000000003 0 0.14600000000000002
1 0.253 0.268 0.04 0.05
1 0.243 0.428 0.036 0.05
1 0.213 0.512 0.040792156108742275 0.05
3 0.14200000000000002 0.33775 0.218 0.14749999999999996
3 0.36 0.33775 0.21799999999999997 0.14749999999999996
3 0.14200000000000002 0.48525 0.218 0.14750000000000008
3 0.36 0.48525 0.21799999999999997 0.14750000000000008