0 0.167 0.4415 0 0.357
0 0.249875 0.31599999999999995 0 0.057999999999999996
0 0.3695 0.3205 0 0.067
0 0.40725 0.3205 0 0.067
0 0.452375 0.3165 0 0.059
0 0.48975 0.315 0 0.05600000000000005
0 0.527125 0.3085 0 0.09099999999999997
0 0.571625 0.3205 0 0.067
0 0.609375 0.5205 0 0.467
0 0.647986328125 0.405 0 0.23000000000000004
0 0.691875 0.31699999999999995 0 0.05399999999999999
0 0.728625 0.34199999999999997 0 0.11000000000000004
0 0.767828125 0.34550000000000003 0 0.16499999999999998
0 0.811375 0.312 0 0.050000000000000044
0 0.84875 0.8035000000000001 0 1.081
0 0.92809375 0.395 0 0.21000000000000002
0 1.0078828125 0.3745 0 0.16900000000000004
0 1.049625 0.32899999999999996 0 0.07800000000000001
0 1.0883125 0.38 0 0.23399999999999999
0 1.12794921875 0.39549999999999996 0 0.20500000000000002
0 1.1715 0.3885 0 0.251
0 1.208625 0.41500000000000004 0 0.24400000000000005
0 1.29 0.38349999999999995 0 0.181
0 1.32675 0.307 0 0.08799999999999997
0 1.3725 0.3215 0 0.056999999999999995
0 1.41025 0.31999999999999995 0 0.05399999999999999
0 1.448 0.3125 0 0.09899999999999998
0 1.485375 0.3215 0 0.056999999999999995
0 1.530125 0.3215 0 0.056999999999999995
0 1.56725 0.311 0 0.09599999999999997
0 1.605 0.3185 0 0.05099999999999999
0 1.650125 0.3245 0 0.063
0 1.687 0.314 0 0.10199999999999998
0 0.7030000000000001 0.343 0.9840000000000001 0
0 1.5764999999999998 0.343 0.647 0
0 0.933 0.383 0.7060000000000001 0
0 0.68975 0.44899999999999995 0 0.07600000000000001
0 0.72925 0.5 0 0.15399999999999997
0 0.968 0.4245 0 0.173
0 1.0494375 0.45399999999999996 0 0.08600000000000002
0 0.80834375 0.508 0 0.13199999999999995
0 1.00275 0.487 0 0.04799999999999999
0 1.246 0.463 0.09399999999999986 0
0 0.9264999999999999 0.503 0.6809999999999999 0
0 0.443 0.543 0.09799999999999998 0
0 0.64475 0.563 0 0.039999999999999925
0 0.6925 0.543 0.050999999999999934 0
0 0.8105 0.543 0.04899999999999993 0
0 1.845 0.565 0 0.04399999999999993
0 0.4085 0.562 0 0.041999999999999926
0 0.6074999999999999 0.583 0.05500000000000005 0
0 0.7065 0.583 0.07899999999999996 0
0 0.819 0.583 0.06599999999999995 0
0 0.7175 0.623 0.275 0
0 0.602 0.663 0.050000000000000044 0
0 0.68878125 0.6965 0 0.09699999999999998
0 0.601 0.703 0.04800000000000004 0
0 1.786 0.703 0.07600000000000007 0
0 0.6725 0.743 0.365 0
0 1.3185 0.743 0.06899999999999995 0
0 0.7305 0.7250000000000001 0 0.11599999999999999
0 1.31 0.823 0.1359999999999999 0
0 0.8385 0.863 0.049000000000000044 0
0 1.2610000000000001 0.863 0.07199999999999984 0
0 1.3275 0.841 0 0.07199999999999995
0 1.48625 0.8665 0 0.06700000000000006
0 1.107 0.903 0.09200000000000008 0
0 1.655 0.903 0.08400000000000007 0
0 0.8414999999999999 0.943 0.05500000000000005 0
0 1.1724999999999999 0.943 0.2550000000000001 0
0 0.8360000000000001 0.983 0.04999999999999993 0
0 1.171 0.983 0.258 0
0 1.32796875 1.047 0 0.2699999999999999
0 0.3315 1.023 0.07100000000000001 0
0 0.72975 1.0474999999999999 0 0.049000000000000155
0 0.8374999999999999 1.023 0.04700000000000004 0
0 1.1695 1.023 0.2549999999999999 0
0 1.7265000000000001 1.023 0.07499999999999996 0
0 1.845 1.023 0.06400000000000006 0
0 0.843 1.063 0.05800000000000005 0
0 1.1724999999999999 1.063 0.2609999999999999 0
0 0.72975 1.2325 0 0.2590000000000001
0 0.8374999999999999 1.103 0.04700000000000004 0
0 1.2155 1.0985 0 0.040999999999999925
0 1.7225000000000001 1.103 0.06699999999999995 0
0 0.831 1.143 0.039999999999999925 0
0 0.96625 1.1495 0 0.08499999999999996
0 1.3145 1.143 0.06700000000000017 0
0 1.7345000000000002 1.143 0.09099999999999997 0
0 1.8905 1.143 0.06499999999999995 0
0 0.9874999999999999 1.183 0.05499999999999994 0
0 1.726625 1.169 0 0.10199999999999987
0 0.8315 1.223 0.040999999999999925 0
0 1.7715 1.223 0.04699999999999993 0
0 1.875 1.223 0.09600000000000009 0
0 0.8340000000000001 1.263 0.04599999999999993 0
0 1.3639999999999999 1.263 0.6380000000000001 0
0 0.8505 1.303 0.07899999999999996 0
0 1.046 1.299 0 0.08600000000000008
0 1.167625 1.3245 0 0.06899999999999995
0 1.36225 1.3265 0 0.04700000000000015
0 0.2325 1.343 0.189 0
0 0.48650000000000004 1.343 0.07300000000000001 0
0 0.933 1.343 0.24399999999999988 0
0 1.2774999999999999 1.343 0.2809999999999999 0
0 1.7525 1.343 0.34099999999999997 0
0 0.92475 1.4055 0 0.04499999999999993
0 1.849375 1.3655 0 0.06099999999999994
0 0.22599999999999998 1.423 0.148 0
0 0.970125 1.413 0 0.06000000000000005
0 0.168 0.7185 0 0.137
0 0.168 0.974 0 0.19600000000000006
0 0.168 1.222 0 0.22999999999999998
0 0.208 0.3085 0 0.09099999999999997
0 0.288 0.3015 0 0.07700000000000001
0 0.328 0.496 0 0.46599999999999997
0 0.328 1.005 0 0.050000000000000044
0 0.328 1.345 0 0.04400000000000004
0 0.368 1.02 0 0.05799999999999994
0 0.488 1.0594999999999999 0 0.5469999999999999
0 0.648 0.6795 0 0.125
0 0.688 0.556 0 0.04799999999999993
0 0.768 0.6665 0 0.15700000000000003
0 0.808 0.6819999999999999 0 0.126
0 0.888 0.43 0 0.16200000000000003
0 0.888 1.1285 0 0.04899999999999993
0 0.888 1.317 0 0.04400000000000004
0 0.928 1.1360000000000001 0 0.06399999999999983
0 0.928 1.2915 0 0.123
0 1.048 1.0230000000000001 0 0.19800000000000006
0 1.088 0.9744999999999999 0 0.1529999999999999
0 1.128 1.0205 0 0.10300000000000009
0 1.168 1.0145 0 0.18700000000000006
0 1.208 0.856 0 0.050000000000000044
0 1.208 0.986 0 0.1299999999999999
0 1.208 1.309 0 0.10000000000000009
0 1.248 0.2855 0 0.044999999999999984
0 1.248 0.37949999999999995 0 0.05499999999999999
0 1.248 0.482 0 0.08000000000000002
0 1.248 0.8325 0 0.08899999999999997
0 1.248 0.9865 0 0.131
0 1.248 1.3385 0 0.040999999999999925
0 1.288 0.8895 0 0.573
0 1.288 1.2985000000000002 0 0.10299999999999998
0 1.328 1.3385 0 0.040999999999999925
0 1.368 0.7945 0 0.06899999999999995
0 1.528 0.872 0 0.07800000000000007
0 1.608 1.3415 0 0.04100000000000015
0 1.688 1.2534999999999998 0 0.07499999999999996
0 1.688 1.3415 0 0.04100000000000015
0 1.728 1.0565 0 0.07500000000000018
0 1.768 0.35 0 0.05199999999999999
0 1.768 0.6765 0 0.04699999999999993
0 1.768 1.1789999999999998 0 0.1060000000000001
0 1.768 1.3805 0 0.11499999999999999
0 1.808 0.34450000000000003 0 0.04099999999999998
0 1.848 1.0325 0 0.08899999999999997
0 1.848 1.206 0 0.052000000000000046
0 1.888 1.03 0 0.04400000000000004
0 1.888 1.34 0 0.04400000000000004
1 0.1675 0.635 0.03001666203960727 0.05
1 0.6679931640625 0.526 0.041774321501613476 0.05
1 0.7091875 0.404 0.04131907096003007 0.05
1 1.04953125 0.3895 0.043000408791661504 0.05
1 1.2283125 0.4 0.042135384476707935 0.05
1 0.748625 0.5825 0.04028104392887553 0.05
1 0.646375 0.6 0.03415497767529647 0.05
1 1.327734375 0.8945 0.03500313881014816 0.05
1 0.72975 1.0875 0.031 0.05
1 1.21175 1.02 0.028022312538404107 0.05
1 1.7073125 1.218 0.03883156737758598 0.05
1 1.811 1.223 0.032 0.05
1 0.926375 1.329 0.030175528164391754 0.05
1 0.168 1.0895 0.035 0.05
1 1.208 0.901 0.04 0.05
1 1.688 1.306 0.03 0.05
3 0.5842499999999999 0.558 0.8925 0.59
3 1.47675 0.558 0.8925000000000001 0.59
3 0.5842499999999999 1.1480000000000001 0.8925 0.5900000000000001
3 1.47675 1.1480000000000001 0.8925000000000001 0.5900000000000001