0 0.347 0.453 0.274 0
0 0.4245 0.469 0.119 0
0 0.4245 0.493 0.119 0
0 0.066 0.589 0.08 0
0 0.066 0.613 0.08 0
0 0.066 0.637 0.08 0
0 0.243 0.669 0.06600000000000003 0
0 0.4235 0.669 0.127 0
0 0.3715 0.821 0.23099999999999998 0
0 0.0795 0.829 0.053 0
0 0.349 0.845 0.276 0
0 0.0675 0.853 0.08499999999999999 0
0 0.205 0.5005000000000001 0 0.09300000000000003
3 0.1405 0.553 0.231 0.2
3 0.3715 0.553 0.23099999999999998 0.2
3 0.1405 0.753 0.231 0.19999999999999996
3 0.3715 0.753 0.23099999999999998 0.19999999999999996