0 0.8125 0.35 0.11699999999999999 0
0 0.1315 0.465 0.207 0
0 0.608 0.965 0.20199999999999996 0
0 0.465 0.899 0 0.20999999999999996
0 0.74 0.548 0 0.33599999999999997
0 0.78 0.751 0 0.1399999999999999
0 0.795 0.8545 0 0.269
0 0.1185 0.453 0.085 0
0 0.28900000000000003 0.461 0.08000000000000002 0
0 0.1375 0.493 0.06700000000000002 0
0 0.2925 0.509 0.08100000000000002 0
0 0.724 0.717 0.052000000000000046 0
0 0.7949999999999999 0.733 0.05799999999999994 0
0 0.087 0.757 0.074 0
0 0.41300000000000003 0.765 0.057999999999999996 0
0 0.29300000000000004 0.813 0.08200000000000002 0
0 0.30000000000000004 0.869 0.066 0
0 0.215 0.973 0.062 0
0 0.2935 0.973 0.059 0
0 0.117 0.4205 0 0.07300000000000001
0 0.173 0.41900000000000004 0 0.07
0 0.261 0.5785 0 0.08499999999999996
0 0.261 0.8360000000000001 0 0.05399999999999994
0 0.261 0.8985000000000001 0 0.06900000000000006
0 0.317 0.4205 0 0.07300000000000001
0 0.317 0.7635000000000001 0 0.051000000000000045
0 0.789 0.8385 0 0.16100000000000003
2 0.1315 0.465 0.035 0.05
2 0.74 0.492 0.035 0.05
2 0.74 0.604 0.035 0.05
3 0.23875000000000002 0.5135000000000001 0.4215 0.32700000000000007
3 0.66025 0.5135000000000001 0.4215 0.32700000000000007
3 0.23875000000000002 0.8405 0.4215 0.32699999999999996
3 0.66025 0.8405 0.4215 0.32699999999999996