0 0.465 0.435 0 0.134
0 0.555 1.2530000000000001 0 0.21599999999999997
0 0.715 1.2635 0 0.11499999999999999
0 0.725 0.6415 0 0.785
0 0.28450000000000003 0.477 0.11300000000000002 0
0 0.4235 0.477 0.11099999999999999 0
0 0.5880000000000001 0.477 0.19400000000000006 0
0 0.2375 0.893 0.245 0
0 0.2515 0.917 0.07099999999999998 0
0 0.07250000000000001 1.005 0.05700000000000001 0
0 0.07250000000000001 1.045 0.05700000000000001 0
0 0.40349999999999997 1.061 0.10300000000000004 0
0 0.6930000000000001 1.061 0.07199999999999995 0
0 0.6930000000000001 1.117 0.07199999999999995 0
0 0.3245 1.133 0.07100000000000001 0
0 0.7010000000000001 1.133 0.05599999999999994 0
0 0.3245 1.157 0.07100000000000001 0
0 0.7010000000000001 1.157 0.05599999999999994 0
0 0.6930000000000001 1.181 0.07199999999999995 0
0 0.3245 1.197 0.07100000000000001 0
0 0.6930000000000001 1.261 0.07199999999999995 0
0 0.1515 1.277 0.073 0
0 0.6930000000000001 1.285 0.07199999999999995 0
0 0.3285 1.389 0.09899999999999998 0
0 0.17450000000000002 1.509 0.293 0
0 0.053 1.0295 0 0.07700000000000007
0 0.069 0.9055 0 0.07099999999999995
0 0.077 1.0295 0 0.07700000000000007
0 0.093 0.362 0 0.20800000000000002
0 0.093 0.638 0 0.29800000000000004
0 0.109 1.371 0 0.22599999999999998
0 0.157 0.9365 0 0.06899999999999995
0 0.181 1.3135 0 0.06699999999999995
0 0.277 0.9275 0 0.05499999999999994
0 0.277 1.377 0 0.21399999999999997
0 0.301 1.4325 0 0.09899999999999998
0 0.325 0.9375 0 0.07099999999999995
0 0.373 0.6825 0 0.125
0 0.373 0.851 0 0.062000000000000055
0 0.381 1.4215 0 0.052999999999999936
0 0.461 0.42000000000000004 0 0.06
0 0.485 1.244 0 0.20199999999999996
0 0.493 0.2875 0 0.059
0 0.549 1.3025 0 0.08899999999999997
0 0.653 1.2535 0 0.07299999999999995
0 0.669 1.157 0 0.05600000000000005
0 0.685 1.2545000000000002 0 0.07899999999999996
0 0.709 1.175 0 0.06400000000000006
0 0.749 0.9155 0 0.907
1 0.3545 0.477 0.027 0.05
1 0.661 1.2095 0.03577708763999664 0.05
3 0.20825000000000002 0.5640000000000001 0.3605 0.63
3 0.56875 0.5640000000000001 0.3605 0.63
3 0.20825000000000002 1.194 0.3605 0.6299999999999999
3 0.56875 1.194 0.3605 0.6299999999999999