0 1.3875 0.389 0 0.182
0 0.3 0.378 0.22999999999999998 0
0 0.90825 0.39449999999999996 0 0.04299999999999998
0 0.9735 0.378 0.07699999999999996 0
0 1.1835 0.378 0.28100000000000014 0
0 1.3785 0.378 0.04499999999999993 0
0 0.1885 0.453 0 0.15600000000000003
0 1.215 0.418 0.29000000000000004 0
0 0.308 0.49450000000000005 0 0.12500000000000006
0 0.3485 0.48150000000000004 0 0.09900000000000003
0 0.29400000000000004 0.498 0.09400000000000003 0
0 0.9435 0.5205 0 0.04500000000000004
0 1.2765 0.498 0.08299999999999996 0
0 0.6839999999999999 0.538 0.19200000000000006 0
0 0.87375 0.659 0 0.29800000000000004
0 0.9365 0.538 0.05699999999999994 0
0 1.116 0.538 0.2380000000000001 0
0 1.5885 0.538 0.07699999999999996 0
0 0.46799999999999997 0.578 0.07600000000000001 0
0 0.2895 0.738 0.07500000000000001 0
0 0.4585 0.778 0.04299999999999998 0
0 1.1825 0.778 0.11099999999999999 0
0 1.554 0.778 0.040000000000000036 0
0 1.5154999999999998 0.858 0.2230000000000001 0
0 0.631 0.898 0.29800000000000004 0
0 1.3215 0.898 0.07300000000000018 0
0 1.5154999999999998 0.898 0.2230000000000001 0
0 0.503 0.938 0.04200000000000004 0
0 0.7595000000000001 0.938 0.05500000000000005 0
0 1.478 0.938 0.29800000000000004 0
0 0.6315 0.978 0.041000000000000036 0
0 0.7645 0.978 0.10699999999999998 0
0 1.347 0.978 0.1459999999999999 0
0 1.5645 0.978 0.125 0
0 0.503 1.018 0.04200000000000004 0
0 1.3559999999999999 1.018 0.15999999999999992 0
0 1.4695 1.019 0 0.07999999999999996
0 0.9794999999999999 1.058 0.07499999999999996 0
0 1.4935 1.058 0.17900000000000005 0
0 0.3015 1.138 0.04899999999999999 0
0 0.9794999999999999 1.138 0.07499999999999996 0
0 0.706 1.1829999999999998 0 0.04200000000000004
0 1.0055 1.178 0.127 0
0 0.96 1.218 0.040000000000000036 0
0 1.06825 1.206 0 0.05600000000000005
0 1.017 1.298 0.05400000000000005 0
0 0.87125 1.3439999999999999 0 0.05800000000000005
0 1.056 1.378 1.142 0
0 0.15375 1.3975 0 0.040999999999999925
0 0.958 1.458 0.10399999999999998 0
0 0.872 1.538 0.05600000000000005 0
0 0.949 1.556 0 0.04800000000000004
0 0.7929999999999999 1.578 0.08199999999999996 0
0 0.9159999999999999 1.578 0.07199999999999995 0
0 1.0270000000000001 1.578 0.07800000000000007 0
0 0.98825 1.615 0 0.15600000000000014
0 0.272 1.658 0.228 0
0 0.8725 1.658 0.09900000000000009 0
0 0.148 0.5529999999999999 0 0.08599999999999997
0 0.148 0.675 0 0.07799999999999996
0 0.268 0.40800000000000003 0 0.07
0 0.268 0.5155000000000001 0 0.061000000000000054
0 0.468 0.5455 0 0.07099999999999995
0 0.468 0.7725 0 0.06700000000000006
0 0.508 0.5665 0 0.11299999999999999
0 0.548 0.9610000000000001 0 0.134
0 0.588 0.962 0 0.136
0 0.628 0.96 0 0.132
0 0.668 0.9055 0 0.04500000000000004
0 0.668 1.0015 0 0.07700000000000007
0 0.708 0.9065000000000001 0 0.04700000000000004
0 0.708 1.0015 0 0.07700000000000007
0 0.748 0.927 0 0.08799999999999997
0 0.788 0.9005000000000001 0 0.06300000000000006
0 0.788 1.0855 0 0.14100000000000001
0 0.788 1.405 0 0.32600000000000007
0 0.828 1.6084999999999998 0 0.11499999999999999
0 0.868 1.56 0 0.06400000000000006
0 0.908 1.564 0 0.08200000000000007
0 0.948 1.2195 0 0.33499999999999996
0 0.988 1.105 0 0.10599999999999987
0 0.988 1.212 0 0.040000000000000036
0 0.988 1.2985 0 0.06300000000000017
0 1.028 1.311 0 0.052000000000000046
0 1.068 1.339 0 0.04800000000000004
0 1.068 1.452 0 0.10000000000000009
0 1.068 1.5615 0 0.049000000000000155
0 1.108 1.3635 0 0.09299999999999997
0 1.148 0.4 0 0.05399999999999999
0 1.148 0.8035 0 0.06499999999999995
0 1.188 0.39749999999999996 0 0.04899999999999999
0 1.268 0.48350000000000004 0 0.13900000000000007
0 1.268 0.9430000000000001 0 0.05599999999999994
0 1.308 0.4325 0 0.041000000000000036
0 1.308 0.5315 0 0.07899999999999996
0 1.348 0.8995 0 0.04700000000000004
0 1.348 0.9949999999999999 0 0.06399999999999995
0 1.348 1.3599999999999999 0 0.09000000000000008
0 1.388 0.9795 0 0.11499999999999988
0 1.428 0.688 0 0.08599999999999997
0 1.428 0.9164999999999999 0 0.16899999999999993
0 1.428 1.2505 0 0.04899999999999993
0 1.428 1.35 0 0.08799999999999986
0 1.468 0.8674999999999999 0 0.17499999999999993
0 1.508 0.913 0 0.16200000000000003
0 1.508 1.361 0 0.09200000000000008
0 1.548 0.921 0 0.17800000000000005
0 1.548 1.359 0 0.08800000000000008
0 1.588 1.0125 0 0.09500000000000008
0 1.588 1.3624999999999998 0 0.09499999999999997
1 1.0275 0.378 0.031 0.05
1 1.34 0.378 0.032 0.05
1 1.2355 0.398 0.04019950248448356 0.05
1 0.288 0.465 0.041484937025383084 0.05
1 1.1575 0.518 0.04 0.05
1 0.981 0.538 0.032 0.05
1 1.48875 0.9455 0.041318881882258136 0.05
1 0.826 1.558 0.04123105625617661 0.05
1 0.89 1.558 0.044721359549995794 0.05
1 0.97 1.578 0.036 0.05
1 0.148 0.616 0.04 0.05
1 0.668 0.9455 0.035 0.05
1 0.988 1.175 0.034 0.05
1 0.988 1.2495 0.035 0.05
1 1.068 1.3825 0.039 0.05
1 1.068 1.5195 0.035 0.05
1 1.308 0.4725 0.039 0.05
1 1.348 0.943 0.04 0.05
1 1.428 1.2905 0.031 0.05
3 0.5177499999999999 0.64675 0.7394999999999999 0.6975
3 1.25725 0.64675 0.7395 0.6975
3 0.5177499999999999 1.3442500000000002 0.7394999999999999 0.6975
3 1.25725 1.3442500000000002 0.7395 0.6975