0 0.5589999999999999 0.168 0.07999999999999996 0
0 0.107 0.208 0.11200000000000002 0
0 0.386 0.208 0.22199999999999998 0
0 0.6950000000000001 0.208 0.15600000000000003 0
0 0.1065 0.248 0.11100000000000002 0
0 0.392 0.248 0.21600000000000003 0
0 0.696 0.248 0.15400000000000003 0
0 0.41075 0.35450000000000004 0 0.315
0 0.44199999999999995 0.368 0.066 0
0 0.44 0.448 0.06999999999999995 0
0 0.568875 0.535 0 0.04400000000000004
0 0.290125 0.6375 0 0.18499999999999994
0 0.081 0.648 0.060000000000000005 0
0 0.132125 0.6859999999999999 0 0.08799999999999997
0 0.27549999999999997 0.648 0.061 0
0 0.0935 0.688 0.08500000000000002 0
0 0.2355 0.688 0.13499999999999998 0
0 0.45899999999999996 0.688 0.07400000000000001 0
0 0.1805 0.728 0.259 0
0 0.5865 0.728 0.373 0
0 0.091 0.217 0 0.066
0 0.091 0.5245 0 0.04700000000000004
0 0.091 0.6425000000000001 0 0.08500000000000008
0 0.131 0.2025 0 0.07299999999999998
0 0.171 0.694 0 0.07199999999999995
0 0.211 0.217 0 0.08600000000000002
0 0.211 0.6815 0 0.09699999999999998
0 0.251 0.209 0 0.066
0 0.251 0.6875 0 0.08499999999999996
0 0.291 0.224 0 0.057999999999999996
0 0.331 0.2285 0 0.059
0 0.371 0.2285 0 0.059
0 0.371 0.503 0 0.05800000000000005
0 0.451 0.23 0 0.068
0 0.451 0.48750000000000004 0 0.08900000000000002
0 0.451 0.7035 0 0.052999999999999936
0 0.491 0.224 0 0.057999999999999996
0 0.491 0.6865 0 0.08699999999999997
0 0.571 0.21700000000000003 0 0.10200000000000001
0 0.611 0.226 0 0.05399999999999999
0 0.651 0.227 0 0.062
0 0.651 0.7035 0 0.052999999999999936
0 0.691 0.227 0 0.062
0 0.731 0.2265 0 0.061
0 0.771 0.2265 0 0.061
0 0.771 0.6865 0 0.08699999999999997
1 0.608 0.188 0.043863424398922615 0.05
1 0.152 0.688 0.032 0.05
3 0.23149999999999998 0.307 0.361 0.28200000000000003
3 0.5925 0.307 0.36100000000000004 0.28200000000000003
3 0.23149999999999998 0.589 0.361 0.282
3 0.5925 0.589 0.36100000000000004 0.282