0 0.7565 0.34 0.247 0
0 1.4455 1.16 0.43699999999999983 0
0 1.9084999999999999 1.3 0.20299999999999985 0
0 0.46399999999999997 1.34 0.298 0
0 1.2795 1.34 0.125 0
0 0.27 1.041 0 0.15400000000000014
0 1.19 1.0145 0 0.3450000000000001
0 1.725 0.9075 0 0.42700000000000005
0 1.733 0.986 0 0.05600000000000005
0 1.733 1.0615 0 0.0930000000000002
0 1.741 1.051 0 0.07200000000000006
2 1.3726666666666667 1.16 0.035 0.05
2 1.5183333333333333 1.16 0.035 0.05
2 1.9085 1.3 0.035 0.05
2 1.19 0.957 0.035 0.05
2 1.19 1.072 0.035 0.05
3 0.705 0.59 0.8699999999999999 0.49999999999999994
3 1.5749999999999997 0.59 0.8699999999999999 0.49999999999999994
3 0.705 1.09 0.8699999999999999 0.5000000000000001
3 1.5749999999999997 1.09 0.8699999999999999 0.5000000000000001