0 0.428 0.295 0.15800000000000003 0
0 0.4285 0.385 0.16700000000000004 0
0 0.525 0.42 0.28800000000000003 0
0 0.265 0.4605 0 0.11099999999999999
0 0.34 0.5065 0 0.14099999999999996
0 0.089 0.237 0.08800000000000001 0
0 0.218 0.237 0.08200000000000002 0
0 0.3785 0.293 0.07099999999999995 0
0 0.094 0.413 0.10799999999999998 0
0 0.2405 0.413 0.061000000000000026 0
0 0.4325 0.413 0.065 0
0 0.6479999999999999 0.421 0.10399999999999998 0
0 0.073 0.429 0.057999999999999996 0
0 0.094 0.525 0.10799999999999998 0
0 0.1975 0.541 0.05299999999999999 0
0 0.10550000000000001 0.549 0.12300000000000001 0
0 0.045 0.4335 0 0.23300000000000004
0 0.053 0.083 0 0.052
0 0.053 0.196 0 0.088
0 0.061 0.428 0 0.10399999999999998
0 0.061 0.5165 0 0.06700000000000006
0 0.141 0.49350000000000005 0 0.07700000000000001
0 0.245 0.355 0 0.13
0 0.333 0.159 0 0.16399999999999998
0 0.637 0.327 0 0.118
0 0.749 0.34450000000000003 0 0.15899999999999997
1 0.155 0.237 0.044 0.05
1 0.1595 0.533 0.0280178514522438 0.05
1 0.053 0.1305 0.043 0.05
2 0.428 0.295 0.035 0.05
2 0.525 0.42 0.035 0.05
3 0.21725 0.187 0.35450000000000004 0.26
3 0.57175 0.187 0.3545 0.26
3 0.21725 0.44699999999999995 0.35450000000000004 0.25999999999999995
3 0.57175 0.44699999999999995 0.3545 0.25999999999999995