0 0.477 0.265 0.37200000000000005 0
0 0.7895 0.61 0.33499999999999996 0
0 0.3655 0.261 0.137 0
0 0.618 0.261 0.22999999999999998 0
0 0.8805000000000001 0.429 0.1489999999999999 0
0 0.8334999999999999 0.597 0.243 0
0 0.3375 0.605 0.593 0
0 0.061 0.3215 0 0.129
0 0.061 0.5680000000000001 0 0.08599999999999997
0 0.349 0.33899999999999997 0 0.14599999999999996
0 0.421 0.15000000000000002 0 0.24800000000000003
0 0.549 0.36250000000000004 0 0.193
0 0.725 0.35250000000000004 0 0.173
0 0.813 0.39749999999999996 0 0.08300000000000002
0 0.837 0.5780000000000001 0 0.06599999999999995
0 0.933 0.5815 0 0.05899999999999994
3 0.27 0.17225000000000001 0.458 0.2925
3 0.728 0.17225000000000001 0.45799999999999996 0.2925
3 0.27 0.46475 0.458 0.2925
3 0.728 0.46475 0.45799999999999996 0.2925