0 0.08 0.225 0.054 0
0 0.421 0.225 0.12 0
0 0.48 0.265 0.238 0
0 0.29725 0.369 0 0.04800000000000004
0 0.52 0.345 0.12999999999999995 0
0 0.2195 0.385 0.327 0
0 0.105 0.425 0.10400000000000001 0
0 0.1355 0.465 0.165 0
0 0.1395 0.505 0.17300000000000001 0
0 0.3955 0.505 0.10899999999999999 0
0 0.1355 0.545 0.165 0
0 0.3055 0.545 0.05499999999999999 0
0 0.4165 0.545 0.07700000000000001 0
0 0.56725 0.5665 0 0.04299999999999993
0 0.6305000000000001 0.545 0.08500000000000008 0
0 0.2295 0.585 0.191 0
0 0.449 0.585 0.124 0
0 0.7270000000000001 0.585 0.136 0
0 0.496 0.591 0 0.06799999999999995
0 0.53725 0.687 0 0.128
0 0.65125 0.7055 0 0.08099999999999996
0 0.6965 0.7070000000000001 0 0.08399999999999996
0 0.74175 0.6855 0 0.040999999999999925
0 0.5335 0.705 0.11299999999999999 0
0 0.7210000000000001 0.705 0.14800000000000002 0
0 0.5820000000000001 0.745 0.21000000000000008 0
0 0.6095 0.762 0 0.04600000000000004
0 0.093 0.4845 0 0.20099999999999996
0 0.133 0.5075000000000001 0 0.255
0 0.173 0.5275 0 0.11699999999999999
0 0.213 0.5215 0 0.12699999999999995
0 0.253 0.406 0 0.043999999999999984
0 0.293 0.556 0 0.07199999999999995
0 0.333 0.40249999999999997 0 0.046999999999999986
0 0.333 0.5585 0 0.07099999999999995
0 0.373 0.22299999999999998 0 0.156
0 0.373 0.5389999999999999 0 0.09799999999999998
0 0.413 0.191 0 0.062
0 0.413 0.5409999999999999 0 0.08799999999999997
0 0.453 0.255 0 0.05999999999999997
0 0.453 0.34450000000000003 0 0.059
0 0.453 0.5285 0 0.13699999999999996
0 0.493 0.263 0 0.07199999999999998
0 0.533 0.2875 0 0.12099999999999997
0 0.533 0.498 0 0.04600000000000004
0 0.573 0.34850000000000003 0 0.11500000000000005
0 0.573 0.7205 0 0.06699999999999995
0 0.653 0.567 0 0.04999999999999993
0 0.733 0.5740000000000001 0 0.041999999999999926
1 0.315125 0.386 0.03839352158893477 0.05
1 0.364 0.525 0.040792156108742275 0.05
1 0.550125 0.5315 0.04182179455738359 0.05
1 0.666 0.565 0.04237924020083418 0.05
1 0.516625 0.624 0.041298456387618164 0.05
1 0.630375 0.7425 0.04233275918245821 0.05
1 0.433 0.2235 0.04011234224026316 0.05
1 0.453 0.3 0.03 0.05
3 0.2385 0.305 0.371 0.32000000000000006
3 0.6095 0.305 0.37100000000000005 0.32000000000000006
3 0.2385 0.625 0.371 0.32
3 0.6095 0.625 0.37100000000000005 0.32