0 0.5935 0.214 0 0.172
0 0.7665 0.168 0.07300000000000006 0
0 1.0275 0.168 0.06900000000000006 0
0 0.73 0.208 0.062000000000000055 0
0 0.9655 0.208 0.04500000000000004 0
0 0.563 0.248 0.06399999999999995 0
0 0.97 0.248 0.06999999999999984 0
0 1.03375 0.21950000000000003 0 0.11300000000000002
0 1.025 0.288 0.07000000000000006 0
0 0.872 0.3225 0 0.05099999999999999
0 0.3185 0.408 0.15300000000000002 0
0 0.635 0.408 0.21399999999999997 0
0 0.17 0.448 0.192 0
0 0.5920000000000001 0.568 0.05999999999999994 0
0 0.8975 0.568 0.061000000000000054 0
0 0.8614999999999999 0.688 0.05300000000000005 0
0 0.274 0.6975 0 0.06499999999999995
0 0.554 0.278 0 0.062
0 0.714 0.27349999999999997 0 0.046999999999999986
0 0.794 0.1765 0 0.097
0 0.834 0.254 0 0.10399999999999998
0 0.834 0.524 0 0.050000000000000044
0 0.954 0.2515 0 0.11499999999999999
0 0.994 0.2315 0 0.20700000000000002
1 1.0025 0.188 0.04031128874149274 0.05
1 0.9975 0.268 0.04272001872658766 0.05
1 0.853 0.275 0.03905124837953327 0.05
3 0.32099999999999995 0.27849999999999997 0.49399999999999994 0.301
3 0.815 0.27849999999999997 0.4940000000000001 0.301
3 0.32099999999999995 0.5795 0.49399999999999994 0.301
3 0.815 0.5795 0.4940000000000001 0.301