0 0.6635 0.254 0.052999999999999936 0
0 0.4995 0.414 0.05500000000000005 0
0 0.45899999999999996 0.454 0.05399999999999999 0
0 0.90625 0.475 0 0.04199999999999998
0 0.41800000000000004 0.494 0.06 0
0 0.382 0.534 0.066 0
0 0.7468125 0.5860000000000001 0 0.10399999999999998
0 0.2395 0.574 0.125 0
0 0.186625 0.5980000000000001 0 0.08599999999999997
0 0.098 0.694 0.06 0
0 0.101 0.734 0.052000000000000005 0
0 0.8360000000000001 0.734 0.06999999999999995 0
0 0.8805000000000001 0.774 0.09100000000000008 0
0 0.116 0.834 0 0.040000000000000036
0 0.917 0.814 0.07599999999999996 0
0 0.14300000000000002 0.854 0.11000000000000001 0
0 0.827 0.886 0 0.16399999999999992
0 0.9995 0.854 0.06900000000000006 0
0 0.0975 0.894 0.059 0
0 0.096 0.934 0.04200000000000001 0
0 0.9395 0.934 0.04699999999999993 0
0 0.956 0.974 0.15600000000000003 0
0 0.11575 1.0345 0 0.040999999999999925
0 0.887 1.014 0.124 0
0 0.8865000000000001 1.054 0.22699999999999998 0
0 0.209 1.094 0.282 0
0 0.3165 1.134 0.069 0
0 0.6679999999999999 1.134 0.04799999999999993 0
0 0.77 1.134 0.07600000000000007 0
0 0.11249999999999999 1.174 0.06699999999999999 0
0 0.26775 1.1324999999999998 0 0.08299999999999996
0 0.351 1.174 0.03999999999999998 0
0 0.548 1.174 0.10999999999999999 0
0 0.948 1.182 0 0.062000000000000055
0 1.013 1.174 0.04200000000000004 0
0 0.108 0.912 0 0.040000000000000036
0 0.108 1.187 0 0.052000000000000046
0 0.188 1.117 0 0.052000000000000046
0 0.228 0.575 0 0.039999999999999925
0 0.228 1.1175 0 0.052999999999999936
0 0.308 1.1284999999999998 0 0.07499999999999996
0 0.348 1.0265 0 0.3730000000000001
0 0.428 0.482 0 0.043999999999999984
0 0.468 0.442 0 0.04800000000000004
0 0.508 0.4335 0 0.10699999999999998
0 0.548 1.1585 0 0.10899999999999999
0 0.628 1.1575000000000002 0 0.11099999999999999
0 0.668 0.2495 0 0.05100000000000002
0 0.668 1.13 0 0.05599999999999983
0 0.788 0.6080000000000001 0 0.11199999999999999
0 0.788 1.065 0 0.05400000000000005
0 0.828 0.7105 0 0.07099999999999995
0 0.868 0.762 0 0.09000000000000008
0 0.868 0.8925000000000001 0 0.07900000000000007
0 0.868 1.0245 0 0.08300000000000007
0 0.908 0.7909999999999999 0 0.06799999999999995
0 0.908 1.0035 0 0.1170000000000001
0 0.948 0.906 0 0.21999999999999997
0 0.948 1.0795 0 0.05300000000000016
0 1.028 0.9770000000000001 0 0.16200000000000003
0 1.028 1.179 0 0.06800000000000006
1 0.4795 0.434 0.04237924020083418 0.05
1 0.112 0.873 0.0388329756778952 0.05
1 0.96 0.834 0.04123105625617661 0.05
1 0.8475 0.8425 0.04110960958218893 0.05
1 0.8475 0.9755 0.04365775990588615 0.05
1 0.341 1.154 0.044721359549995794 0.05
1 0.712 1.134 0.04 0.05
1 0.808 0.6695 0.041484937025383084 0.05
1 0.928 1.0575 0.041 0.05
3 0.3095 0.47125 0.48300000000000004 0.49450000000000005
3 0.7925 0.47125 0.483 0.49450000000000005
3 0.3095 0.9657500000000001 0.48300000000000004 0.49450000000000005
3 0.7925 0.9657500000000001 0.483 0.49450000000000005