0 0.486 0.169 0.05199999999999999 0
0 0.512 0.209 0.05400000000000005 0
0 0.555125 0.265 0 0.16599999999999998
0 0.622 0.289 0.1140000000000001 0
0 0.434 0.354 0 0.04999999999999999
0 0.63575 0.321 0 0.07999999999999996
0 0.403 0.4335 0 0.049000000000000044
0 0.315 0.449 0.348 0
0 0.855 0.449 0.354 0
0 1.095 0.449 0.06599999999999984 0
0 0.432 0.5165 0 0.05500000000000005
0 0.914958984375 0.587 0 0.22599999999999998
0 1.074982421875 0.5905 0 0.235
0 0.8375 0.529 0.33299999999999996 0
0 0.7151171875 0.6435 0 0.17899999999999994
0 0.835875 0.5195 0 0.173
0 0.87528125 0.6234999999999999 0 0.1409999999999999
0 0.555625 0.6074999999999999 0 0.06300000000000006
0 0.9855 0.609 0.09699999999999998 0
0 0.507 0.649 0.10200000000000004 0
0 0.6599999999999999 0.649 0.05999999999999994 0
0 0.7568125 0.6905 0 0.08499999999999996
0 1.022 0.649 0.21199999999999986 0
0 0.52225 0.706 0 0.05399999999999994
0 0.55925 0.711 0 0.04400000000000004
0 0.7005 0.689 0.052999999999999936 0
0 0.9335 0.689 0.04899999999999993 0
0 0.99175 0.7030000000000001 0 0.05999999999999994
0 1.0705 0.689 0.11499999999999999 0
0 0.5165 0.729 0.06900000000000006 0
0 0.902 0.729 0.06400000000000006 0
0 1.0955 0.729 0.06499999999999995 0
0 0.155 0.48 0 0.13600000000000007
0 0.235 0.5995 0 0.09499999999999997
0 0.235 0.706 0 0.05399999999999994
0 0.515 0.31599999999999995 0 0.066
0 0.635 0.6715 0 0.07099999999999995
0 0.675 0.675 0 0.05599999999999994
0 0.715 0.48 0 0.09000000000000002
0 0.755 0.16699999999999998 0 0.04000000000000001
0 0.795 0.522 0 0.176
0 0.875 0.47850000000000004 0 0.09900000000000003
0 0.955 0.667 0 0.132
0 0.995 0.505 0 0.06400000000000006
0 0.995 0.6065 0 0.061000000000000054
0 1.035 0.586 0 0.22399999999999998
0 1.115 0.603 0 0.26
1 0.4185 0.394 0.04313930922024598 0.05
1 0.4175 0.4735 0.042449970553582246 0.05
1 1.047 0.449 0.03 0.05
1 0.71505859375 0.584 0.02900023677334646 0.05
1 0.875140625 0.5615 0.025001581981196713 0.05
1 0.682 0.669 0.04308131845707603 0.05
1 0.993375 0.6545 0.03614640369386697 0.05
1 0.235 0.663 0.032 0.05
1 0.995 0.5565 0.039 0.05
3 0.38775 0.2935 0.49349999999999994 0.29300000000000004
3 0.8812499999999999 0.2935 0.49349999999999994 0.29300000000000004
3 0.38775 0.5865 0.49349999999999994 0.293
3 0.8812499999999999 0.5865 0.49349999999999994 0.293