0 0.7110000000000001 0.755 0.18600000000000005 0
0 0.275 0.6174999999999999 0 0.23299999999999998
0 0.76 0.569 0 0.11599999999999999
0 0.3815 0.285 0.09099999999999997 0
0 0.735 0.285 0.07200000000000006 0
0 0.2365 0.293 0.13099999999999998 0
0 0.22599999999999998 0.669 0.152 0
0 0.4765 0.669 0.19099999999999995 0
0 0.101 0.5735 0 0.15300000000000002
0 0.109 0.5495 0 0.08299999999999996
0 0.109 0.62 0 0.052000000000000046
0 0.149 0.42 0 0.118
0 0.149 0.5095000000000001 0 0.05900000000000005
0 0.149 0.6080000000000001 0 0.09599999999999997
0 0.429 0.362 0 0.15400000000000003
0 0.557 0.3535 0 0.11099999999999999
0 0.557 0.48650000000000004 0 0.12100000000000005
0 0.557 0.6265000000000001 0 0.08300000000000007
0 0.781 0.5645 0 0.06699999999999995
1 0.299 0.289 0.034928498393145956 0.05
1 0.557 0.566 0.038 0.05
2 0.275 0.6175 0.035 0.05
3 0.27675 0.40249999999999997 0.35150000000000003 0.23500000000000004
3 0.62825 0.40249999999999997 0.35150000000000003 0.23500000000000004
3 0.27675 0.6375 0.35150000000000003 0.235
3 0.62825 0.6375 0.35150000000000003 0.235