0 0.2155 0.098 0.04099999999999998 0
0 0.058499999999999996 0.138 0.05499999999999999 0
0 0.22599999999999998 0.138 0.11999999999999997 0
0 0.1485 0.218 0.059 0
0 0.26149999999999995 0.218 0.04099999999999998 0
0 0.186 0.258 0.31000000000000005 0
0 0.35775 0.271 0 0.12600000000000003
0 0.2615 0.298 0.19699999999999998 0
0 0.151 0.228 0 0.07200000000000001
0 0.191 0.123 0 0.13
0 0.191 0.279 0 0.11000000000000001
0 0.231 0.107 0 0.098
0 0.231 0.2625 0 0.14300000000000002
0 0.271 0.2445 0 0.10699999999999998
1 0.171 0.161 0.04019950248448356 0.05
3 0.11325 0.127 0.1645 0.138
3 0.27775 0.127 0.16449999999999998 0.138
3 0.11325 0.265 0.1645 0.138
3 0.27775 0.265 0.16449999999999998 0.138