0 0.9665 0.31 0.14300000000000002 0
0 1.006 1.025 0.18999999999999995 0
0 0.545 1.2105000000000001 0 0.17900000000000005
0 0.7 1.2395 0 0.19300000000000006
0 0.755 0.1835 0 0.247
0 0.855 0.9095 0 0.40700000000000003
0 0.369 0.317 0.08799999999999997 0
0 0.9219999999999999 0.333 0.17799999999999994 0
0 0.0665 0.341 0.069 0
0 1.0175 0.717 0.050999999999999934 0
0 0.367 1.173 0.055999999999999994 0
2 1.006 1.025 0.035 0.05
2 0.7 1.2395 0.035 0.05
2 0.755 0.1835 0.035 0.05
2 0.855 0.8416666666666667 0.035 0.05
2 0.855 0.9773333333333333 0.035 0.05
3 0.29925 0.379 0.5345 0.6379999999999999
3 0.83375 0.379 0.5345 0.6379999999999999
3 0.29925 1.017 0.5345 0.6380000000000001
3 0.83375 1.017 0.5345 0.6380000000000001