0 0.076 0.244 0 0.11199999999999999
0 0.321875 0.383 0 0.15000000000000002
0 0.35975 0.3235 0 0.059
0 0.398625 0.34099999999999997 0 0.09400000000000003
0 0.518875 0.44300000000000006 0 0.23600000000000004
0 0.322 0.388 0.5379999999999999 0
0 0.4285 0.428 0.07700000000000001 0
0 0.07575 0.567 0 0.118
0 0.28 0.628 0.04999999999999999 0
0 0.552 0.628 0.07799999999999996 0
0 0.0755 0.7395 0 0.14300000000000002
0 0.2615 0.668 0.06299999999999997 0
0 0.5365 0.668 0.051000000000000045 0
0 0.2065 0.708 0.056999999999999995 0
0 0.47150000000000003 0.708 0.15100000000000002 0
0 0.28049999999999997 0.748 0.05099999999999999 0
0 0.39975 0.7605 0 0.18299999999999994
0 0.519125 0.736 0 0.040000000000000036
0 0.092 0.788 0.046 0
0 0.1465 0.828 0.060999999999999985 0
0 0.2555 0.828 0.087 0
0 0.521 0.8605 0 0.06500000000000006
0 0.157 0.8765000000000001 0 0.049000000000000044
0 0.202875 0.8775 0 0.04700000000000004
0 0.4345 0.868 0.061 0
0 0.523 0.868 0.05400000000000005 0
0 0.265 0.908 0.07199999999999998 0
0 0.317125 0.9804999999999999 0 0.06499999999999995
0 0.486 0.948 0.064 0
0 0.4085 0.988 0.08300000000000002 0
0 0.119 0.4435 0 0.05099999999999999
0 0.159 0.28 0 0.04199999999999998
0 0.159 0.392 0 0.07
0 0.199 0.3235 0 0.131
0 0.199 0.716 0 0.09199999999999997
0 0.239 0.33899999999999997 0 0.16399999999999998
0 0.239 0.84 0 0.04400000000000004
0 0.279 0.41400000000000003 0 0.04799999999999999
0 0.279 0.6435 0 0.051000000000000045
0 0.279 0.84 0 0.04400000000000004
0 0.399 1.0015 0 0.07499999999999996
0 0.439 0.6965 0 0.05499999999999994
0 0.439 0.8295 0 0.04899999999999993
0 0.439 0.9884999999999999 0 0.04899999999999993
0 0.479 0.768 0 0.06600000000000006
0 0.479 0.994 0 0.05799999999999994
0 0.519 0.6565000000000001 0 0.05900000000000005
0 0.559 0.39349999999999996 0 0.07700000000000001
0 0.559 0.6505000000000001 0 0.049000000000000044
1 0.075625 0.647 0.042000744041028604 0.05
1 0.2355 0.688 0.04031128874149274 0.05
1 0.5190625 0.6915 0.030000260415536394 0.05
1 0.1155 0.808 0.04001249804748511 0.05
1 0.1945 0.828 0.035 0.05
1 0.4805 0.868 0.031 0.05
1 0.4425 0.968 0.04019950248448356 0.05
1 0.139 0.413 0.041 0.05
1 0.459 0.7295 0.041484937025383084 0.05
1 0.459 0.7945 0.04019950248448356 0.05
3 0.1875 0.40075000000000005 0.269 0.42550000000000004
3 0.4565 0.40075000000000005 0.26899999999999996 0.42550000000000004
3 0.1875 0.8262499999999999 0.269 0.4254999999999999
3 0.4565 0.8262499999999999 0.26899999999999996 0.4254999999999999