0 0.177125 0.255 0 0.05200000000000002
0 0.2545 0.278 0.05699999999999997 0
0 0.2545 0.318 0.05699999999999997 0
0 0.219875 0.4075 0 0.069
0 0.10149999999999999 0.438 0.167 0
0 0.058 0.10400000000000001 0 0.05
0 0.058 0.3035 0 0.277
0 0.258 0.316 0 0.08399999999999996
1 0.2389375 0.358 0.04096969154143097 0.05
1 0.058 0.147 0.036 0.05
3 0.08424999999999999 0.16975 0.1325 0.1815
3 0.21675 0.16975 0.13249999999999998 0.1815
3 0.08424999999999999 0.35125 0.1325 0.1815
3 0.21675 0.35125 0.13249999999999998 0.1815