0 0.5175 0.3205 0 0.07300000000000001
0 0.6665 0.324 0.9890000000000001 0
0 0.25 0.364 0.15600000000000003 0
0 0.4385 0.3695 0 0.04500000000000004
0 0.5095000000000001 0.364 0.08300000000000002 0
0 0.296 0.404 0.12 0
0 0.5015000000000001 0.404 0.067 0
0 0.784 0.404 0.13 0
0 0.255 0.444 0.17400000000000002 0
0 0.36325 0.4675 0 0.17700000000000005
0 0.55575 0.46799999999999997 0 0.064
0 0.759 0.444 0.07400000000000007 0
0 0.191 0.484 0.045999999999999985 0
0 0.314 0.484 0.11399999999999999 0
0 0.46099999999999997 0.484 0.04199999999999998 0
0 0.5155 0.49150000000000005 0 0.09700000000000003
0 0.7735000000000001 0.484 0.04500000000000004 0
0 0.191 0.524 0.045999999999999985 0
0 0.3075 0.524 0.10099999999999998 0
0 0.484 0.524 0.05199999999999999 0
0 0.761 0.524 0.07800000000000007 0
0 0.3245 0.518 0 0.09199999999999997
0 0.38749999999999996 0.564 0.059 0
0 0.6074999999999999 0.564 0.04300000000000004 0
0 0.8109999999999999 0.604 0.06999999999999995 0
0 0.721 0.706 0 0.124
0 0.878375 0.6505000000000001 0 0.06300000000000006
0 1.07975 0.6485000000000001 0 0.06700000000000006
0 0.8505 0.684 0.621 0
0 0.319 0.7635000000000001 0 0.07900000000000007
0 0.63725 0.6965 0 0.05499999999999994
0 0.1885 0.764 0.04099999999999998 0
0 0.3655 0.764 0.16700000000000004 0
0 0.91675 0.8545 0 0.10099999999999998
0 0.296 0.844 0.256 0
0 0.44525 0.886 0 0.08400000000000007
0 0.07875 0.8734999999999999 0 0.05300000000000005
0 0.1925 0.884 0.04899999999999999 0
0 0.281375 0.9279999999999999 0 0.08799999999999997
0 0.8215 0.924 0.04899999999999993 0
0 0.198 0.964 0.06 0
0 0.389 1.004 0.055999999999999994 0
0 0.32099999999999995 1.044 0.07800000000000001 0
0 0.28150000000000003 1.084 0.227 0
0 0.20125 1.3450000000000002 0 0.53
0 0.39675 1.108 0 0.08600000000000008
0 0.32075 1.1724999999999999 0 0.06299999999999994
0 0.3085 1.244 0.04500000000000004 0
0 0.47775 1.3039999999999998 0 0.1479999999999999
0 0.5971875 1.3405 0 0.2570000000000001
0 0.5105 1.284 0.07100000000000006 0
0 0.754 1.284 0.07000000000000006 0
0 0.35150000000000003 1.364 0.375 0
0 0.738 1.364 0.04600000000000004 0
0 1.049 1.364 0.22399999999999998 0
0 0.185 1.404 0.04199999999999998 0
0 0.5720000000000001 1.404 0.07199999999999995 0
0 0.759 1.376 0 0.05599999999999983
0 0.575 1.444 0.07799999999999996 0
0 0.7455 1.444 0.061000000000000054 0
0 1.049 1.444 0.22399999999999998 0
0 0.175 1.484 0.04200000000000001 0
0 0.319375 1.5315 0 0.08899999999999997
0 0.47675 1.556 0 0.1080000000000001
0 0.244 1.564 0.16 0
0 0.497 1.564 0.07800000000000001 0
0 0.7505 1.564 0.06300000000000006 0
0 0.1875 1.604 0.046999999999999986 0
0 0.923 1.604 0.41600000000000004 0
0 0.197 0.67 0 0.768
0 0.237 0.42000000000000004 0 0.26800000000000007
0 0.277 0.41800000000000004 0 0.26400000000000007
0 0.277 1.369 0 0.10599999999999987
0 0.277 1.5845 0 0.051000000000000156
0 0.317 0.3675 0 0.16300000000000003
0 0.317 0.8825000000000001 0 0.07700000000000007
0 0.317 1.0470000000000002 0 0.04200000000000004
0 0.357 0.8825000000000001 0 0.07700000000000007
0 0.357 1.165 0 0.04200000000000004
0 0.397 0.3085 0 0.04500000000000004
0 0.477 0.32499999999999996 0 0.07800000000000001
0 0.477 0.47900000000000004 0 0.15000000000000002
0 0.557 0.33599999999999997 0 0.10000000000000003
0 0.597 0.5635 0 0.11099999999999999
0 0.717 1.3969999999999998 0 0.21999999999999997
0 0.757 0.515 0 0.07200000000000006
0 0.757 1.299 0 0.052000000000000046
0 0.757 1.4995 0 0.125
0 0.797 0.4445 0 0.309
0 0.797 0.657 0 0.05600000000000005
0 0.797 0.9435 0 0.05699999999999994
0 0.837 0.9135 0 0.11099999999999999
0 0.877 0.307 0 0.04200000000000004
0 0.957 0.48350000000000004 0 0.08100000000000002
0 0.957 0.8525 0 0.04500000000000004
0 1.037 0.4645 0 0.056999999999999995
0 1.077 0.311 0 0.04200000000000004
0 1.157 0.512 0 0.444
0 1.157 1.3250000000000002 0 0.5700000000000001
1 0.41775 0.339 0.04447752241301217 0.05
1 0.45775 0.398 0.040326790102858424 0.05
1 0.576375 0.504 0.04201859707320082 0.05
1 0.2355 0.484 0.043 0.05
1 0.358 0.544 0.04 0.05
1 0.318 0.8235 0.04104875150354759 0.05
1 0.3495 1.024 0.04001249804748511 0.05
1 0.199125 0.948 0.026345065951710957 0.05
1 0.376875 1.1475 0.040361646398530376 0.05
1 0.5375 1.384 0.04011234224026316 0.05
1 0.758 1.4205 0.03306055050963308 0.05
1 0.797 0.614 0.03 0.05
3 0.34931249999999997 0.6154999999999999 0.541125 0.663
3 0.8904375 0.6154999999999999 0.5411250000000001 0.663
3 0.34931249999999997 1.2785 0.541125 0.6630000000000001
3 0.8904375 1.2785 0.5411250000000001 0.6630000000000001