0 2.823 0.665 0.4900000000000002 0
0 1.033 0.885 0.28400000000000003 0
0 2.3335 0.945 0.10499999999999998 0
0 1.0455 1.03 0.13700000000000012 0
0 2.1825 1.07 0.12699999999999978 0
0 1.1175 1.08 0.265 0
0 0.8320000000000001 1.09 0.14400000000000002 0
0 1.415 1.064 0 0.12200000000000011
0 1.93 0.629 0 0.18999999999999995
0 2.29 1.0485 0 0.237
0 2.32 0.9804999999999999 0 0.281
0 2.9875 0.717 0.052999999999999936 0
0 0.9515 0.837 0.050999999999999934 0
0 2.314 0.893 0.09799999999999986 0
0 1.0675 1.005 0.050999999999999934 0
0 1.7435 1.101 0.07299999999999995 0
0 2.3285 1.117 0.10499999999999998 0
0 0.885 0.999 0 0.19199999999999995
2 2.7005 0.665 0.035 0.05
2 2.823 0.665 0.035 0.05
2 2.9455 0.665 0.035 0.05
2 1.033 0.885 0.035 0.05
2 2.29 1.0485 0.035 0.05
2 2.32 0.9805 0.035 0.05
3 1.337 0.69225 1.154 0.3165
3 2.491 0.69225 1.1540000000000001 0.3165
3 1.337 1.00875 1.154 0.3165
3 2.491 1.00875 1.1540000000000001 0.3165