0 0.519 0.2885 0 0.13099999999999998
0 0.95975 0.301 0 0.156
0 1.68025 0.746 0 1.0459999999999998
0 0.4625 0.263 0.08500000000000002 0
0 0.8300000000000001 0.263 0.07399999999999995 0
0 1.040625 0.2895 0 0.05299999999999999
0 2.0385 0.286 0 0.12399999999999997
0 2.16025 0.7464999999999999 0 1.045
0 0.193 0.32999999999999996 0 0.05399999999999999
0 0.6375 0.303 0.35899999999999993 0
0 0.84025 0.3125 0 0.08899999999999997
0 0.9285 0.303 0.10699999999999998 0
0 1.003 0.33399999999999996 0 0.07600000000000001
0 1.0995 0.303 0.05699999999999994 0
0 1.1565 0.3285 0 0.05099999999999999
0 1.402 0.32999999999999996 0 0.05399999999999999
0 1.75878125 0.579 0 0.5660000000000001
0 1.7999375 0.366 0 0.14600000000000002
0 1.99959375 0.36 0 0.134
0 2.12025 0.361 0 0.15000000000000002
0 2.199625 0.3285 0 0.08100000000000002
0 2.3535 0.303 0.07500000000000018 0
0 0.23299999999999998 0.343 0.146 0
0 0.4795 0.343 0.20699999999999996 0
0 0.6375625 0.34199999999999997 0 0.09200000000000003
0 0.6825 0.343 0.04299999999999993 0
0 0.792 0.343 0.040000000000000036 0
0 0.899 0.343 0.04200000000000004 0
0 1.0135 0.343 0.04500000000000004 0
0 1.1365 0.343 0.14100000000000001 0
0 1.3775 0.343 0.11499999999999999 0
0 1.8215 0.343 0.1529999999999998 0
0 1.921375 0.32499999999999996 0 0.068
0 2.074 0.343 0.22599999999999976 0
0 2.272 0.343 0.040000000000000036 0
0 0.402 0.3665 0 0.08899999999999997
0 1.086 0.35250000000000004 0 0.061
0 1.84275 0.41500000000000004 0 0.04799999999999999
0 1.87925 0.3845 0 0.11499999999999999
0 0.20025 0.486 0 0.066
0 0.589 0.543 0.05999999999999994 0
0 1.002 0.543 0.04800000000000004 0
0 1.4064999999999999 0.543 0.04299999999999993 0
0 0.182 0.583 0.043999999999999984 0
0 1.4085 0.583 0.04699999999999993 0
0 2.351 0.583 0.08000000000000007 0
0 0.1815 0.623 0.044999999999999984 0
0 0.47725 0.6445000000000001 0 0.04300000000000004
0 0.5875 0.623 0.06899999999999995 0
0 1.1204999999999998 0.623 0.05899999999999994 0
0 1.415 0.623 0.040000000000000036 0
0 0.5255 0.663 0.16499999999999998 0
0 0.661 0.663 0.04600000000000004 0
0 2.167 0.663 0.040000000000000036 0
0 0.611 0.703 0.13 0
0 0.8825 0.825 0 0.244
0 1.7349999999999999 0.703 0.051999999999999824 0
0 1.87625 0.7150000000000001 0 0.07599999999999996
0 1.91725 0.7410000000000001 0 0.128
0 2.001375 0.7150000000000001 0 0.07599999999999996
0 0.2015 0.743 0.08499999999999999 0
0 1.333 0.743 2.116 0
0 0.1985 0.783 0.07899999999999999 0
0 0.554 0.783 0.08799999999999997 0
0 0.9805 0.783 0.119 0
0 1.338 0.783 0.04600000000000004 0
0 1.577 0.783 0.3700000000000001 0
0 2.128 0.783 0.06599999999999984 0
0 2.32775 0.8035 0 0.040999999999999925
0 0.182 0.823 0.045999999999999985 0
0 0.24025 0.831 0 0.18000000000000005
0 0.6060000000000001 0.823 0.09399999999999997 0
0 0.9944999999999999 0.823 0.05900000000000005 0
0 1.039296875 0.9984999999999999 0 0.5409999999999999
0 1.2585000000000002 0.823 0.06699999999999995 0
0 1.39975 0.8089999999999999 0 0.05799999999999994
0 1.575 0.823 0.040000000000000036 0
0 1.7429999999999999 0.823 0.04200000000000004 0
0 2.0745 0.8065 0 0.04299999999999993
0 0.60475 0.883 0 0.040000000000000036
0 0.6655 0.863 0.05499999999999994 0
0 1.0065 0.863 0.05699999999999994 0
0 1.495 0.863 0.039999999999999813 0
0 1.6635 0.863 0.22299999999999986 0
0 0.20450000000000002 0.903 0.089 0
0 0.598 0.903 0.20799999999999996 0
0 0.9175 0.903 0.11099999999999999 0
0 1.0354999999999999 0.903 0.05899999999999994 0
0 1.6285 0.903 0.15300000000000002 0
0 1.4425 0.943 1.897 0
0 0.8165 0.983 0.06899999999999995 0
0 1.081625 0.98 0 0.07600000000000007
0 1.31825 0.969 0 0.05800000000000005
0 1.5625 0.983 0.4009999999999998 0
0 0.8165 1.023 0.06899999999999995 0
0 1.521 1.023 0.28800000000000003 0
0 1.7355 1.023 0.04299999999999993 0
0 0.1895 1.063 0.061 0
0 1.05 1.063 0.09200000000000008 0
0 1.23 1.063 0.1120000000000001 0
0 1.5219999999999998 1.063 0.26 0
0 1.7389999999999999 1.063 0.050000000000000044 0
0 0.201 1.103 0.08399999999999999 0
0 0.28025 1.127 0 0.09200000000000008
0 0.95975 1.17 0 0.19799999999999995
0 1.068 1.103 0.12399999999999989 0
0 1.4055 1.103 0.08699999999999997 0
0 1.5875 1.103 0.17300000000000004 0
0 1.7945 1.103 0.16100000000000003 0
0 1.0174999999999998 1.143 1.7169999999999999 0
0 2.1475 1.143 0.3769999999999998 0
0 1.0865 1.183 1.165 0
0 2.042625 1.167 0 0.06400000000000006
0 2.083625 1.1724999999999999 0 0.07899999999999996
0 2.12225 1.167 0 0.06800000000000006
0 2.274 1.183 0.23399999999999999 0
0 1.1015 1.223 1.121 0
0 2.274 1.223 0.23399999999999999 0
0 0.595 1.263 0.10799999999999998 0
0 1.0545 1.263 0.7509999999999999 0
0 1.623 1.263 0.15799999999999992 0
0 2.274 1.263 0.23399999999999999 0
0 0.159 0.7905 0 0.10299999999999998
0 0.159 1.042 0 0.2719999999999999
0 0.199 0.607 0 0.10199999999999998
0 0.199 0.76 0 0.04200000000000004
0 0.199 0.8594999999999999 0 0.08100000000000007
0 0.199 1.0845 0 0.20699999999999996
0 0.239 1.1295 0 0.06499999999999995
0 0.279 0.7975 0 0.11299999999999999
0 0.319 1.117 0 0.07600000000000007
0 0.359 0.3435 0 0.04299999999999998
0 0.359 0.484 0 0.07800000000000001
0 0.359 1.1019999999999999 0 0.04600000000000004
0 0.399 1.123 0 0.08800000000000008
0 0.439 0.518 0 0.04800000000000004
0 0.439 0.6565 0 0.14900000000000002
0 0.439 1.1244999999999998 0 0.09099999999999997
0 0.479 0.298 0 0.11199999999999999
0 0.479 0.731 0 0.04600000000000004
0 0.479 1.1244999999999998 0 0.09099999999999997
0 0.519 0.756 0 0.10200000000000009
0 0.519 0.9039999999999999 0 0.11399999999999999
0 0.519 1.1244999999999998 0 0.09099999999999997
0 0.559 0.6034999999999999 0 0.729
0 0.559 1.1635 0 0.21099999999999985
0 0.599 0.278 0 0.07800000000000001
0 0.599 0.714 0 0.20199999999999996
0 0.639 0.683 0 0.11399999999999999
0 0.639 0.8594999999999999 0 0.07700000000000007
0 0.679 0.337 0 0.138
0 0.679 0.8705 0 0.06300000000000006
0 0.679 1.17 0 0.19799999999999995
0 0.719 0.7735 0 0.09099999999999997
0 0.719 1.1745 0 0.07300000000000018
0 0.759 0.4565 0 0.04299999999999998
0 0.759 1.2035 0 0.131
0 0.799 0.298 0 0.118
0 0.799 0.994 0 0.10400000000000009
0 0.799 1.1865 0 0.0970000000000002
0 0.839 0.7829999999999999 0 0.10999999999999999
0 0.839 1.0005 0 0.1529999999999999
0 0.839 1.202 0 0.1339999999999999
0 0.879 0.2965 0 0.147
0 0.879 1.1385 0 0.135
0 0.919 0.29000000000000004 0 0.10200000000000004
0 0.919 1.201 0 0.1359999999999999
0 0.959 0.4585 0 0.08300000000000002
0 0.959 0.8685 0 0.06300000000000006
0 0.999 0.495 0 0.04200000000000004
0 0.999 0.5680000000000001 0 0.039999999999999925
0 0.999 0.685 0 0.134
0 0.999 0.8665 0 0.08500000000000008
0 0.999 1.201 0 0.1359999999999999
0 1.079 0.26849999999999996 0 0.059
0 1.079 1.105 0 0.10000000000000009
0 1.119 0.2885 0 0.13099999999999998
0 1.119 0.6234999999999999 0 0.05300000000000005
0 1.119 1.174 0 0.18999999999999995
0 1.159 0.9714999999999999 0 0.06299999999999994
0 1.159 1.2035 0 0.131
0 1.199 1.0430000000000001 0 0.05800000000000005
0 1.199 1.1595 0 0.04300000000000015
0 1.199 1.2445 0 0.04899999999999993
0 1.239 1.193 0 0.1519999999999999
0 1.279 1.1945000000000001 0 0.1489999999999998
0 1.319 0.7855 0 0.11499999999999999
0 1.359 0.7835 0 0.11099999999999999
0 1.359 1.173 0 0.08000000000000007
0 1.399 1.1005 0 0.33699999999999986
0 1.439 0.7165 0 0.07299999999999995
0 1.439 0.812 0 0.05799999999999994
0 1.439 0.9610000000000001 0 0.10999999999999999
0 1.439 1.097 0 0.08400000000000007
0 1.479 0.7315 0 0.04300000000000004
0 1.479 0.9545 0 0.05499999999999994
0 1.479 1.1320000000000001 0 0.039999999999999813
0 1.519 0.765 0 0.16999999999999993
0 1.519 0.9279999999999999 0 0.05399999999999994
0 1.559 0.8285 0 0.29699999999999993
0 1.599 0.8015000000000001 0 0.249
0 1.599 1.1595 0 0.04300000000000015
0 1.639 0.805 0 0.256
0 1.639 1.0895 0 0.253
0 1.719 0.8414999999999999 0 0.20099999999999996
0 1.719 1.052 0 0.1120000000000001
0 1.759 0.9299999999999999 0 0.04799999999999993
0 1.759 1.0715 0 0.15100000000000002
0 1.799 1.146 0 0.1100000000000001
0 1.839 0.3275 0 0.069
0 1.839 1.1644999999999999 0 0.06299999999999994
0 1.879 1.1245 0 0.15300000000000002
0 1.959 0.316 0 0.050000000000000044
0 1.959 1.1655 0 0.07100000000000017
0 1.999 1.096 0 0.1060000000000001
0 2.079 0.3265 0 0.07100000000000001
0 2.119 0.765 0 0.08400000000000007
0 2.199 0.5455 0 0.06699999999999995
0 2.199 1.1905000000000001 0 0.1569999999999998
0 2.239 0.31599999999999995 0 0.055999999999999994
0 2.239 0.5465 0 0.052999999999999936
0 2.239 0.9275 0 0.04299999999999993
0 2.279 0.32499999999999996 0 0.07400000000000001
0 2.279 0.5529999999999999 0 0.06599999999999995
0 2.279 1.201 0 0.1359999999999999
0 2.319 0.5605 0 0.050999999999999934
0 2.359 0.3235 0 0.07100000000000001
0 2.359 0.41700000000000004 0 0.045999999999999985
0 2.359 0.5515 0 0.06299999999999994
0 2.359 0.8915 0 0.10499999999999998
1 0.959375 0.398 0.038007400595147255 0.05
1 0.871 0.283 0.040792156108742275 0.05
1 1.0218125 0.306 0.04261033472058157 0.05
1 1.758890625 0.884 0.04400054376439569 0.05
1 0.61828125 0.3135 0.04390975297414004 0.05
1 1.840875 0.366 0.029241451742346856 0.05
1 0.199625 0.5375 0.03702110884346929 0.05
1 0.478125 0.687 0.0420364425231251 0.05
1 0.63 0.643 0.04308131845707603 0.05
1 0.2595 0.743 0.031 0.05
1 1.3765 0.783 0.031 0.05
1 2.343375 0.8315 0.03466356155965512 0.05
1 0.6455 0.843 0.04272001872658766 0.05
1 0.9485 0.883 0.04031128874149274 0.05
1 1.5335 0.863 0.037 0.05
1 1.0803125 1.0365 0.037092999676488825 0.05
1 1.694 1.103 0.04 0.05
1 0.664 1.263 0.03 0.05
1 0.179 0.9985 0.04044749683231337 0.05
1 0.199 0.8 0.038 0.05
1 0.439 0.562 0.04 0.05
1 0.519 0.827 0.04 0.05
1 0.699 0.815 0.044721359549995794 0.05
1 0.859 1.074 0.04044749683231337 0.05
1 0.999 0.532 0.032 0.05
1 0.999 0.603 0.03 0.05
1 1.179 1.0085 0.041484937025383084 0.05
1 1.199 1.2005 0.039 0.05
1 1.439 0.768 0.03 0.05
1 1.439 1.0355 0.039 0.05
1 1.639 0.948 0.03 0.05
1 1.759 0.975 0.042 0.05
1 1.979 1.122 0.04428317965096906 0.05
1 2.359 0.3765 0.035 0.05
3 0.717 0.4845 1.1159999999999999 0.523
3 1.833 0.4845 1.116 0.523
3 0.717 1.0074999999999998 1.1159999999999999 0.5229999999999999
3 1.833 1.0074999999999998 1.116 0.5229999999999999