0 0.414875 0.2485 0 0.06300000000000003
0 0.141375 0.2495 0 0.06499999999999997
0 0.4285 0.257 0.08099999999999996 0
0 0.579 0.2485 0 0.06300000000000003
0 0.2885 0.537 0.07300000000000001 0
0 0.33999999999999997 0.657 0.06 0
0 0.0895 0.857 0.05500000000000001 0
0 0.174125 0.8585 0 0.04300000000000004
0 0.335 0.8785000000000001 0 0.04300000000000004
0 0.57875 0.849 0 0.06000000000000005
0 0.818 0.856 0 0.07400000000000007
0 0.17225 1.0390000000000001 0 0.20399999999999996
0 0.698 1.017 0.32399999999999995 0
0 0.73875 1.0755 0 0.123
0 0.126 1.097 0.106 0
0 0.6745 1.097 0.371 0
0 0.15 1.137 0.186 0
0 0.7535000000000001 1.137 0.05900000000000005 0
0 0.20450000000000002 1.177 0.04100000000000001 0
0 0.097 0.5425 0 0.643
0 0.137 1.0265 0 0.265
0 0.217 0.244 0 0.04600000000000001
0 0.217 1.1684999999999999 0 0.123
0 0.257 0.244 0 0.04600000000000001
0 0.257 0.5965 0 0.125
0 0.297 0.243 0 0.048000000000000015
0 0.337 0.243 0 0.048000000000000015
0 0.377 0.243 0 0.048000000000000015
0 0.377 0.6295 0 0.08500000000000008
0 0.457 1.1185 0 0.040999999999999925
0 0.497 1.0825 0 0.06099999999999994
0 0.537 0.9705 0 0.27100000000000013
0 0.577 1.141 0 0.17799999999999994
0 0.657 1.0345 0 0.09500000000000008
0 0.697 1.0525 0 0.07699999999999996
0 0.777 0.856 0 0.07400000000000007
1 0.1555625 0.887 0.03967701633187657 0.05
1 0.477 1.0955 0.04272001872658766 0.05
3 0.25775000000000003 0.47025 0.4015 0.5065000000000001
3 0.65925 0.47025 0.40149999999999997 0.5065000000000001
3 0.25775000000000003 0.97675 0.4015 0.5065
3 0.65925 0.97675 0.40149999999999997 0.5065