0 0.10125 0.26749999999999996 0 0.061
0 0.296 0.264 0 0.05399999999999999
0 0.5065 0.265 0 0.055999999999999994
0 0.78625 0.26549999999999996 0 0.056999999999999995
0 0.465 0.277 0.814 0
0 0.1665 0.317 0.21700000000000003 0
0 0.5865 0.29200000000000004 0 0.04999999999999999
0 0.654 0.29300000000000004 0 0.04799999999999999
0 0.152 0.357 0.188 0
0 0.1565 0.397 0.197 0
0 0.297125 0.405 0 0.05199999999999999
0 0.2425 0.437 0.157 0
0 0.102 0.477 0.088 0
0 0.06025 0.7195 0 0.965
0 0.28 0.517 0.08600000000000002 0
0 0.2515 0.557 0.11699999999999999 0
0 0.435 0.557 0.05600000000000005 0
0 0.728 0.557 0.05400000000000005 0
0 0.2965 0.5974999999999999 0 0.04300000000000004
0 0.6285000000000001 0.597 0.06900000000000006 0
0 0.112 0.637 0.10800000000000001 0
0 0.18125 0.6865 0 0.04899999999999993
0 0.28300000000000003 0.677 0.08400000000000002 0
0 0.495 0.677 0.13999999999999996 0
0 0.377625 0.6995 0 0.040999999999999925
0 0.37878125 0.813 0 0.11199999999999999
0 0.817 0.757 0.10999999999999999 0
0 0.271 0.797 0.426 0
0 0.6970000000000001 0.797 0.09799999999999998 0
0 0.157 0.837 0.09399999999999999 0
0 0.2575 0.8145 0 0.07899999999999996
0 0.76 0.837 0.22399999999999998 0
0 0.442 0.877 0.10399999999999998 0
0 0.77425 0.856 0 0.04200000000000004
0 0.46399999999999997 0.957 0.05199999999999999 0
0 0.644 0.957 0.07400000000000007 0
0 0.41775 1.099 0 0.2360000000000001
0 0.45399999999999996 1.037 0.07600000000000001 0
0 0.257 1.197 0.28200000000000003 0
0 0.569 1.197 0.17400000000000004 0
0 0.779 1.197 0.18599999999999994 0
0 0.651 1.237 0.05400000000000005 0
0 0.5735 1.277 0.17100000000000004 0
0 0.5105 1.317 0.04500000000000004 0
0 0.098 0.4535 0 0.069
0 0.138 0.2865 0 0.04299999999999998
0 0.138 0.6639999999999999 0 0.05799999999999994
0 0.138 0.8465 0 0.04500000000000004
0 0.178 0.39 0 0.043999999999999984
0 0.178 0.7865 0 0.06499999999999995
0 0.218 0.34650000000000003 0 0.203
0 0.218 0.8474999999999999 0 0.04700000000000004
0 0.218 1.2185000000000001 0 0.06299999999999994
0 0.258 0.47350000000000003 0 0.41700000000000004
0 0.298 0.533 0 0.040000000000000036
0 0.298 0.7090000000000001 0 0.06399999999999995
0 0.338 0.267 0 0.06
0 0.538 1.2655 0 0.16500000000000004
0 0.578 0.4465 0 0.046999999999999986
0 0.578 0.6545 0 0.07899999999999996
0 0.578 1.2685 0 0.15900000000000003
0 0.618 1.178 0 0.06000000000000005
0 0.658 1.0015 0 0.11099999999999999
0 0.658 1.244 0 0.1299999999999999
0 0.698 0.8265 0 0.05499999999999994
1 0.1895 0.457 0.043863424398922615 0.05
1 0.179625 0.7325 0.043122644863227026 0.05
1 0.378203125 0.7385 0.037018061997658655 0.05
1 0.76 0.777 0.04308131845707603 0.05
1 0.671 1.197 0.03 0.05
1 0.748 1.217 0.040792156108742275 0.05
1 0.158 0.8115 0.04031128874149274 0.05
1 0.278 0.6795 0.04031128874149274 0.05
1 0.598 1.248 0.04428317965096906 0.05
3 0.2615 0.51475 0.40700000000000003 0.5555
3 0.6685 0.51475 0.407 0.5555
3 0.2615 1.0702500000000001 0.40700000000000003 0.5555000000000001
3 0.6685 1.0702500000000001 0.407 0.5555000000000001