0 0.02025 0.2815 0 0.39499999999999996
0 0.0645 0.244 0.093 0
0 0.157 0.284 0.05199999999999999 0
0 0.21675 0.35 0 0.134
0 0.247 0.364 0.06600000000000003 0
0 0.14900000000000002 0.404 0.262 0
0 0.2555 0.444 0.049000000000000016 0
0 0.058 0.2485 0 0.05100000000000002
0 0.258 0.20750000000000002 0 0.08299999999999999
0 0.258 0.384 0 0.04799999999999999
1 0.121 0.264 0.044721359549995794 0.05
3 0.08349999999999999 0.18275 0.131 0.19749999999999995
3 0.21450000000000002 0.18275 0.13100000000000003 0.19749999999999995
3 0.08349999999999999 0.38025 0.131 0.1975
3 0.21450000000000002 0.38025 0.13100000000000003 0.1975