0 0.69 0.485 0.41800000000000004 0
0 0.9435 0.49 0.10499999999999998 0
0 0.695 0.297 0 0.28200000000000003
0 0.726 0.477 0.06400000000000006 0
0 0.635 0.661 0.052000000000000046 0
2 0.6203333333333333 0.485 0.035 0.05
2 0.7596666666666666 0.485 0.035 0.05
3 0.60975 0.28225 0.25750000000000006 0.25249999999999995
3 0.8672500000000001 0.28225 0.25749999999999995 0.25249999999999995
3 0.60975 0.5347500000000001 0.25750000000000006 0.25250000000000006
3 0.8672500000000001 0.5347500000000001 0.25749999999999995 0.25250000000000006