0 0.24250000000000002 0.285 0.451 0
0 0.035 0.1985 0 0.279
0 0.58 0.1345 0 0.153
0 0.1205 0.285 0.17099999999999999 0
0 0.1205 0.309 0.17099999999999999 0
0 0.1215 0.333 0.16899999999999998 0
0 0.242 0.813 0.246 0
0 0.2365 0.829 0.06300000000000003 0
0 0.16499999999999998 1.053 0.086 0
0 0.3335 1.053 0.063 0
0 0.053 0.21300000000000002 0 0.24600000000000002
0 0.061 0.31 0 0.052000000000000046
0 0.085 0.31 0 0.052000000000000046
0 0.109 0.3695 0 0.17100000000000004
0 0.141 0.3105 0 0.05300000000000005
0 0.165 0.3105 0 0.05300000000000005
0 0.189 0.31 0 0.052000000000000046
0 0.349 1.0270000000000001 0 0.07400000000000007
0 0.357 0.8495 0 0.07499999999999996
0 0.533 0.3095 0 0.05300000000000005
0 0.557 0.40349999999999997 0 0.065
0 0.557 0.786 0 0.05999999999999994
1 0.545 0.3535 0.04243819034784589 0.05
2 0.035 0.1985 0.035 0.05
3 0.15775 0.30950000000000005 0.2815 0.503
3 0.43925 0.30950000000000005 0.2815 0.503
3 0.15775 0.8125 0.2815 0.503
3 0.43925 0.8125 0.2815 0.503