0 0.7075 0.79 0.127 0
0 0.075 0.5835 0 0.11499999999999999
0 0.505 0.563 0 0.17400000000000004
0 0.675 0.257 0 0.13
0 0.0755 0.277 0.115 0
0 0.40800000000000003 0.293 0.05399999999999999 0
0 0.0985 0.301 0.069 0
0 0.6475 0.301 0.05700000000000005 0
0 0.673 0.869 0.05999999999999994 0
0 0.14049999999999999 0.877 0.06899999999999999 0
0 0.32099999999999995 0.885 0.05199999999999999 0
0 0.44399999999999995 0.885 0.07200000000000001 0
0 0.5965 0.893 0.06899999999999995 0
0 0.053 0.6825 0 0.05699999999999994
0 0.061 0.4445 0 0.08699999999999997
0 0.061 0.5935 0 0.08299999999999996
0 0.061 0.7435 0 0.08700000000000008
0 0.413 0.16649999999999998 0 0.247
0 0.501 0.5885 0 0.07699999999999996
0 0.565 0.768 0 0.09999999999999998
1 0.064 0.6475 0.025553864678361276 0.05
1 0.068 0.521 0.04049691346263317 0.05
1 0.6325 0.881 0.02683281572999748 0.05
3 0.20625000000000002 0.2555 0.3765 0.42500000000000004
3 0.58275 0.2555 0.3765 0.42500000000000004
3 0.20625000000000002 0.6805 0.3765 0.425
3 0.58275 0.6805 0.3765 0.425