0 0.65625 0.38 0 0.128
0 0.57275 0.36 0 0.066
0 0.716 0.556 0.134 0
0 0.7375 0.7224999999999999 0 0.253
0 0.7025 0.636 0.07699999999999996 0
0 0.61675 0.7645 0 0.09699999999999998
0 0.7455 0.796 0.16299999999999992 0
0 0.704 0.836 0.09199999999999997 0
0 0.8055 0.836 0.04299999999999993 0
0 0.28850000000000003 0.876 0.467 0
0 0.7325 0.876 0.14300000000000002 0
0 0.05675 0.9035 0 0.05900000000000005
0 0.133 0.916 0.05 0
0 0.181 0.892 0 0.04800000000000004
0 0.48350000000000004 0.916 0.07700000000000001 0
0 0.133 0.956 0.05 0
0 0.356 0.956 0.043999999999999984 0
0 0.593 0.956 0.050000000000000044 0
0 0.6859999999999999 0.956 0.04399999999999993 0
0 0.2795 0.996 0.449 0
0 0.6125 0.996 0.14900000000000002 0
0 0.056 1.159 0 0.3420000000000001
0 0.0925 1.024 0 0.07200000000000006
0 0.17500000000000002 1.036 0.116 0
0 0.30225 1.0135 0 0.04500000000000004
0 0.4945 1.0150000000000001 0 0.04200000000000004
0 0.73525 1.0465 0 0.08099999999999996
0 0.0925 1.1445 0 0.137
0 0.175 1.1484999999999999 0 0.33299999999999996
0 0.21075 1.0545 0 0.04300000000000015
0 0.40700000000000003 1.076 0.043999999999999984 0
0 0.45425 1.125 0 0.12199999999999989
0 0.5885 1.076 0.04700000000000004 0
0 0.744 1.076 0.16599999999999993 0
0 0.11699999999999999 1.116 0.124 0
0 0.4445 1.116 0.04700000000000004 0
0 0.44599999999999995 1.156 0.04999999999999999 0
0 0.499 1.177 0 0.04200000000000004
0 0.6950000000000001 1.156 0.061999999999999944 0
0 0.132 1.196 0.154 0
0 0.09325 1.2785 0 0.08499999999999996
0 0.213625 1.26 0 0.10400000000000009
0 0.53625 1.2770000000000001 0 0.08200000000000007
0 0.554 1.276 0.11599999999999999 0
0 0.441 1.316 0.7719999999999999 0
0 0.7339375 1.359 0 0.1160000000000001
0 0.30800000000000005 1.516 0.055999999999999994 0
0 0.35450000000000004 1.556 0.05299999999999999 0
0 0.3345 1.596 0.129 0
0 0.135 0.8125 0 0.9929999999999999
0 0.295 0.9035 0 0.06500000000000006
0 0.335 0.9455 0 0.14900000000000002
0 0.335 1.5135 0 0.05899999999999994
0 0.375 0.974 0 0.07399999999999984
0 0.375 1.521 0 0.07999999999999985
0 0.415 0.971 0 0.06799999999999984
0 0.455 0.9065 0 0.07099999999999995
0 0.495 0.902 0 0.062000000000000055
0 0.575 1.296 0 0.04400000000000004
0 0.615 0.9875 0 0.06500000000000006
0 0.655 1.206 0 0.06800000000000006
0 0.695 0.833 0 0.10399999999999998
0 0.775 0.8240000000000001 0 0.09799999999999998
0 0.775 0.938 0 0.04399999999999993
0 0.815 0.8194999999999999 0 0.41899999999999993
1 0.767 0.836 0.034 0.05
1 0.521 0.996 0.034 0.05
1 0.318625 0.9535 0.043744285341059126 0.05
1 0.425 1.096 0.040792156108742275 0.05
1 0.332 1.536 0.040792156108742275 0.05
1 0.435 0.938 0.04031128874149274 0.05
3 0.248 0.636 0.386 0.6399999999999999
3 0.634 0.636 0.38599999999999995 0.6399999999999999
3 0.248 1.276 0.386 0.6400000000000001
3 0.634 1.276 0.38599999999999995 0.6400000000000001