0 0.6295 0.355 0.39899999999999997 0
0 0.4225 0.415 0.23300000000000004 0
0 0.31 0.58 0.456 0
0 1.28 0.17900000000000002 0 0.19
0 0.6325000000000001 0.221 0.06300000000000006 0
0 0.6325000000000001 0.285 0.06300000000000006 0
0 0.5780000000000001 0.357 0.05399999999999994 0
0 0.7889999999999999 0.357 0.05399999999999994 0
0 0.1495 0.573 0.073 0
0 0.653 0.185 0 0.062
0 0.669 0.7765 0 0.09099999999999997
0 1.285 0.21250000000000002 0 0.091
2 0.4225 0.415 0.035 0.05
2 0.196 0.58 0.035 0.05
2 0.31 0.58 0.035 0.05
2 0.424 0.58 0.035 0.05
2 1.28 0.179 0.035 0.05
3 0.38275 0.2685 0.6015 0.369
3 0.98425 0.2685 0.6014999999999999 0.369
3 0.38275 0.6375 0.6015 0.36899999999999994
3 0.98425 0.6375 0.6014999999999999 0.36899999999999994