0 2.6625 0.415 0.1509999999999998 0
0 2.813 0.415 0.07200000000000006 0
0 3.553 0.455 0.05799999999999983 0
0 1.18 0.495 0.04400000000000004 0
0 3.534 0.493 0 0.08000000000000002
0 0.7885 0.535 0.5409999999999999 0
0 1.089125 0.5994999999999999 0 0.19099999999999995
0 1.6835 0.535 0.829 0
0 2.32975 0.659 0 0.26
0 3.01025 0.618 0 0.22999999999999998
0 3.403 0.535 0.7199999999999998 0
0 0.5505 0.575 0.06699999999999995 0
0 0.877 0.575 0.04400000000000004 0
0 0.969875 0.602 0 0.19599999999999995
0 1.45 0.575 0.254 0
0 1.81825 0.54 0 0.06999999999999995
0 2.0694999999999997 0.575 0.06499999999999995 0
0 3.0324999999999998 0.575 0.04700000000000015 0
0 3.0895 0.5385 0 0.07299999999999995
0 3.215 0.5385 0 0.07299999999999995
0 3.40525 0.5385 0 0.07299999999999995
0 3.673 0.575 0.17999999999999972 0
0 0.5505 0.615 0.06699999999999995 0
0 0.92925 0.629 0 0.04200000000000004
0 1.066 0.615 0.06000000000000005 0
0 2.0535 0.615 0.08300000000000018 0
0 3.0324999999999998 0.615 0.04500000000000037 0
0 0.5415 0.655 0.04899999999999993 0
0 1.553 0.655 0.04400000000000004 0
0 3.1785 0.655 0.051000000000000156 0
0 3.6215 0.655 0.07499999999999973 0
0 0.8505 0.695 0.669 0
0 1.3775 0.695 0.040999999999999925 0
0 1.4498125 0.7110000000000001 0 0.08799999999999997
0 2.05 0.695 0.07200000000000006 0
0 3.032 0.695 0.04400000000000004 0
0 3.613 0.695 0.04800000000000004 0
0 3.6896875 0.71 0 0.08799999999999997
0 0.5445 0.735 0.05499999999999994 0
0 1.5525 0.735 0.040999999999999925 0
0 2.0700000000000003 0.735 0.06600000000000028 0
0 3.035 0.735 0.04800000000000004 0
0 3.186 0.735 0.04999999999999982 0
0 0.544 0.775 0.05599999999999994 0
0 1.367875 0.7735000000000001 0 0.041000000000000036
0 1.45065625 0.8495 0 0.14900000000000002
0 1.5514999999999999 0.775 0.07499999999999996 0
0 2.0505 0.775 0.07099999999999973 0
0 2.8765 0.775 0.07299999999999995 0
0 3.0285 0.775 0.05899999999999972 0
0 3.648 0.7715000000000001 0 0.04500000000000004
0 3.692375 0.806 0 0.061999999999999944
0 0.52475 0.6479999999999999 0 0.33399999999999996
0 0.6904375 0.8445 0 0.119
0 1.4489999999999998 0.815 0.04200000000000004 0
0 1.5554999999999999 0.815 0.04500000000000015 0
0 2.09625 0.6475 0 0.33499999999999996
0 3.0324999999999998 0.815 0.042999999999999705 0
0 3.289125 0.8325 0 0.04499999999999993
0 0.48725 0.872 0 0.05400000000000005
0 0.8875 0.8755 0 0.041000000000000036
0 1.553 0.855 0.040000000000000036 0
0 3.035 0.855 0.04599999999999982 0
0 1.5539999999999998 0.895 0.04200000000000004 0
0 2.002 0.895 0.1259999999999999 0
0 3.0345 0.895 0.04499999999999993 0
0 3.0345 0.935 0.04499999999999993 0
0 3.2895625 0.9555 0 0.09699999999999998
0 2.0965 1.1815 0 0.4129999999999999
0 3.0365 0.975 0.04700000000000015 0
0 0.5325 1.015 0.08499999999999996 0
0 2.0919999999999996 1.015 0.08599999999999985 0
0 2.8760000000000003 1.015 0.06999999999999984 0
0 3.027 1.015 0.053999999999999826 0
0 3.2885 1.0575 0 0.08500000000000019
0 0.544 1.055 0.05799999999999994 0
0 1.6035 1.055 0.05899999999999994 0
0 1.701 1.055 0.07000000000000006 0
0 2.0694999999999997 1.055 0.040999999999999925 0
0 3.013 1.0345 0 0.040999999999999925
0 3.05003125 1.1245 0 1.245
0 3.3145 1.055 0.09899999999999975 0
0 0.645 1.095 0.09399999999999997 0
0 0.7889999999999999 1.095 0.09399999999999997 0
0 0.9315 1.095 0.09099999999999997 0
0 1.5495 1.095 0.04500000000000015 0
0 2.0780000000000003 1.095 0.058000000000000274 0
0 0.542 1.135 0.05599999999999994 0
0 0.691 1.1355 0 0.11299999999999999
0 1.486 1.135 0.25 0
0 2.0625 1.135 0.057000000000000384 0
0 2.80925 1.156 0 0.05600000000000005
0 3.3695000000000004 1.135 0.08899999999999997 0
0 0.5425 1.175 0.05699999999999994 0
0 0.7325 1.2075 0 0.06499999999999995
0 1.4515625 1.2109999999999999 0 0.07999999999999985
0 1.5835 1.175 0.05700000000000016 0
0 2.069 1.175 0.07000000000000028 0
0 3.60875 1.185 0 0.04200000000000004
0 3.648 1.1985000000000001 0 0.04699999999999993
0 3.73175 1.2000000000000002 0 0.050000000000000044
0 0.5725 1.4005 0 0.40900000000000003
0 0.770625 1.46 0 0.56
0 1.36925 1.2245 0 0.07899999999999996
0 1.49075 1.2345 0 0.052999999999999936
0 1.5459999999999998 1.215 0.04200000000000004 0
0 2.061 1.215 0.05400000000000027 0
0 1.162 1.255 0.07800000000000007 0
0 1.409 1.267 0 0.07800000000000007
0 1.8185 1.255 0.581 0
0 3.4160000000000004 1.255 0.19799999999999995 0
0 0.891 1.295 0.05600000000000005 0
0 1.44875 1.3159999999999998 0 0.04200000000000004
0 1.48725 1.3215 0 0.05300000000000016
0 2.00975 1.379 0 0.278
0 2.0625 1.295 0.05900000000000016 0
0 3.0380000000000003 1.295 0.050000000000000266 0
0 1.971 1.335 0.276 0
0 3.0389999999999997 1.335 0.050000000000000266 0
0 1.57775 1.341 0 0.1459999999999999
0 1.84875 1.3860000000000001 0 0.05800000000000005
0 1.9580000000000002 1.375 0.04200000000000004 0
0 2.062 1.375 0.05600000000000005 0
0 2.80975 1.439 0 0.17199999999999993
0 3.038 1.375 0.04800000000000004 0
0 3.545 1.375 0.33999999999999986 0
0 1.6444999999999999 1.415 0.18300000000000005 0
0 1.77125 1.397 0 0.06000000000000005
0 1.813 1.4015 0 0.06699999999999995
0 3.1245000000000003 1.415 0.21899999999999986 0
0 0.36875 1.52 0 0.1419999999999999
0 1.7025000000000001 1.455 0.05899999999999994 0
0 1.891 1.474 0 0.1280000000000001
0 1.932375 1.476 0 0.05799999999999983
0 1.969 1.4729999999999999 0 0.05400000000000005
0 3.037 1.455 0.04400000000000004 0
0 1.8645 1.495 0.3810000000000002 0
0 0.5735 1.535 0.04699999999999993 0
0 0.8445 1.535 0.15300000000000002 0
0 1.064 1.535 0.06800000000000006 0
0 1.7810000000000001 1.535 0.10399999999999987 0
0 2.0695 1.575 0.04300000000000015 0
0 2.809875 1.6455000000000002 0 0.15900000000000003
0 3.0404999999999998 1.575 0.04899999999999993 0
0 1.933125 1.6139999999999999 0 0.050000000000000044
0 3.04 1.615 0.04999999999999982 0
0 0.5429999999999999 1.655 0.061999999999999944 0
0 1.8085 1.706 0 0.10199999999999987
0 2.0055 1.655 0.08499999999999996 0
0 3.0389999999999997 1.655 0.04599999999999982 0
0 0.5429999999999999 1.695 0.061999999999999944 0
0 1.808 1.695 0.05600000000000005 0
0 2.077 1.695 0.041999999999999815 0
0 3.036 1.695 0.040000000000000036 0
0 3.4125 1.7225000000000001 0 0.05499999999999994
0 0.548 1.735 0.07199999999999995 0
0 0.6519999999999999 1.735 0.07599999999999996 0
0 0.7855 1.735 0.09299999999999997 0
0 1.029 1.735 0.05800000000000005 0
0 1.5975 1.735 1.017 0
0 3.2595 1.735 0.41500000000000004 0
0 3.7015000000000002 1.735 0.12299999999999978 0
0 0.892 1.775 0.808 0
0 1.76875 1.7485 0 0.052999999999999936
0 1.8965 1.748 0 0.053999999999999826
0 1.9295 1.7485 0 0.052999999999999936
0 3.32675 1.748 0 0.053999999999999826
0 3.65825 1.751 0 0.04799999999999982
0 1.391 1.815 1.4100000000000001 0
0 3.548 1.815 0.1639999999999997 0
0 1.3335 1.8639999999999999 0 0.05800000000000005
0 1.2505000000000002 1.895 0.04699999999999993 0
0 3.543 1.895 0.06800000000000006 0
0 0.645 1.935 0.268 0
0 0.8634999999999999 1.935 0.05900000000000005 0
0 0.9315 1.9340000000000002 0 0.05800000000000005
0 1.359 1.975 1.4779999999999998 0
0 1.01075 2.0250000000000004 0 0.06000000000000005
0 3.387 2.015 0.14400000000000013 0
0 1.048375 2.0469999999999997 0 0.058000000000000274
0 3.411 2.055 0.08399999999999963 0
0 0.581 2.095 0.14 0
0 1.2919999999999998 2.135 1.5639999999999998 0
0 3.37175 1.987 0 0.534
0 1.558 2.175 0.1339999999999999 0
0 2.0425 2.175 0.08900000000000019 0
0 1.57125 2.2715 0 0.16500000000000004
0 0.5495 2.255 0.129 0
0 1.0455 2.255 0.061000000000000165 0
0 1.28775 2.2525000000000004 0 0.05699999999999994
0 1.5670000000000002 2.255 0.04600000000000004 0
0 1.6115 2.2475 0 0.051000000000000156
0 2.763 2.255 0.053999999999999826 0
0 3.2954999999999997 2.255 0.935 0
0 1.3155000000000001 2.295 0.5549999999999999 0
0 0.49 1.4355 0 0.052999999999999936
0 0.53 1.1155 0 0.2670000000000001
0 0.53 1.7029999999999998 0 0.19599999999999995
0 0.53 2.187 0 0.20999999999999996
0 0.57 0.839 0 0.6699999999999999
0 0.57 1.749 0 0.04600000000000004
0 0.61 0.527 0 0.04800000000000004
0 0.61 1.7445 0 0.06499999999999995
0 0.65 0.5265 0 0.04700000000000004
0 0.65 1.5095 0 0.04699999999999993
0 0.69 0.5349999999999999 0 0.06399999999999995
0 0.69 1.509 0 0.04600000000000004
0 0.73 0.5315000000000001 0 0.05500000000000005
0 0.73 1.4954999999999998 0 0.07099999999999995
0 0.77 0.5265 0 0.04500000000000004
0 0.77 2.082 0 0.08000000000000007
0 0.81 0.525 0 0.040000000000000036
0 0.81 1.809 0 0.08000000000000007
0 0.81 2.0705 0 0.10299999999999976
0 0.85 0.5255000000000001 0 0.041000000000000036
0 0.85 1.706 0 0.05800000000000005
0 0.85 2.0715000000000003 0 0.05699999999999994
0 0.89 0.5595 0 0.10899999999999999
0 0.89 1.707 0 0.06000000000000005
0 0.89 2.25 0 0.04999999999999982
0 0.93 0.525 0 0.04200000000000004
0 0.93 0.7695000000000001 0 0.05500000000000005
0 0.93 1.7065000000000001 0 0.05899999999999994
0 0.97 1.7065000000000001 0 0.05899999999999994
0 1.01 0.5395 0 0.07099999999999995
0 1.01 1.7035 0 0.05500000000000016
0 1.01 2.249 0 0.04999999999999982
0 1.05 0.5275 0 0.09299999999999997
0 1.05 1.7395 0 0.127
0 1.05 2.2720000000000002 0 0.052000000000000046
0 1.09 1.7405 0 0.05899999999999994
0 1.13 1.7485 0 0.050999999999999934
0 1.25 0.531 0 0.05400000000000005
0 1.25 1.8085 0 0.08099999999999996
0 1.25 1.911 0 0.06000000000000005
0 1.33 0.5415 0 0.07499999999999996
0 1.37 0.611 0 0.21399999999999997
0 1.37 1.8065 0 0.07900000000000018
0 1.41 0.5395 0 0.07499999999999996
0 1.41 0.7725 0 0.049000000000000044
0 1.41 0.8525 0 0.049000000000000044
0 1.41 1.7465 0 0.052999999999999936
0 1.41 2.2515 0 0.05699999999999994
0 1.45 0.5349999999999999 0 0.06599999999999995
0 1.45 1.7465 0 0.052999999999999936
0 1.49 0.5365 0 0.07099999999999995
0 1.49 0.8335 0 0.09099999999999997
0 1.49 1.1524999999999999 0 0.04699999999999993
0 1.49 1.7454999999999998 0 0.050999999999999934
0 1.49 2.2504999999999997 0 0.05699999999999994
0 1.53 0.544 0 0.08599999999999997
0 1.53 0.7515000000000001 0 0.08900000000000008
0 1.53 0.894 0 0.04600000000000004
0 1.53 1.249 0 0.32800000000000007
0 1.53 1.74 0 0.040000000000000036
0 1.53 2.2515 0 0.05900000000000016
0 1.57 0.5175000000000001 0 0.07500000000000007
0 1.57 1.7595 0 0.125
0 1.57 2 0 0.15000000000000013
0 1.57 2.1365 0 0.05699999999999994
0 1.61 1.1920000000000002 0 0.16799999999999993
0 1.65 0.533 0 0.05600000000000005
0 1.65 1.751 0 0.062000000000000055
0 1.65 2.247 0 0.04999999999999982
0 1.69 0.531 0 0.050000000000000044
0 1.69 1.484 0 0.06999999999999984
0 1.73 1.5075 0 0.5329999999999999
0 1.73 2.249 0 0.04999999999999982
0 1.77 0.525 0 0.040000000000000036
0 1.77 1.5405 0 0.052999999999999936
0 1.77 2.248 0 0.050000000000000266
0 1.81 1.4985 0 0.05699999999999994
0 1.81 2.248 0 0.050000000000000266
0 1.85 0.533 0 0.05600000000000005
0 1.85 1.7215 0 0.07699999999999996
0 1.85 2.248 0 0.050000000000000266
0 1.89 0.525 0 0.040000000000000036
0 1.89 1.3135 0 0.14700000000000002
0 1.89 2.2475 0 0.051000000000000156
0 1.93 0.5245 0 0.041000000000000036
0 1.93 0.655 0 0.122
0 1.97 0.5469999999999999 0 0.08599999999999997
0 1.97 0.7404999999999999 0 0.041000000000000036
0 1.97 1.3075 0 0.135
0 1.97 1.62 0 0.050000000000000044
0 1.97 1.746 0 0.04999999999999982
0 2.01 0.548 0 0.08999999999999997
0 2.01 1.6204999999999998 0 0.09499999999999997
0 2.01 1.7465 0 0.052999999999999936
0 2.05 0.889 0 0.774
0 2.05 1.5190000000000001 0 0.1479999999999999
0 2.05 1.745 0 0.050000000000000044
0 2.05 2.2465 0 0.05099999999999971
0 2.09 1.9284999999999999 0 0.7269999999999999
0 2.13 0.887 0 0.09800000000000009
0 2.13 1.4609999999999999 0 0.07400000000000007
0 2.81 1.276 0 0.10199999999999987
0 2.85 0.538 0 0.24600000000000005
0 2.85 2.0525 0 0.6030000000000002
0 2.97 2.006 0 0.4999999999999998
0 3.09 1.9845000000000002 0 0.5290000000000001
0 3.13 1.745 0 0.1180000000000001
0 3.17 1.725 0 0.07999999999999985
0 3.21 1.2654999999999998 0 0.04299999999999993
0 3.21 1.7175 0 0.06499999999999995
0 3.25 1.904 0 0.43599999999999994
0 3.29 0.518 0 0.08000000000000007
0 3.29 1.7205 0 0.06699999999999995
0 3.33 1.1295 0 0.040999999999999925
0 3.41 2.0045 0 0.042999999999999705
0 3.45 0.5255000000000001 0 0.049000000000000044
0 3.49 1.029 0 0.04600000000000004
0 3.49 1.7469999999999999 0 0.039999999999999813
0 3.53 1.77 0 0.08800000000000008
0 3.57 1.988 0 0.522
0 3.61 0.6165 0 0.23099999999999998
0 3.65 0.538 0 0.07399999999999995
0 3.65 0.899 0 0.052000000000000046
0 3.65 1.026 0 0.040000000000000036
0 3.69 0.5335 0 0.06899999999999995
0 3.69 1.1925 0 0.04299999999999993
0 3.69 1.9865 0 0.5170000000000001
0 3.73 0.5365 0 0.07499999999999996
0 3.73 0.8135 0 0.04899999999999993
1 2.7575 0.415 0.039 0.05
1 3.386 0.555 0.042059481689626185 0.05
1 0.909625 0.5775 0.039705950435671475 0.05
1 1.42990625 0.7515 0.04042320071753349 0.05
1 3.66884375 0.7515 0.041986279380888225 0.05
1 1.3689375 0.649 0.035064449589292 0.05
1 3.629 0.6475 0.0416293165929973 0.05
1 2.113125 0.8265 0.04084192086569876 0.05
1 3.30925 1.1045 0.04246469121517311 0.05
1 1.6495 1.055 0.033 0.05
1 1.58 1.075 0.04004996878900158 0.05
1 0.71175 1.1835 0.044846961992982305 0.05
1 2.809625 1.2045 0.041006859182336805 0.05
1 1.45015625 1.273 0.04408979650951 0.05
1 1.47078125 1.19 0.03876133906678148 0.05
1 1.5685 1.195 0.0417612260356422 0.05
1 0.55125 1.605 0.0425 0.05
1 1.593875 1.261 0.03322743595283873 0.05
1 1.869875 1.4125 0.04254482929804749 0.05
1 2.8098125 1.5455 0.0410001905483377 0.05
1 2.809875 1.375 0.02600120189529707 0.05
1 1.8115 1.4525 0.03512833614050059 0.05
1 2.052 1.675 0.040792156108742275 0.05
1 3.054 1.715 0.04019950248448356 0.05
1 0.599 1.735 0.03 0.05
1 1.0735 1.735 0.031 0.05
1 1.35175 1.83 0.03812151623427379 0.05
1 2.809 2.255 0.038 0.05
1 1.25 1.865 0.032 0.05
1 1.41 0.8125 0.031 0.05
1 1.51 0.793 0.040792156108742275 0.05
1 1.51 0.875 0.040792156108742275 0.05
1 1.57 2.0915 0.033 0.05
1 1.79 1.5185 0.042059481689626185 0.05
1 1.95 0.61 0.04019950248448356 0.05
1 1.95 0.718 0.04019950248448356 0.05
1 2.03 1.5565 0.044721359549995794 0.05
3 1.2173125 0.89975 1.6971250000000002 0.9695
3 2.9144375 0.89975 1.6971249999999998 0.9695
3 1.2173125 1.86925 1.6971250000000002 0.9695
3 2.9144375 1.86925 1.6971249999999998 0.9695