0 0.144 0.20700000000000002 0 0.23
0 0.0825 0.132 0.10700000000000001 0
0 0.0655 0.172 0.077 0
0 0.0535 0.212 0.053000000000000005 0
0 0.1845 0.212 0.08300000000000002 0
0 0.3115 0.212 0.08099999999999996 0
0 0.049 0.332 0.04200000000000001 0
0 0.10800000000000001 0.452 0.05600000000000001 0
0 0.216 0.452 0.05399999999999999 0
0 0.063 0.1265 0 0.065
0 0.063 0.365 0 0.31400000000000006
0 0.143 0.4555 0 0.07500000000000001
0 0.343 0.21700000000000003 0 0.25
0 0.343 0.4485 0 0.14700000000000002
1 0.343 0.3585 0.033 0.05
3 0.10825 0.1995 0.1625 0.215
3 0.27075 0.1995 0.16249999999999998 0.215
3 0.10825 0.4145 0.1625 0.21500000000000002
3 0.27075 0.4145 0.16249999999999998 0.21500000000000002