0 0.9450000047683715 0.7785 0 1.081
0 0.269125 0.29400000000000004 0 0.04199999999999998
0 0.362 0.278 0.03999999999999998 0
0 0.7515000000000001 0.278 0.05500000000000005 0
0 0.263 0.318 0.06399999999999997 0
0 0.6625 0.3355 0 0.067
0 1.46925 0.3415 0 0.046999999999999986
0 0.4545 0.358 0.23499999999999993 0
0 0.945 0.358 0.16799999999999993 0
0 1.418 0.358 0.32200000000000006 0
0 0.7035 0.5015000000000001 0 0.04700000000000004
0 0.826 0.457 0 0.132
0 0.5955 0.518 0.17700000000000005 0
0 0.265 0.5505 0 0.191
0 0.493 0.558 0.066 0
0 0.968 0.558 0.124 0
0 0.21300000000000002 0.598 0.04000000000000001 0
0 0.945 0.598 0.1439999999999999 0
0 0.2255 0.638 0.065 0
0 0.9305 0.638 0.11499999999999999 0
0 0.944 0.678 0.1379999999999999 0
0 0.922 0.718 0.24 0
0 0.2205 0.758 0.05499999999999999 0
0 0.798 0.758 0.04999999999999993 0
0 1.143 0.758 0.05600000000000005 0
0 0.3844375 0.8305 0 0.10499999999999998
0 0.4645 0.798 0.11699999999999999 0
0 0.663 0.8335 0 0.07099999999999995
0 0.782875 0.8089999999999999 0 0.051999999999999935
0 1.1484999999999999 0.798 0.06699999999999995 0
0 0.2575 0.838 0.129 0
0 0.442 0.838 0.15800000000000003 0
0 0.7275 0.838 0.14500000000000002 0
0 1.1415 0.838 0.052999999999999936 0
0 1.187875 0.864 0 0.05800000000000005
0 1.22425 0.8495 0 0.07699999999999996
0 0.23550000000000001 0.878 0.08500000000000002 0
0 0.3595 0.878 0.10099999999999998 0
0 0.468625 0.8415 0 0.11699999999999999
0 1.1435 0.878 0.05699999999999994 0
0 1.463 0.8734999999999999 0 0.049000000000000044
0 0.5885 0.9730000000000001 0 0.10999999999999999
0 0.66675 1.0155 0 0.19499999999999995
0 0.7969999999999999 0.958 0.47999999999999987 0
0 1.14725 1.125 0 0.3340000000000001
0 0.5485 0.998 0.07899999999999996 0
0 0.8175 0.998 0.17300000000000004 0
0 0.9884999999999999 0.998 0.10499999999999987 0
0 0.305875 1.0314999999999999 0 0.04500000000000015
0 0.9715 1.038 0.07099999999999984 0
0 1.026125 1.0594999999999999 0 0.123
0 1.503625 1.0554999999999999 0 0.05499999999999994
0 0.344125 1.107 0 0.05799999999999983
0 0.383 1.108 0 0.05999999999999983
0 0.755 1.078 0.052000000000000046 0
0 0.823875 1.1415000000000002 0 0.127
0 0.937 1.078 0.14200000000000002 0
0 1.5114999999999998 1.078 0.04699999999999993 0
0 0.546625 1.1355 0 0.06699999999999995
0 0.6935 1.118 0.08899999999999997 0
0 0.9279999999999999 1.118 0.22999999999999998 0
0 0.629 1.1909999999999998 0 0.06600000000000006
0 0.874 1.158 0.050000000000000044 0
0 0.9515 1.158 0.040999999999999925 0
0 0.71 1.198 0.08399999999999996 0
0 0.8420000000000001 1.198 0.06599999999999995 0
0 0.9515 1.198 0.040999999999999925 0
0 0.667 1.267 0 0.05800000000000005
0 0.70375 1.2454999999999998 0 0.10299999999999998
0 0.764 1.238 0.07600000000000007 0
0 0.9510000000000001 1.238 0.039999999999999925 0
0 0.2495 1.278 0.11099999999999999 0
0 0.6905 1.278 0.7070000000000001 0
0 1.1680000000000001 1.278 0.1060000000000001 0
0 1.449 1.278 0.18599999999999994 0
0 0.7965 1.318 0.05499999999999994 0
0 0.225 0.9715 0 0.6349999999999999
0 0.305 0.3355 0 0.067
0 0.385 0.365 0 0.055999999999999994
0 0.425 0.36750000000000005 0 0.061
0 0.425 0.8105 0 0.04899999999999993
0 0.505 0.529 0 0.062000000000000055
0 0.625 0.523 0 0.050000000000000044
0 0.665 0.5095000000000001 0 0.07900000000000007
0 0.745 0.3105 0 0.07499999999999996
0 0.745 0.8205 0 0.07499999999999996
0 0.745 0.9239999999999999 0 0.05399999999999994
0 0.745 1.198 0 0.19199999999999995
0 0.785 0.27849999999999997 0 0.05299999999999999
0 0.785 0.9735 0 0.051000000000000045
0 0.785 1.303 0 0.09600000000000009
0 0.825 0.7665 0 0.10299999999999998
0 0.825 1.3054999999999999 0 0.09099999999999997
0 0.865 1.001 0 0.09199999999999997
0 0.905 0.651 0 0.20399999999999996
0 0.905 1.1085 0 0.11699999999999999
0 0.985 0.6485000000000001 0 0.19899999999999995
0 0.985 0.975 0 0.04800000000000004
0 0.985 1.0655000000000001 0 0.07300000000000018
0 1.025 0.644 0 0.18999999999999995
0 1.025 0.8049999999999999 0 0.061999999999999944
0 1.145 0.506 0 0.342
0 1.145 0.8109999999999999 0 0.17400000000000004
0 1.185 0.764 0 0.08400000000000007
0 1.305 0.8465 0 0.06899999999999995
0 1.345 0.8505 0 0.07699999999999996
0 1.465 1.0979999999999999 0 0.05800000000000005
1 0.2870625 0.3085 0.038157772799260706 0.05
1 0.572 0.538 0.04428317965096906 0.05
1 0.245 0.65 0.040792156108742275 0.05
1 0.3425 0.838 0.041 0.05
1 1.1864375 0.8075 0.029142162325400633 0.05
1 0.92 0.998 0.032 0.05
1 1.0055625 1.036 0.04113715625805946 0.05
1 1.4843125 1.076 0.04108394607386199 0.05
1 0.715 1.098 0.041 0.05
1 0.648 1.231 0.04049691346263317 0.05
1 0.915 1.158 0.032 0.05
1 0.8005 1.218 0.040607881008493905 0.05
1 0.321 1.278 0.032 0.05
1 0.745 0.8775 0.039 0.05
1 0.765 0.9495 0.04011234224026316 0.05
1 0.885 1.0485 0.04011234224026316 0.05
1 1.025 0.7565 0.035 0.05
3 0.5395 0.51625 0.6930000000000001 0.5565
3 1.2325 0.51625 0.693 0.5565
3 0.5395 1.07275 0.6930000000000001 0.5565
3 1.2325 1.07275 0.693 0.5565