0 0.4315 0.233 0 0.06
0 0.634 0.243 0.04400000000000004 0
0 0.6755 0.26749999999999996 0 0.04899999999999999
0 1.111 0.243 0.07600000000000007 0
0 0.859 0.283 0.33599999999999997 0
0 1.266 0.283 0.20000000000000018 0
0 1.6315 0.283 0.44700000000000006 0
0 2.0715 0.4805 0 0.45099999999999996
0 1.432125 0.5015000000000001 0 0.30900000000000005
0 0.397 0.3765 0 0.05300000000000005
0 1.292 0.443 0.09399999999999986 0
0 1.956 0.45799999999999996 0 0.04999999999999999
0 1.273875 0.525 0 0.050000000000000044
0 0.4075 0.563 0.10100000000000003 0
0 0.4595 0.603 0.09700000000000003 0
0 1.35275 0.6435 0 0.08100000000000007
0 0.4585 0.643 0.056999999999999995 0
0 0.511875 0.6735 0 0.15500000000000003
0 1.0779999999999998 0.643 0.16799999999999993 0
0 1.189 0.6635 0 0.05899999999999994
0 1.5365000000000002 0.643 0.607 0
0 2.23325 0.6779999999999999 0 0.06999999999999995
0 2.3659999999999997 0.643 0.04400000000000004 0
0 0.39999999999999997 0.683 0.32799999999999996 0
0 1.035875 0.6619999999999999 0 0.09399999999999997
0 1.2225000000000001 0.683 0.20300000000000007 0
0 1.479 0.683 0.040000000000000036 0
0 2.3465 0.683 0.5710000000000002 0
0 2.669875 0.6795 0 0.05899999999999994
0 2.8225 0.683 0.11499999999999977 0
0 0.401 0.723 0.043999999999999984 0
0 1.103 0.723 0.06000000000000005 0
0 1.4674999999999998 0.723 0.07499999999999996 0
0 0.273875 0.7175 0 0.09099999999999997
0 0.389875 0.7290000000000001 0 0.10799999999999998
0 1.006 0.763 0.061999999999999944 0
0 1.095 0.763 0.04400000000000004 0
0 1.1720000000000002 0.763 0.050000000000000044 0
0 1.061 0.803 0.1339999999999999 0
0 1.31475 0.85 0 0.05600000000000005
0 1.94975 0.8625 0 0.04300000000000004
0 0.27449999999999997 0.883 0.05299999999999999 0
0 0.32075 0.861 0 0.09000000000000008
0 0.638 0.883 0.06600000000000006 0
0 0.7895 0.883 0.050999999999999934 0
0 0.99575 0.968 0 0.16999999999999993
0 1.2625 0.883 0.08499999999999996 0
0 1.4295 0.883 0.139 0
0 2.43025 0.8945000000000001 0 0.06900000000000006
0 2.5505 0.883 0.13900000000000023 0
0 2.692 0.883 0.08400000000000007 0
0 2.7555 0.8415 0 0.08299999999999996
0 2.859 0.883 0.041999999999999815 0
0 0.27149999999999996 0.923 0.046999999999999986 0
0 0.8955 0.923 0.19899999999999995 0
0 1.03225 0.984 0 0.18999999999999995
0 1.07025 0.958 0 0.06999999999999995
0 1.39146875 0.9615 0 0.17700000000000005
0 2.4615 0.923 0.07500000000000018 0
0 2.515625 0.909 0 0.05400000000000005
0 0.31175 0.9645 0 0.05499999999999994
0 0.5135000000000001 0.963 0.05300000000000005 0
0 0.6685 0.963 0.127 0
0 1.039 0.963 0.10399999999999998 0
0 1.4355 0.963 0.11299999999999999 0
0 2.5140000000000002 0.963 0.1860000000000004 0
0 0.27949999999999997 1.003 0.063 0
0 0.7115 1.003 0.21299999999999997 0
0 0.9675 1.003 0.06299999999999994 0
0 1.2574999999999998 1.003 0.07499999999999996 0
0 2.4315 1.019 0 0.12
0 2.581 1.003 0.20000000000000018 0
0 0.26849999999999996 1.043 0.04099999999999998 0
0 0.347 1.0675 0 0.049000000000000155
0 0.71225 1.0205 0 0.14300000000000013
0 0.83375 1.0645 0 0.04300000000000015
0 1.07025 1.08 0 0.07400000000000007
0 1.2685 1.043 0.09699999999999998 0
0 1.347 1.0645 0 0.04300000000000015
0 1.4375 1.043 0.11699999999999999 0
0 2.592 1.039 0 0.14800000000000002
0 2.63025 1.0315 0 0.06900000000000006
0 2.7135 1.049 0 0.06600000000000006
0 2.8445 1.043 0.07099999999999973 0
0 0.3165 1.083 0.137 0
0 0.6875 1.083 0.31099999999999994 0
0 1.1435 1.083 0.43899999999999995 0
0 1.4505 1.083 0.08500000000000019 0
0 2.187 1.083 0.1379999999999999 0
0 2.4695 1.083 0.1429999999999998 0
0 2.7015000000000002 1.083 0.1549999999999998 0
0 0.232 0.7845 0 0.04700000000000004
0 0.272 0.9475 0 0.29499999999999993
0 0.352 0.7195 0 0.09499999999999997
0 0.432 0.4645 0 0.04299999999999998
0 0.432 0.6765000000000001 0 0.23099999999999998
0 0.432 1.014 0 0.16800000000000004
0 0.472 0.643 0 0.11399999999999999
0 0.472 1.081 0 0.04600000000000004
0 0.512 0.26549999999999996 0 0.05299999999999999
0 0.512 1.02 0 0.17399999999999993
0 0.552 0.6855 0 0.129
0 0.552 1.0685 0 0.04700000000000015
0 0.592 0.736 0 0.08200000000000007
0 0.632 0.9105 0 0.05699999999999994
0 0.672 1.032 0 0.11399999999999999
0 0.792 0.9904999999999999 0 0.04300000000000004
0 0.832 0.893 0 0.052000000000000046
0 0.992 0.704 0 0.08199999999999996
0 1.032 0.27849999999999997 0 0.046999999999999986
0 1.032 0.8025 0 0.04299999999999993
0 1.072 0.272 0 0.03999999999999998
0 1.072 0.6174999999999999 0 0.06300000000000006
0 1.112 0.7565 0 0.123
0 1.112 1.089 0 0.050000000000000044
0 1.152 0.6675 0 0.06699999999999995
0 1.192 0.275 0 0.03999999999999998
0 1.232 0.6635 0 0.05899999999999994
0 1.232 1.0715 0 0.04100000000000015
0 1.272 0.6685 0 0.06899999999999995
0 1.272 0.821 0 0.05599999999999994
0 1.312 0.5395000000000001 0 0.041000000000000036
0 1.312 0.6785 0 0.08899999999999997
0 1.312 1.0525 0 0.07900000000000018
0 1.352 0.3055 0 0.09499999999999997
0 1.392 0.31999999999999995 0 0.066
0 1.392 0.6174999999999999 0 0.08100000000000007
0 1.432 0.28800000000000003 0 0.066
0 1.432 0.9715 0 0.2410000000000001
0 1.472 0.6765 0 0.837
0 1.672 0.26249999999999996 0 0.046999999999999986
0 1.712 0.27849999999999997 0 0.046999999999999986
0 1.832 0.4515 0 0.387
0 2.152 0.7165 0 0.08299999999999996
0 2.152 0.935 0 0.2839999999999999
0 2.272 1.0870000000000002 0 0.04600000000000004
0 2.352 0.6555 0 0.07499999999999996
0 2.352 1.084 0 0.040000000000000036
0 2.392 0.6835 0 0.040999999999999925
0 2.472 0.8785000000000001 0 0.06900000000000006
0 2.472 0.9995 0 0.10100000000000009
0 2.512 1.024 0 0.10999999999999999
0 2.552 1.0205 0 0.09100000000000008
0 2.592 0.6890000000000001 0 0.039999999999999925
0 2.632 0.6679999999999999 0 0.05599999999999994
0 2.632 0.895 0 0.04400000000000004
0 2.672 1.059 0 0.07200000000000006
0 2.712 0.9199999999999999 0 0.09399999999999997
0 2.752 0.6875 0 0.04299999999999993
0 2.752 1.092 0 0.05600000000000005
0 2.872 0.734 0 0.118
0 2.872 0.9615 0 0.2290000000000001
1 1.1575 0.263 0.04346262762420146 0.05
1 1.387 0.283 0.042 0.05
1 1.4120625 0.4715 0.04057111811375181 0.05
1 1.1985 0.703 0.0417612260356422 0.05
1 1.14 0.743 0.04237924020083418 0.05
1 0.2529375 0.762 0.04192273398765877 0.05
1 1.055 0.763 0.036 0.05
1 0.31625 0.9215 0.03228002478313795 0.05
1 0.8055 0.903 0.04428317965096906 0.05
1 2.430875 0.944 0.030026030373660785 0.05
1 2.635 0.883 0.03 0.05
1 2.522 0.903 0.043863424398922615 0.05
1 2.73375 0.878 0.04463462781294362 0.05
1 0.991 0.943 0.040792156108742275 0.05
1 1.21 1.063 0.04308131845707603 0.05
1 2.73275 1.073 0.0425 0.05
1 2.152 0.7755 0.035 0.05
3 0.894 0.43225 1.324 0.45849999999999996
3 2.218 0.43225 1.3239999999999998 0.45849999999999996
3 0.894 0.89075 1.324 0.45850000000000013
3 2.218 0.89075 1.3239999999999998 0.45850000000000013