0 1.8445 0.375 0.34299999999999997 0
0 0.983 0.585 0.1279999999999999 0
0 1.0205 0.705 0.11699999999999999 0
0 1.881 0.785 0.19200000000000017 0
0 0.5660000000000001 1.035 0.14800000000000002 0
0 1.505 1.155 0.15400000000000014 0
0 0.22 0.3925 0 0.473
0 0.33 0.404 0 0.6839999999999999
0 0.335 1.008 0 0.30399999999999994
0 0.455 0.9935 0 0.19700000000000006
0 0.81 1.0115 0 0.17300000000000004
0 1.05 0.536 0 0.16599999999999998
0 1.585 0.44800000000000006 0 0.21600000000000003
0 1.64 0.253 0 0.15000000000000002
0 1.67 0.4905 0 0.20699999999999996
0 1.815 0.263 0 0.16399999999999998
0 1.96 0.818 0 0.3699999999999999
0 1.97 0.8300000000000001 0 0.32199999999999995
0 1.6084999999999998 0.261 0.050999999999999934 0
0 1.476 0.285 0.06800000000000006 0
0 1.5415 0.285 0.061000000000000165 0
0 1.183 0.293 0.1160000000000001 0
0 2.2165 1.045 0.051000000000000156 0
0 1.8170000000000002 1.053 0.4600000000000002 0
0 1.7970000000000002 1.061 0.4139999999999999 0
0 1.633 1.069 0.08599999999999985 0
0 1.783 1.069 0.21199999999999997 0
0 1.9209999999999998 1.069 0.062000000000000055 0
0 0.40349999999999997 1.101 0.063 0
0 0.6565000000000001 1.117 0.05700000000000005 0
0 0.395 1.125 0.08000000000000002 0
0 1.529 1.165 0.1180000000000001 0
0 0.8460000000000001 1.173 0.06999999999999995 0
0 1.5470000000000002 1.173 0.08200000000000007 0
0 1.1755 1.181 0.15300000000000002 0
0 1.561 1.181 0.05400000000000005 0
0 0.333 0.35950000000000004 0 0.35100000000000003
0 0.333 0.595 0 0.118
0 0.341 0.28049999999999997 0 0.20700000000000002
0 0.365 0.9535 0 0.07299999999999995
0 0.365 1.073 0 0.07800000000000007
0 0.661 0.7555000000000001 0 0.09300000000000008
0 0.789 1.1535000000000002 0 0.07899999999999996
0 0.805 1.042 0 0.08400000000000007
0 1.053 0.484 0 0.057999999999999996
0 1.165 0.7335 0 0.05900000000000005
0 1.173 0.859 0 0.18399999999999994
0 1.557 0.225 0 0.09600000000000003
0 1.573 1.1095000000000002 0 0.10299999999999998
0 1.581 0.7695 0 0.09899999999999998
0 1.589 1.139 0 0.07399999999999984
0 2.277 0.4965 0 0.05500000000000005
0 2.293 0.216 0 0.07400000000000001
0 2.293 0.3345 0 0.05299999999999999
1 0.7995 1.106 0.02640075756488817 0.05
1 1.5725 0.273 0.02640075756488817 0.05
1 0.365 1.012 0.044 0.05
2 1.881 0.785 0.035 0.05
2 1.505 1.155 0.035 0.05
2 0.33 0.1988 0.035 0.05
2 0.33 0.3356 0.035 0.05
2 0.33 0.4724 0.035 0.05
2 0.33 0.6092000000000001 0.035 0.05
2 0.81 1.0115 0.035 0.05
2 1.64 0.253 0.035 0.05
2 1.815 0.263 0.035 0.05
3 0.73825 0.34475 1.0365 0.5654999999999999
3 1.77475 0.34475 1.0365000000000002 0.5654999999999999
3 0.73825 0.91025 1.0365 0.5655000000000001
3 1.77475 0.91025 1.0365000000000002 0.5655000000000001