0 0.3185 0.145 0 0.078
0 0.3593125 0.22100000000000003 0 0.10800000000000001
0 0.39749999999999996 0.226 0.05499999999999999 0
0 0.04 0.366 0 0.2
0 0.078 0.306 0.07800000000000001 0
0 0.32275 0.3635 0 0.11499999999999999
0 0.1165 0.346 0.155 0
0 0.095 0.386 0.11199999999999999 0
0 0.2665 0.386 0.11300000000000002 0
0 0.312 0.426 0.5459999999999999 0
0 0.19649999999999998 0.466 0.315 0
0 0.439375 0.42000000000000004 0 0.26000000000000006
0 0.47775 0.48050000000000004 0 0.14300000000000007
0 0.557375 0.4405 0 0.067
0 0.3195 0.5475 0 0.11499999999999999
0 0.5275 0.506 0.11499999999999999 0
0 0.4085 0.546 0.193 0
0 0.079 0.355 0 0.14400000000000002
0 0.119 0.405 0 0.12200000000000005
0 0.159 0.375 0 0.18400000000000005
0 0.199 0.438 0 0.05800000000000005
0 0.239 0.393 0 0.08200000000000002
0 0.279 0.16599999999999998 0 0.094
0 0.279 0.41600000000000004 0 0.10000000000000003
0 0.319 0.2445 0 0.061000000000000026
0 0.399 0.21900000000000003 0 0.10400000000000001
0 0.399 0.384 0 0.068
0 0.399 0.5305 0 0.04700000000000004
0 0.439 0.193 0 0.05199999999999999
0 0.519 0.534 0 0.05600000000000005
1 0.33890625 0.1755 0.04421153872293974 0.05
1 0.320875 0.3175 0.031225990776915312 0.05
1 0.202 0.366 0.04308131845707603 0.05
1 0.4191875 0.3585 0.044622198791632844 0.05
3 0.1755 0.23074999999999998 0.273 0.2495
3 0.4485 0.23074999999999998 0.27299999999999996 0.2495
3 0.1755 0.48024999999999995 0.273 0.2495
3 0.4485 0.48024999999999995 0.27299999999999996 0.2495