0 0.0998125 0.3795 0 0.15500000000000003
0 0.14400000000000002 0.346 0.04200000000000001 0
0 0.5295000000000001 0.386 0.05500000000000005 0
0 0.748 0.386 0.09200000000000008 0
0 0.33925 0.4445 0 0.05299999999999999
0 0.525 0.426 0.04800000000000004 0
0 0.748 0.426 0.09200000000000008 0
0 0.140125 0.44899999999999995 0 0.04799999999999999
0 0.459125 0.5695 0 0.11499999999999999
0 0.104 0.6085 0 0.04500000000000004
0 0.18175 0.608 0 0.04400000000000004
0 0.822125 0.614 0 0.05600000000000005
0 0.125 0.626 0.13 0
0 0.44099999999999995 0.626 0.284 0
0 0.812 0.626 0.17600000000000005 0
0 0.856875 0.7925 0 0.04899999999999993
0 0.66825 0.8474999999999999 0 0.04300000000000004
0 0.299 0.865 0 0.052000000000000046
0 0.656 0.866 0.040000000000000036 0
0 0.7585 0.866 0.05900000000000005 0
0 0.820625 0.885 0 0.06400000000000006
0 0.1615 1.066 0.07500000000000001 0
0 0.5885 1.066 0.11499999999999999 0
0 0.53975 1.165 0 0.23199999999999998
0 0.58475 1.0775000000000001 0 0.05700000000000016
0 0.06 0.6485 0 0.10899999999999999
0 0.14 0.35 0 0.09600000000000003
0 0.46 0.356 0 0.26
0 0.54 0.40449999999999997 0 0.065
0 0.62 1.0659999999999998 0 0.05800000000000005
0 0.66 1.146 0 0.05400000000000005
0 0.7 1.014 0 0.040000000000000036
0 0.74 0.2555 0 0.052999999999999964
0 0.74 0.33199999999999996 0 0.03999999999999998
0 0.74 0.41100000000000003 0 0.055999999999999994
0 0.78 0.434 0 0.41600000000000004
0 0.78 1.013 0 0.32000000000000006
1 0.1400625 0.3875 0.027000289350301417 0.05
1 0.4595625 0.4265 0.0260147193911447 0.05
1 0.74 0.297 0.03 0.05
1 0.74 0.3675 0.031 0.05
3 0.27 0.48974999999999996 0.42 0.5275
3 0.69 0.48974999999999996 0.42000000000000004 0.5275
3 0.27 1.01725 0.42 0.5275
3 0.69 1.01725 0.42000000000000004 0.5275