0 0.3555 0.277 0 0.03999999999999998
0 0.39325 0.3055 0 0.05499999999999999
0 0.4995 0.29 0.05300000000000005 0
0 0.665 0.33 0.08399999999999996 0
0 1.1179999999999999 0.33 0.050000000000000044 0
0 1.15675 0.727 0 0.954
0 1.5485 0.33 0.05500000000000016 0
0 0.99975 0.405 0 0.07
0 1.034 0.39949999999999997 0 0.07100000000000001
0 1.123 0.37 0.053999999999999826 0
0 1.5499999999999998 0.37 0.05800000000000005 0
0 0.5395 0.41 0.04699999999999993 0
0 0.7484999999999999 0.41 0.04300000000000004 0
0 0.9789999999999999 0.41 0.05999999999999994 0
0 1.789 0.41 0.06000000000000005 0
0 2.504 0.41 0.0519999999999996 0
0 2.86 0.41 0.07399999999999984 0
0 0.374 0.45 0.052000000000000046 0
0 0.551375 0.42600000000000005 0 0.07600000000000001
0 0.739 0.45 0.264 0
0 0.912 0.44 0 0.040000000000000036
0 1.7915 0.45 0.40700000000000003 0
0 2.303 0.45 0.33999999999999986 0
0 2.598 0.45 0.18599999999999994 0
0 0.652 0.49 0.05800000000000005 0
0 1.351 0.49 0.06000000000000005 0
0 2.1845 0.49 0.1030000000000002 0
0 2.472 0.49 0.41000000000000014 0
0 0.7975 0.53 0.08099999999999996 0
0 1.27875 0.552 0 0.04399999999999993
0 1.7930000000000001 0.53 0.09000000000000008 0
0 2.43725 0.5095000000000001 0 0.041000000000000036
0 2.646 0.53 0.08999999999999986 0
0 0.44125 0.6054999999999999 0 0.07100000000000006
0 0.7925 0.57 0.07099999999999995 0
0 0.9684999999999999 0.57 0.10899999999999987 0
0 1.3535 0.57 0.09699999999999998 0
0 1.7705 0.57 0.07699999999999996 0
0 2.43575 0.6134999999999999 0 0.08700000000000008
0 0.71525 0.6425000000000001 0 0.06500000000000006
0 0.75675 0.6345000000000001 0 0.049000000000000044
0 1.01 0.61 0.06800000000000006 0
0 1.1865 0.61 0.06900000000000017 0
0 2.411 0.61 0.041999999999999815 0
0 2.55625 0.6185 0 0.061000000000000054
0 2.79375 0.6074999999999999 0 0.08700000000000008
0 2.8695 0.61 0.054999999999999716 0
0 0.3205 0.65 0.069 0
0 0.41500000000000004 0.65 0.05399999999999999 0
0 0.6505000000000001 0.65 0.05500000000000005 0
0 0.7715 0.65 0.11499999999999999 0
0 2.4105 0.65 0.040999999999999925 0
0 2.609 0.65 0.041999999999999815 0
0 2.771 0.65 0.04599999999999982 0
0 0.6234999999999999 0.69 0.061000000000000054 0
0 2.1675 0.69 0.06299999999999972 0
0 2.4295 0.69 0.07899999999999974 0
0 0.5755 0.73 0.135 0
0 1.6275 0.73 0.10099999999999998 0
0 2.1865 0.73 0.10099999999999998 0
0 2.4240000000000004 0.73 0.06800000000000006 0
0 1.604 0.77 0.13800000000000012 0
0 2.3335 0.77 0.1429999999999998 0
0 2.43125 0.7285 0 0.08299999999999996
0 0.5395 0.81 0.052999999999999936 0
0 1.013 0.81 0.29399999999999993 0
0 1.6115 0.81 0.14900000000000002 0
0 2.346 0.81 0.16800000000000015 0
0 0.641 0.85 0.052000000000000046 0
0 1.073 0.85 0.19399999999999995 0
0 1.9620000000000002 0.85 0.09000000000000008 0
0 2.43175 0.8919999999999999 0 0.122
0 0.4348125 0.9175 0 0.09099999999999997
0 0.83375 0.8714999999999999 0 0.06300000000000006
0 1.1440000000000001 0.89 0.09000000000000008 0
0 0.24125 0.9510000000000001 0 0.041999999999999926
0 0.6505000000000001 0.93 0.05500000000000005 0
0 0.79275 0.9430000000000001 0 0.041999999999999926
0 0.9909999999999999 0.93 0.051999999999999935 0
0 1.0875 0.93 0.06900000000000017 0
0 1.174 0.93 0.04400000000000004 0
0 1.506 0.93 0.1459999999999999 0
0 2.1125 0.93 0.10899999999999999 0
0 2.578 0.93 0.07200000000000006 0
0 0.675 0.97 0.964 0
0 1.4605000000000001 0.97 0.05499999999999994 0
0 2.824 0.97 0.07200000000000006 0
0 0.215 1.01 0.043999999999999984 0
0 0.36150000000000004 1.01 0.189 0
0 0.5329999999999999 1.01 0.09199999999999997 0
0 0.83125 1.0030000000000001 0 0.09800000000000009
0 1.0375 1.01 0.08699999999999997 0
0 1.474625 1.006 0 0.06000000000000005
0 1.554 1.01 0.07200000000000006 0
0 2.55025 1.005 0 0.05800000000000005
0 2.8175 1.01 0.06300000000000017 0
0 0.5700000000000001 1.05 0.118 0
0 0.9235 1.05 0.06099999999999994 0
0 1.07425 1.0314999999999999 0 0.04699999999999993
0 1.5154999999999998 1.05 0.15900000000000003 0
0 0.533 1.09 0.04400000000000004 0
0 0.6145 1.09 0.04700000000000004 0
0 1.5430000000000001 1.09 0.050000000000000044 0
0 1.593 1.072 0 0.29400000000000004
0 0.601 1.13 0.05800000000000005 0
0 1.478 1.13 0.1160000000000001 0
0 1.55875 1.0875 0 0.08499999999999996
0 2.4005 1.13 0.04300000000000015 0
0 2.5795000000000003 1.13 0.07900000000000018 0
0 0.7010000000000001 1.17 0.17800000000000005 0
0 1.03225 1.181 0 0.09000000000000008
0 1.431875 1.2025 0 0.10099999999999998
0 1.6705 1.17 0.04699999999999993 0
0 1.87125 1.177 0 0.08200000000000007
0 2.5475 1.193 0 0.04600000000000004
0 2.67225 1.1895 0 0.07500000000000018
0 1.252 1.21 1.4820000000000002 0
0 2.5164999999999997 1.21 0.7609999999999997 0
0 0.859 1.25 0.040000000000000036 0
0 0.910875 1.236 0 0.07600000000000007
0 1.2005 1.224 0 0.052000000000000046
0 1.3784999999999998 1.25 0.17500000000000004 0
0 1.79375 1.2275 0 0.05899999999999994
0 2.777 1.25 0.1280000000000001 0
0 1.0619999999999998 1.29 0.05400000000000005 0
0 1.346 1.29 0.05600000000000005 0
0 1.51 1.29 0.05799999999999983 0
0 0.565 1.33 0.10799999999999998 0
0 1.063 1.33 0.05600000000000005 0
0 1.509 1.33 0.05599999999999983 0
0 2.808 1.33 0.09200000000000008 0
0 1.289 1.41 0.42799999999999994 0
0 2.078 1.41 0.040000000000000036 0
0 0.193 0.611 0 0.722
0 0.313 0.278 0 0.055999999999999994
0 0.313 0.624 0 0.06600000000000006
0 0.313 0.8015 0 0.08499999999999996
0 0.313 0.9355 0 0.06299999999999994
0 0.353 0.9405 0 0.07299999999999995
0 0.393 0.958 0 0.10799999999999998
0 0.433 1.0259999999999998 0 0.04200000000000004
0 0.513 1.134 0 0.3920000000000001
0 0.553 1.2385 0 0.18900000000000006
0 0.593 1.0785 0 0.06700000000000017
0 0.593 1.24 0 0.18599999999999994
0 0.633 0.8025 0 0.8410000000000001
0 0.673 0.33199999999999996 0 0.066
0 0.673 0.46599999999999997 0 0.09800000000000003
0 0.673 1.0105 0 0.04700000000000004
0 0.753 0.406 0 0.057999999999999996
0 0.753 1.173 0 0.07400000000000007
0 0.793 1.181 0 0.09000000000000008
0 0.833 0.5885 0 0.343
0 0.953 0.4085 0 0.063
0 0.993 0.915 0 0.21999999999999986
0 1.033 0.597 0 0.07599999999999996
0 1.033 0.9755 0 0.07899999999999985
0 1.073 0.8260000000000001 0 0.041999999999999926
0 1.113 0.28800000000000003 0 0.04199999999999998
0 1.113 0.8460000000000001 0 0.08199999999999996
0 1.113 0.9964999999999999 0 0.08499999999999996
0 1.193 0.5705 0 0.10299999999999998
0 1.193 0.9099999999999999 0 0.05999999999999994
0 1.233 0.3275 0 0.15500000000000003
0 1.313 1.334 0 0.04200000000000004
0 1.353 1.1745 0 0.129
0 1.353 1.3039999999999998 0 0.04200000000000004
0 1.393 1.221 0 0.05800000000000005
0 1.433 1.016 0 0.18199999999999994
0 1.473 1.1065 0 0.07499999999999996
0 1.513 1.1105 0 0.07699999999999996
0 1.513 1.2065000000000001 0 0.04500000000000015
0 1.513 1.31 0 0.05800000000000005
0 1.553 0.7875 0 0.050999999999999934
0 1.593 0.76 0 0.11399999999999999
0 1.633 0.764 0 0.122
0 1.673 0.7535000000000001 0 0.10100000000000009
0 1.673 1.181 0 0.09000000000000008
0 1.753 1.221 0 0.052000000000000046
0 1.793 0.41100000000000003 0 0.07400000000000001
0 1.833 1.1825 0 0.0930000000000002
0 1.993 0.8245 0 0.8090000000000002
0 2.113 0.923 0 0.05399999999999994
0 2.113 1.3195000000000001 0 0.20099999999999985
0 2.153 0.819 0 0.798
0 2.193 0.7185 0 0.06299999999999994
0 2.313 0.8215 0 0.04499999999999993
0 2.353 0.7925 0 0.09299999999999997
0 2.393 0.5935 0 0.34700000000000003
0 2.393 1.2225000000000001 0 0.049000000000000155
0 2.473 0.716 0 0.052000000000000046
0 2.513 0.41800000000000004 0 0.043999999999999984
0 2.513 0.784 0 0.07599999999999996
0 2.553 0.784 0 0.07599999999999996
0 2.593 0.8955 0 0.04700000000000004
0 2.633 0.51 0 0.04200000000000004
0 2.673 0.536 0 0.57
0 2.713 1.221 0 0.04600000000000004
0 2.833 1.2185000000000001 0 0.04100000000000015
0 2.833 1.3245 0 0.06099999999999994
0 2.873 0.3245 0 0.044999999999999984
0 2.873 0.4175 0 0.065
1 0.374375 0.2875 0.042261832662581024 0.05
1 1.178625 1.201 0.04415951199911521 0.05
1 2.3315 0.43 0.04031128874149274 0.05
1 2.489 0.45 0.032 0.05
1 2.2515 0.49 0.031 0.05
1 2.4365 0.55 0.04002811511925087 0.05
1 2.4335 0.672 0.030335622624235024 0.05
1 0.3715 0.65 0.033 0.05
1 0.696 0.65 0.036 0.05
1 2.36 0.75 0.04272001872658766 0.05
1 0.43390625 0.984 0.042039090811410273 0.05
1 0.812 0.959 0.039777506206397605 0.05
1 1.035 0.93 0.036 0.05
1 1.137 0.93 0.03 0.05
1 0.6945 0.95 0.04031128874149274 0.05
1 0.252 1.01 0.03 0.05
1 1.4738125 1.0525 0.03303998524515409 0.05
1 1.053625 0.9955 0.04183972394746409 0.05
1 0.573 1.09 0.036 0.05
1 1.494 1.11 0.043863424398922615 0.05
1 0.621 1.15 0.043863424398922615 0.05
1 1.4524375 1.161 0.041895890311580676 0.05
1 1.4735 1.27 0.04272001872658766 0.05
1 0.653 0.761 0.04346262762420146 0.05
1 1.333 1.319 0.0417612260356422 0.05
1 1.353 1.261 0.044 0.05
1 1.513 1.1665 0.035 0.05
1 2.133 0.92 0.04001249804748511 0.05
1 2.493 0.744 0.04019950248448356 0.05
1 2.873 0.366 0.038 0.05
3 0.869 0.5425 1.3519999999999999 0.585
3 2.221 0.5425 1.3519999999999999 0.585
3 0.869 1.1275 1.3519999999999999 0.585
3 2.221 1.1275 1.3519999999999999 0.585