0 0.40800000000000003 0.226 0.714 0
0 0.40800000000000003 0.266 0.714 0
0 0.40800000000000003 0.306 0.714 0
0 0.40800000000000003 0.346 0.714 0
0 0.40800000000000003 0.386 0.714 0
0 0.40800000000000003 0.426 0.714 0
0 0.40800000000000003 0.466 0.714 0
0 0.40800000000000003 0.506 0.714 0
0 0.40800000000000003 0.546 0.714 0
0 0.40800000000000003 0.586 0.714 0
0 0.40800000000000003 0.626 0.714 0
0 0.40800000000000003 0.666 0.714 0
0 0.40800000000000003 0.706 0.714 0
0 0.40800000000000003 0.746 0.714 0
0 0.40800000000000003 0.786 0.714 0
0 0.40800000000000003 0.826 0.714 0
0 0.40800000000000003 0.866 0.714 0
0 0.40800000000000003 0.906 0.714 0
0 0.40800000000000003 0.946 0.714 0
0 0.40800000000000003 0.986 0.714 0
0 0.40800000000000003 1.026 0.714 0
0 0.091 0.6204999999999999 0 0.869
0 0.131 0.6204999999999999 0 0.869
0 0.171 0.6204999999999999 0 0.869
0 0.211 0.6204999999999999 0 0.869
0 0.251 0.6204999999999999 0 0.869
0 0.291 0.6204999999999999 0 0.869
0 0.331 0.6204999999999999 0 0.869
0 0.371 0.6204999999999999 0 0.869
0 0.411 0.6204999999999999 0 0.869
0 0.451 0.6204999999999999 0 0.869
0 0.491 0.6204999999999999 0 0.869
0 0.531 0.6204999999999999 0 0.869
0 0.571 0.6204999999999999 0 0.869
0 0.611 0.6204999999999999 0 0.869
0 0.651 0.6204999999999999 0 0.869
0 0.691 0.6204999999999999 0 0.869
0 0.731 0.6204999999999999 0 0.869
3 0.22949999999999998 0.40325 0.357 0.43450000000000005
3 0.5865 0.40325 0.35700000000000004 0.43450000000000005
3 0.22949999999999998 0.83775 0.357 0.4344999999999999
3 0.5865 0.83775 0.35700000000000004 0.4344999999999999