0 0.16475 0.184 0 0.19999999999999996
0 0.604375 0.146 0 0.05799999999999998
0 0.143 0.164 0.076 0
0 0.205875 0.22649999999999998 0 0.12499999999999997
0 0.325125 0.22799999999999998 0 0.12799999999999997
0 0.135 0.204 0.096 0
0 0.244375 0.2315 0 0.08900000000000002
0 0.287375 0.22799999999999998 0 0.10799999999999998
0 0.365 0.24 0 0.07200000000000004
0 0.40609375 0.2895 0 0.171
0 0.565875 0.22499999999999998 0 0.04200000000000001
0 0.6069375 0.2485 0 0.089
0 0.64625 0.271 0 0.13400000000000004
0 0.232 0.244 0.334 0
0 0.485625 0.3095 0 0.131
0 0.24 0.284 0.388 0
0 0.6465 0.284 0.09699999999999998 0
0 0.44621875 0.378 0 0.11599999999999999
0 0.5273125 0.35150000000000003 0 0.067
0 0.4295 0.364 0.065 0
0 0.438 0.444 0.052000000000000046 0
0 0.086 0.14 0 0.04200000000000001
0 0.086 0.23650000000000002 0 0.069
0 0.126 0.1895 0 0.20899999999999996
0 0.446 0.267 0 0.045999999999999985
0 0.686 0.26 0 0.045999999999999985
1 0.60565625 0.1895 0.029112993769964644 0.05
1 0.446109375 0.34 0.030000797515441154 0.05
1 0.086 0.1815 0.041 0.05
3 0.20825 0.17400000000000002 0.3245 0.18
3 0.53275 0.17400000000000002 0.32449999999999996 0.18
3 0.20825 0.354 0.3245 0.18
3 0.53275 0.354 0.32449999999999996 0.18