0 0.5075 0.705 0.13099999999999995 0
0 0.3925 1.12 0.247 0
0 0.696 1.12 0.15600000000000003 0
0 0.354 1.535 0.22000000000000003 0
0 0.6815 1.565 0.14300000000000002 0
0 0.055 1.5765 0 0.20500000000000007
0 0.055 1.272 0 0.19799999999999995
0 0.23 0.8875 0 0.19299999999999995
0 0.31 1.5135 0 0.10099999999999998
0 0.375 1.706 0 0.18399999999999994
0 0.5155000000000001 1.565 0.06700000000000006 0
0 0.445 1.524 0 0.05600000000000005
0 0.453 1.7355 0 0.06899999999999995
1 0.473 1.55 0.034985711369071804 0.05
2 0.354 1.535 0.035 0.05
2 0.055 1.5765 0.035 0.05
3 0.23475 0.9782500000000001 0.3595 0.5465000000000001
3 0.59425 0.9782500000000001 0.35950000000000004 0.5465000000000001
3 0.23475 1.52475 0.3595 0.5465
3 0.59425 1.52475 0.35950000000000004 0.5465