0 0.354 0.735 0.176 0
0 0.28 0.9730000000000001 0 0.10199999999999998
0 0.42 0.7965 0 0.11699999999999999
0 0.625 0.6060000000000001 0 0.16200000000000003
0 0.631 0.221 0.20799999999999996 0
0 0.41100000000000003 0.733 0.11400000000000005 0
0 0.681 0.757 0.11599999999999999 0
0 0.4415 0.917 0.065 0
0 0.4245 0.941 0.09899999999999998 0
0 0.43100000000000005 1.021 0.05199999999999999 0
0 0.694 1.101 0.14800000000000002 0
0 0.3315 1.125 0.291 0
0 0.694 1.125 0.14800000000000002 0
0 0.4375 1.133 0.07899999999999996 0
0 0.079 1.149 0.06 0
0 0.8355 1.149 0.16100000000000003 0
0 0.7925 1.157 0.07499999999999996 0
0 0.8125 1.253 0.07499999999999996 0
0 0.8109999999999999 1.269 0.05399999999999994 0
0 0.053 0.9770000000000001 0 0.118
0 0.053 1.093 0 0.10400000000000009
0 0.197 1.214 0 0.1280000000000001
0 0.277 0.978 0 0.07200000000000006
0 0.349 0.9670000000000001 0 0.08199999999999996
0 0.373 0.9344999999999999 0 0.3989999999999999
0 0.621 0.9744999999999999 0 0.17299999999999993
0 0.645 1.0145 0 0.253
0 0.709 0.569 0 0.08399999999999996
0 0.709 0.7215 0 0.06899999999999995
1 0.7615 1.137 0.027294688127912362 0.05
3 0.26575 0.48525 0.4335 0.5285000000000001
3 0.69925 0.48525 0.43350000000000005 0.5285000000000001
3 0.26575 1.01375 0.4335 0.5285
3 0.69925 1.01375 0.43350000000000005 0.5285