0 0.03625 0.2595 0 0.11100000000000002
0 0.5185 0.244 0.04300000000000004 0
0 0.28800000000000003 0.324 0.504 0
0 0.31775 0.474 0 0.36600000000000005
0 0.513375 0.731 0 0.052000000000000046
0 0.082 0.764 0.092 0
0 0.31625 0.8425 0 0.17900000000000005
0 0.118125 0.825 0 0.041999999999999926
0 0.1979375 0.8375 0 0.139
0 0.2365 0.8465 0 0.08499999999999996
0 0.27675 0.8260000000000001 0 0.04399999999999993
0 0.182 0.844 0.29200000000000004 0
0 0.15050000000000002 0.884 0.04100000000000001 0
0 0.036625 0.9365 0 0.06499999999999995
0 0.0685 0.964 0.065 0
0 0.238125 1.061 0 0.19399999999999995
0 0.278375 1.0034999999999998 0 0.05499999999999994
0 0.03675 1.0845 0 0.07500000000000018
0 0.036 0.8345 0 0.05899999999999994
0 0.076 0.8545 0 0.09899999999999998
0 0.076 1.047 0 0.06400000000000006
0 0.156 0.2935 0 0.07100000000000001
0 0.196 1.0594999999999999 0 0.05700000000000016
0 0.356 0.29700000000000004 0 0.07
0 0.396 0.3145 0 0.049000000000000044
0 0.476 0.30400000000000005 0 0.045999999999999985
0 0.516 0.298 0 0.118
1 0.0363125 0.887 0.040004882514513146 0.05
3 0.16199999999999998 0.4425 0.252 0.4770000000000001
3 0.41400000000000003 0.4425 0.25200000000000006 0.4770000000000001
3 0.16199999999999998 0.9195 0.252 0.47699999999999987
3 0.41400000000000003 0.9195 0.25200000000000006 0.47699999999999987