0 0.371125 0.191 0 0.07400000000000001
0 1.654 0.1765 0 0.04500000000000001
0 0.29400000000000004 0.194 0.328 0
0 0.8465 0.194 0.061000000000000054 0
0 1.553 0.194 0.4039999999999999 0
0 0.2255 0.234 0.065 0
0 0.8465 0.234 0.061000000000000054 0
0 1.381 0.234 0.06000000000000005 0
0 1.445 0.21250000000000002 0 0.04300000000000001
0 1.689 0.228 0 0.07
0 0.23 0.274 0.07800000000000001 0
0 1.396 0.274 0.09199999999999986 0
0 1.574 0.274 0.040000000000000036 0
0 0.2515 0.39749999999999996 0 0.15299999999999997
0 0.2895 0.3295 0 0.07900000000000001
0 1.4135 0.387 0 0.122
0 1.53475 0.384 0 0.06
0 0.224 0.394 0.068 0
0 0.3300625 0.4565 0 0.15700000000000003
0 0.6185 0.394 0.05500000000000005 0
0 0.846 0.394 0.04400000000000004 0
0 1.6235 0.394 0.040999999999999925 0
0 1.737 0.297 0 0.22199999999999998
0 0.22 0.434 0.05399999999999999 0
0 0.757 0.434 0.19999999999999996 0
0 1.0979999999999999 0.434 0.07199999999999984 0
0 1.3820000000000001 0.434 0.062000000000000055 0
0 0.2535 0.474 0.14700000000000002 0
0 0.6885 0.474 0.19500000000000006 0
0 0.8514999999999999 0.474 0.06300000000000006 0
0 1.3905 0.474 0.08499999999999996 0
0 1.9015 0.474 0.04499999999999993 0
0 0.624 0.514 0.1339999999999999 0
0 0.8255 0.514 0.11299999999999999 0
0 0.1835 0.554 0.04899999999999999 0
0 0.7150000000000001 0.554 0.31399999999999995 0
0 1.01025 0.5740000000000001 0 0.04399999999999993
0 1.3975 0.554 0.09899999999999998 0
0 0.6255 0.594 0.515 0
0 1.3895 0.594 0.07699999999999996 0
0 0.6325000000000001 0.634 0.10100000000000009 0
0 0.810625 0.6034999999999999 0 0.22899999999999998
0 1.3935 0.634 0.09099999999999997 0
0 1.9325 0.634 0.04500000000000015 0
0 0.7324999999999999 0.674 0.05900000000000005 0
0 1.933 0.674 0.04400000000000004 0
0 0.7015 0.714 0.16500000000000004 0
0 1.3935 0.714 0.08499999999999996 0
0 1.755 0.714 0.04200000000000004 0
0 1.9005 0.714 0.10899999999999999 0
0 0.64975 0.754 0 0.15599999999999992
0 0.81075 0.8140000000000001 0 0.12
0 1.3860000000000001 0.754 0.07000000000000006 0
0 0.69325 0.81 0 0.06799999999999995
0 1.388 0.794 0.07599999999999985 0
0 0.1545 0.834 0.04899999999999999 0
0 0.329625 0.8035 0 0.09699999999999998
0 0.599 0.834 0.05600000000000005 0
0 1.5615 0.834 0.42100000000000004 0
0 1.907 0.834 0.09600000000000009 0
0 0.17 0.581 0 0.05799999999999994
0 0.21 0.33899999999999997 0 0.292
0 0.25 0.21799999999999997 0 0.12799999999999997
0 0.33 0.6065 0 0.08300000000000007
0 0.41 0.1945 0 0.04100000000000001
0 0.45 0.1895 0 0.07100000000000001
0 0.57 0.5645 0 0.125
0 0.61 0.5495 0 0.179
0 0.65 0.5535 0 0.187
0 0.69 0.5185 0 0.06500000000000006
0 0.73 0.36150000000000004 0 0.059
0 0.73 0.6950000000000001 0 0.07799999999999996
0 0.77 0.34750000000000003 0 0.059
0 0.77 0.6950000000000001 0 0.17800000000000005
0 0.81 0.4145 0 0.07900000000000001
0 0.85 0.22699999999999998 0 0.146
0 0.85 0.4075 0 0.044999999999999984
0 0.85 0.558 0 0.134
0 1.13 0.509 0 0.06800000000000006
0 1.29 0.185 0 0.043999999999999984
0 1.29 0.349 0 0.176
0 1.29 0.5435 0 0.137
0 1.29 0.743 0 0.050000000000000044
0 1.29 0.823 0 0.04999999999999993
0 1.37 0.514 0 0.72
0 1.41 0.234 0 0.08200000000000002
0 1.41 0.5880000000000001 0 0.09399999999999997
0 1.41 0.849 0 0.050000000000000044
0 1.45 0.849 0 0.050000000000000044
0 1.65 0.849 0 0.050000000000000044
0 1.69 0.849 0 0.050000000000000044
0 1.73 0.8135 0 0.04699999999999993
0 1.81 0.72 0 0.04600000000000004
0 1.85 0.7045 0 0.04299999999999993
0 1.89 0.47150000000000003 0 0.04099999999999998
0 1.89 0.778 0 0.128
0 1.93 0.47250000000000003 0 0.04299999999999998
0 1.93 0.637 0 0.040000000000000036
0 1.93 0.848 0 0.052000000000000046
1 1.6715 0.196 0.035510561809129405 0.05
1 0.25075 0.314 0.03902883549377306 0.05
1 0.30978125 0.3735 0.041548963961210876 0.05
1 0.26975 0.2615 0.04030198506277327 0.05
1 0.33003125 0.55 0.030000065104096023 0.05
1 0.6515 0.414 0.041484937025383084 0.05
1 0.803 0.474 0.034 0.05
1 0.693 0.654 0.044721359549995794 0.05
1 0.8106875 0.736 0.036000217013234796 0.05
1 0.8103125 0.5465 0.03500557991235111 0.05
1 0.79 0.376 0.04004996878900158 0.05
1 1.29 0.456 0.038 0.05
1 1.29 0.783 0.03 0.05
1 1.71 0.832 0.042059481689626185 0.05
1 1.87 0.72 0.0417612260356422 0.05
1 1.91 0.832 0.044721359549995794 0.05
3 0.5862499999999999 0.334 0.9125 0.36
3 1.49875 0.334 0.9125000000000001 0.36
3 0.5862499999999999 0.694 0.9125 0.36
3 1.49875 0.694 0.9125000000000001 0.36