0 0.45575 0.2505 0 0.31899999999999995
0 0.535375 0.1335 0 0.08499999999999999
0 0.617375 0.157 0 0.05199999999999999
0 0.775 0.251 0.040000000000000036 0
0 0.41475 0.29600000000000004 0 0.03999999999999998
0 0.535 0.4365 0 0.16700000000000004
0 0.7404999999999999 0.371 0.18099999999999994 0
0 0.0825 0.411 0.055 0
0 0.282 0.411 0.274 0
0 0.696625 0.397 0 0.08800000000000002
0 0.737625 0.40149999999999997 0 0.09700000000000003
0 0.24875 0.4645 0 0.05299999999999999
0 0.415 0.37949999999999995 0 0.061
0 0.495 0.4365 0 0.16700000000000004
1 0.414875 0.3325 0.033000946956110215 0.05
1 0.1275 0.411 0.035 0.05
3 0.249 0.19824999999999998 0.388 0.2145
3 0.637 0.19824999999999998 0.38799999999999996 0.2145
3 0.249 0.41275 0.388 0.21450000000000002
3 0.637 0.41275 0.38799999999999996 0.21450000000000002