0 0.709 0.344 1.058 0
0 1.053 0.544 0.10200000000000009 0
0 1.0755000000000001 0.664 1.7910000000000001 0
0 2.3505000000000003 0.664 0.6990000000000003 0
0 0.94375 0.6835 0 0.040999999999999925
0 1.22025 0.771 0 0.21599999999999997
0 1.4975 0.6835 0 0.040999999999999925
0 0.9815 0.7404999999999999 0 0.04700000000000004
0 1.37953125 0.7685 0 0.21099999999999997
0 1.41675 0.7835 0 0.07899999999999996
0 1.497 0.7829999999999999 0 0.07799999999999996
0 0.7805 0.7685 0 0.21099999999999997
0 0.995 0.784 0.08200000000000007 0
0 1.2494999999999998 0.784 0.06699999999999995 0
0 1.4645000000000001 0.784 0.19100000000000006 0
0 1.1375 0.8305 0 0.05499999999999994
0 1.4115000000000002 0.824 0.07499999999999996 0
0 1.5194999999999999 0.824 0.05499999999999994 0
0 1.6019999999999999 0.824 0.04200000000000004 0
0 2.2270000000000003 0.824 0.9460000000000002 0
0 0.406 0.864 0.07800000000000001 0
0 1.491 0.864 0.43200000000000016 0
0 1.0485 0.904 0.07699999999999996 0
0 1.6915 0.904 0.06300000000000017 0
0 0.4105 0.984 0.123 0
0 1.1545 0.984 0.2889999999999999 0
0 1.479 0.984 0.13400000000000012 0
0 1.7555 0.984 0.14100000000000001 0
0 2.253 0.984 0.04999999999999982 0
0 2.596 0.984 0.05799999999999983 0
0 0.5325 1.024 0.08099999999999996 0
0 0.8375 1.024 0.119 0
0 1.1925 1.024 0.18700000000000006 0
0 1.8005 1.024 0.08300000000000018 0
0 2.257 1.024 0.05799999999999983 0
0 0.528 1.064 0.09199999999999997 0
0 0.885 1.064 0.09800000000000009 0
0 1.0495 1.064 0.04500000000000015 0
0 1.2125 1.064 0.17699999999999982 0
0 1.5295 1.064 0.04100000000000015 0
0 1.797 1.064 0.07600000000000007 0
0 2.258 1.064 0.05999999999999961 0
0 2.5324999999999998 1.064 0.09899999999999975 0
0 0.609 1.104 0.122 0
0 0.8069999999999999 1.104 0.05799999999999994 0
0 0.9385 1.104 0.04699999999999993 0
0 1.1949999999999998 1.104 0.17199999999999993 0
0 2.3754999999999997 1.104 0.09099999999999975 0
0 0.62025 1.2555 0 0.363
0 1.1705 1.144 0.123 0
0 2.3305 1.144 0.11299999999999999 0
0 0.9165 1.184 0.119 0
0 1.21 1.184 0.17199999999999993 0
0 1.4625 1.184 0.06500000000000017 0
0 1.7355 1.184 0.10099999999999998 0
0 1.9525000000000001 1.184 0.04500000000000015 0
0 2.0404999999999998 1.184 0.06699999999999973 0
0 2.338375 1.1735 0 0.06300000000000017
0 2.52 1.184 0.0940000000000003 0
0 0.8285 1.224 0.040999999999999925 0
0 1.2005 1.224 0.18300000000000005 0
0 2.4965 1.224 0.04700000000000015 0
0 0.3435 1.264 0.04899999999999999 0
0 0.6155 1.264 0.10899999999999999 0
0 1.052 1.264 0.10599999999999998 0
0 1.423125 1.248 0 0.08800000000000008
0 2.3425000000000002 1.264 0.137 0
0 2.5365 1.264 0.040999999999999925 0
0 2.581 1.0845 0 0.547
0 1.10375 1.3415 0 0.07499999999999996
0 2.338125 1.3295 0 0.08900000000000019
0 0.7555000000000001 1.344 0.19499999999999995 0
0 1.616 1.344 0.17199999999999993 0
0 2.2295 1.344 0.9410000000000003 0
0 0.6615 1.384 0.20099999999999996 0
0 0.8595 1.4100000000000001 0 0.17400000000000015
0 1.694 1.384 0.04200000000000004 0
0 2.3425000000000002 1.384 0.137 0
0 1.3025 1.424 0.06499999999999995 0
0 1.6955 1.464 0.04499999999999993 0
0 0.18 0.33099999999999996 0 0.03999999999999998
0 0.22 0.33099999999999996 0 0.03999999999999998
0 0.26 0.33099999999999996 0 0.03999999999999998
0 0.3 0.33899999999999997 0 0.04999999999999999
0 0.34 0.33099999999999996 0 0.03999999999999998
0 0.38 0.858 0 0.07800000000000007
0 0.42 0.986 0 0.040000000000000036
0 0.5 1.0474999999999999 0 0.08100000000000018
0 0.54 0.314 0 0.09999999999999998
0 0.54 1.0539999999999998 0 0.09400000000000008
0 0.58 1.2535 0 0.4870000000000001
0 0.66 1.2325 0 0.31699999999999995
0 0.7 1.3375 0 0.04299999999999993
0 0.78 1.09 0 0.20600000000000007
0 0.78 1.3065 0 0.06300000000000017
0 0.82 0.778 0 0.052000000000000046
0 0.82 1.0295 0 0.08500000000000008
0 0.82 1.1804999999999999 0 0.1529999999999998
0 0.86 1.1084999999999998 0 0.127
0 0.9 1.0395 0 0.1050000000000001
0 0.9 1.1684999999999999 0 0.04299999999999993
0 0.94 1.0245 0 0.07500000000000007
0 0.94 1.2375 0 0.16500000000000004
0 0.98 1.1955 0 0.08099999999999996
0 1.02 0.856 0 0.3859999999999999
0 1.06 0.9794999999999999 0 0.04699999999999993
0 1.06 1.133 0 0.05799999999999983
0 1.06 1.26 0 0.05600000000000005
0 1.1 0.986 0 0.11599999999999999
0 1.14 0.6559999999999999 0 0.08199999999999996
0 1.14 1.1125 0 0.271
0 1.18 1.103 0 0.2520000000000001
0 1.22 1.105 0 0.2520000000000001
0 1.26 0.683 0 0.039999999999999925
0 1.26 0.786 0 0.06799999999999995
0 1.26 1.1125 0 0.267
0 1.3 0.712 0 0.09799999999999998
0 1.3 0.8535 0 0.10099999999999998
0 1.34 0.6890000000000001 0 0.051999999999999935
0 1.42 0.683 0 0.039999999999999925
0 1.46 0.683 0 0.039999999999999925
0 1.46 0.7985 0 0.05699999999999994
0 1.46 1.2040000000000002 0 0.062000000000000055
0 1.5 1.1455000000000002 0 0.119
0 1.54 0.788 0 0.07199999999999995
0 1.54 1.0695000000000001 0 0.08299999999999996
0 1.62 0.851 0 0.07999999999999996
0 1.62 0.9545 0 0.04699999999999993
0 1.62 1.326 0 0.040000000000000036
0 1.66 0.683 0 0.039999999999999925
0 1.66 0.9085 0 0.09299999999999997
0 1.7 0.8845000000000001 0 0.44300000000000006
0 1.7 1.3170000000000002 0 0.3600000000000001
0 1.78 1.0765 0 0.531
0 1.82 1.023 0 0.124
0 2.26 1.0030000000000001 0 0.17000000000000004
0 2.3 1.1495 0 0.06099999999999994
0 2.3 1.3005 0 0.08099999999999996
0 2.38 1.2855 0 0.42300000000000004
0 2.42 1.2635 0 0.17500000000000004
0 2.5 1.054 0 0.06800000000000006
0 2.54 1.3330000000000002 0 0.050000000000000044
1 1.986 0.664 0.03 0.05
1 0.962625 0.7105 0.039925712266658434 0.05
1 1.49725 0.724 0.04000312487793922 0.05
1 1.418375 0.743 0.04112860926411201 0.05
1 1.4705 0.824 0.043 0.05
1 1.564 0.824 0.034 0.05
1 0.482 1.004 0.044721359549995794 0.05
1 0.856 1.084 0.04 0.05
1 0.9245 1.084 0.04428317965096906 0.05
1 0.892 1.204 0.040792156108742275 0.05
1 1.991 1.184 0.032 0.05
1 1.1455 1.244 0.04019950248448356 0.05
1 2.518 1.244 0.04019950248448356 0.05
1 0.8 1.221 0.043863424398922615 0.05
1 1.28 0.7415 0.041 0.05
1 1.28 0.8115 0.04346262762420146 0.05
1 1.62 0.911 0.04 0.05
1 1.7 1.1215 0.031 0.05
3 0.8099999999999999 0.5722499999999999 1.26 0.6164999999999999
3 2.0700000000000003 0.5722499999999999 1.2600000000000002 0.6164999999999999
3 0.8099999999999999 1.18875 1.26 0.6165000000000002
3 2.0700000000000003 1.18875 1.2600000000000002 0.6165000000000002