0 1.3105 0.34 0.1509999999999998 0
0 1.669 0.355 0.1280000000000001 0
0 1.2610000000000001 0.705 0.10799999999999987 0
0 1.3439999999999999 0.77 0.23199999999999998 0
0 0.878 0.825 0.244 0
0 1.6680000000000001 0.92 0.1399999999999999 0
0 0.8819999999999999 0.965 0.2499999999999999 0
0 1.1175 1 0.15300000000000002 0
0 1.44 0.61 0 0.268
0 1.51 0.5925 0 0.675
0 1.6 0.9199999999999999 0 0.21200000000000008
0 1.735 0.8664999999999999 0 0.2849999999999999
0 2.05 0.702 0 0.30599999999999994
0 2.13 0.335 0 0.40800000000000003
0 1.4115 0.341 0.051000000000000156 0
0 1.512 0.341 0.06199999999999983 0
0 0.851 0.349 0.12 0
0 1.0855000000000001 0.349 0.06299999999999994 0
0 2.105 0.349 0.05400000000000027 0
0 1.2785000000000002 0.701 0.07899999999999996 0
0 1.3915000000000002 0.701 0.06699999999999995 0
0 0.9395 0.821 0.06099999999999994 0
0 1.635 0.821 0.06199999999999983 0
0 2.085 0.909 0.05799999999999983 0
0 1.1295000000000002 1.061 0.18300000000000005 0
0 0.897 1.069 0.06600000000000006 0
0 0.973 1.069 0.08399999999999985 0
0 1.1135000000000002 1.077 0.10699999999999998 0
0 1.1945000000000001 1.077 0.05300000000000016 0
0 1.5474999999999999 1.213 0.07499999999999996 0
0 1.6835 1.221 0.06499999999999995 0
0 1.8955000000000002 1.317 0.07499999999999996 0
0 1.684 1.325 0.06400000000000006 0
0 1.117 0.39749999999999996 0 0.09300000000000003
0 1.149 1.0285 0 0.06300000000000006
0 1.237 0.752 0 0.09800000000000009
0 1.237 0.845 0 0.062000000000000055
0 1.429 0.9724999999999999 0 0.05699999999999994
0 1.493 0.3735 0 0.07099999999999995
0 1.493 0.5245 0 0.22900000000000004
0 1.493 0.7030000000000001 0 0.126
0 1.493 1.1124999999999998 0 0.05899999999999994
0 1.501 0.4505 0 0.07100000000000001
0 1.501 0.8625 0 0.08700000000000008
0 1.709 1.2934999999999999 0 0.07300000000000018
0 1.845 1.2574999999999998 0 0.05899999999999994
0 1.861 0.3745 0 0.051000000000000045
0 1.861 0.6185 0 0.06500000000000006
0 2.117 0.6905 0 0.08299999999999996
0 2.133 0.4245 0 0.08500000000000002
1 1.3365 0.703 0.04318564576337837 0.05
1 1.459 0.341 0.044 0.05
2 1.3105 0.34 0.035 0.05
2 1.344 0.77 0.035 0.05
2 1.1175 1 0.035 0.05
2 1.51 0.39 0.035 0.05
2 1.51 0.525 0.035 0.05
2 1.51 0.66 0.035 0.05
2 1.51 0.795 0.035 0.05
2 1.735 0.8665 0.035 0.05
2 2.13 0.267 0.035 0.05
2 2.13 0.403 0.035 0.05
3 1.10025 0.43075 0.6884999999999999 0.5995
3 1.7887499999999998 0.43075 0.6885000000000001 0.5995
3 1.10025 1.03025 0.6884999999999999 0.5995
3 1.7887499999999998 1.03025 0.6885000000000001 0.5995