0 0.5135000000000001 0.148 0.049000000000000044 0
0 0.513 0.188 0.04600000000000004 0
0 0.3395 0.228 0.044999999999999984 0
0 0.514 0.228 0.04800000000000004 0
0 0.6405000000000001 0.228 0.04700000000000004 0
0 0.972 0.228 0.04800000000000004 0
0 0.242 0.268 0.10599999999999998 0
0 0.9575 0.268 0.04299999999999993 0
0 0.99975 0.2535 0 0.05100000000000002
0 0.11050000000000001 0.308 0.05500000000000001 0
0 0.43440625 0.4525 0 0.327
0 0.293 0.348 0.42 0
0 0.31825 0.3755 0 0.06499999999999995
0 0.10300000000000001 0.428 0.039999999999999994 0
0 0.216 0.428 0.04799999999999999 0
0 0.8340000000000001 0.428 0.364 0
0 1.0955 0.428 0.06099999999999994 0
0 0.19475 0.43200000000000005 0 0.07200000000000001
0 0.786 0.468 0.04800000000000004 0
0 0.842 0.48950000000000005 0 0.04299999999999998
0 0.877 0.5005000000000001 0 0.065
0 0.95575 0.4455 0 0.08099999999999996
0 0.8015 0.508 0.07499999999999996 0
0 1.0765 0.5065 0 0.041000000000000036
0 0.8009999999999999 0.548 0.126 0
0 0.35675 0.591 0 0.050000000000000044
0 0.39475 0.591 0 0.050000000000000044
0 0.5005000000000001 0.588 0.07700000000000001 0
0 0.8180000000000001 0.588 0.16000000000000003 0
0 0.115 0.3765 0 0.479
0 0.195 0.2885 0 0.046999999999999986
0 0.235 0.28200000000000003 0 0.043999999999999984
0 0.235 0.4385 0 0.04500000000000004
0 0.355 0.219 0 0.07400000000000001
0 0.555 0.5894999999999999 0 0.05300000000000005
0 0.715 0.149 0 0.06599999999999999
0 0.715 0.2645 0 0.07699999999999999
0 0.715 0.506 0 0.040000000000000036
0 0.795 0.507 0 0.07200000000000006
0 0.875 0.5945 0 0.04300000000000004
0 0.955 0.2465 0 0.047000000000000014
0 0.955 0.5945 0 0.04300000000000004
0 0.995 0.446 0 0.08199999999999996
1 0.876 0.553 0.04004996878900158 0.05
1 0.715 0.204 0.044 0.05
3 0.34375 0.241 0.5215000000000001 0.25
3 0.86525 0.241 0.5214999999999999 0.25
3 0.34375 0.491 0.5215000000000001 0.25
3 0.86525 0.491 0.5214999999999999 0.25