0 0.11075 0.2025 0 0.04100000000000001
0 0.67175 0.318 0 0.272
0 0.10699999999999998 0.222 0.072 0
0 0.4355 0.264 0 0.06199999999999997
0 0.594 0.26349999999999996 0 0.04099999999999998
0 0.39025 0.3315 0 0.08500000000000002
0 0.44 0.37 0 0.136
0 0.3335 0.342 0.056999999999999995 0
0 0.0965 0.422 0.051000000000000004 0
0 0.1545 0.659 0 0.23399999999999999
0 0.278 0.542 0.07 0
0 0.34500000000000003 0.582 0.24200000000000002 0
0 0.350875 0.62 0 0.09000000000000008
0 0.47325 0.6045 0 0.06500000000000006
0 0.073 0.6225 0 0.09100000000000008
0 0.3585 0.662 0.131 0
0 0.65 0.662 0.06000000000000005 0
0 0.1925 0.702 0.08300000000000002 0
0 0.27475 0.704 0 0.061999999999999944
0 1.0465 0.702 0.04899999999999993 0
0 0.189 0.742 0.07600000000000001 0
0 0.391125 0.7375 0 0.08500000000000008
0 0.5045 0.742 0.14899999999999997 0
0 0.63475 0.7695000000000001 0 0.05500000000000005
0 0.9385 0.742 0.07299999999999995 0
0 0.751875 0.948 0 0.12199999999999989
0 0.79025 0.902 0 0.05400000000000005
0 0.8695 0.9085000000000001 0 0.04300000000000004
0 0.994375 0.9375 0 0.07099999999999995
0 0.191 0.733 0 0.07200000000000006
0 0.231 0.5835 0 0.04699999999999993
0 0.231 0.7245 0 0.10299999999999998
0 0.271 0.5595 0 0.04699999999999993
0 0.471 0.74 0 0.08000000000000007
0 0.631 0.667 0 0.07799999999999996
0 0.871 0.7135 0 0.07099999999999995
1 0.632875 0.7125 0.03619478553604096 0.05
3 0.32099999999999995 0.38875000000000004 0.49999999999999994 0.41350000000000003
3 0.821 0.38875000000000004 0.5 0.41350000000000003
3 0.32099999999999995 0.8022499999999999 0.49999999999999994 0.41349999999999987
3 0.821 0.8022499999999999 0.5 0.41349999999999987