0 0.12725 0.22150000000000003 0 0.11100000000000002
0 0.209 0.23399999999999999 0 0.05600000000000002
0 0.9119999999999999 0.206 0.051999999999999935 0
0 1.2063125 0.2675 0 0.087
0 1.2455 0.327 0 0.206
0 1.149 0.366 0.06400000000000006 0
0 1.207375 0.40049999999999997 0 0.067
0 0.12625 0.487 0 0.08200000000000002
0 0.80725 0.51 0 0.04800000000000004
0 0.8875 0.5105 0 0.049000000000000044
0 0.5075000000000001 0.526 0.765 0
0 1.1684999999999999 0.526 0.23699999999999988 0
0 0.57225 0.5435 0 0.04499999999999993
0 0.72625 0.671 0 0.30199999999999994
0 1.126375 0.5545 0 0.06299999999999994
0 0.9099999999999999 0.606 0.06799999999999995 0
0 0.765625 0.641 0 0.05800000000000005
0 0.901 0.726 0.050000000000000044 0
0 0.8554999999999999 0.766 0.07500000000000007 0
0 0.205 0.3195 0 0.04899999999999999
0 0.325 0.28500000000000003 0 0.23800000000000002
0 0.925 0.1985 0 0.065
0 1.165 0.22000000000000003 0 0.10800000000000001
1 0.207 0.2785 0.03324154027718932 0.05
1 0.872 0.746 0.04346262762420146 0.05
3 0.4155 0.33 0.581 0.32799999999999996
3 0.9964999999999999 0.33 0.581 0.32799999999999996
3 0.4155 0.6579999999999999 0.581 0.32799999999999996
3 0.9964999999999999 0.6579999999999999 0.581 0.32799999999999996