0 1.3925 0.3645 0 0.22499999999999998
0 1.43225 0.3645 0 0.22499999999999998
0 1.5115 0.35950000000000004 0 0.21500000000000002
0 0.791 0.292 1.208 0
0 2.012 0.292 0.08999999999999986 0
0 2.173 0.292 0.09999999999999964 0
0 0.19575 0.3065 0 0.05099999999999999
0 0.727 0.332 0.05400000000000005 0
0 1.472875 0.391 0 0.18
0 0.82925 0.352 0 0.03999999999999998
0 1.9165 0.372 0.05700000000000016 0
0 0.195 0.46699999999999997 0 0.11000000000000004
0 0.7925 0.412 0.14500000000000002 0
0 1.1595 0.412 0.17900000000000005 0
0 1.4994999999999998 0.412 0.2270000000000001 0
0 1.7605 0.412 0.050999999999999934 0
0 1.88 0.412 0.12399999999999989 0
0 0.437 0.452 0.09199999999999997 0
0 0.746 0.452 0.1140000000000001 0
0 1.0975000000000001 0.452 0.10299999999999998 0
0 1.333 0.452 0.23399999999999999 0
0 1.5825 0.452 0.15900000000000003 0
0 1.851 0.452 0.17600000000000016 0
0 2.267 0.452 0.05799999999999983 0
0 0.7045 0.492 0.04499999999999993 0
0 1.901 0.492 0.04800000000000004 0
0 1.952625 0.5325 0 0.08899999999999997
0 2.1094999999999997 0.492 0.1389999999999998 0
0 2.2649999999999997 0.492 0.06199999999999983 0
0 0.7144999999999999 0.532 0.051000000000000045 0
0 2.1215 0.532 0.05099999999999971 0
0 0.7144999999999999 0.572 0.051000000000000045 0
0 1.871375 0.7075 0 0.31299999999999994
0 1.9264999999999999 0.572 0.07099999999999995 0
0 1.993625 0.6799999999999999 0 0.21600000000000008
0 2.0605 0.572 0.06100000000000039 0
0 2.11525 0.6725 0 0.20100000000000007
0 2.232 0.572 0.12799999999999967 0
0 0.7144999999999999 0.612 0.051000000000000045 0
0 1.646 0.612 0.06399999999999983 0
0 1.745 0.612 0.07400000000000007 0
0 1.9075 0.612 0.04700000000000015 0
0 2.1205 0.612 0.18900000000000006 0
0 2.2348125 0.6799999999999999 0 0.21800000000000008
0 0.2245 0.652 0.07500000000000001 0
0 0.515375 0.6665 0 0.06499999999999995
0 0.6925 0.652 0.11099999999999999 0
0 0.902 0.652 0.052000000000000046 0
0 1.675 0.652 0.10000000000000009 0
0 1.7545 0.6275 0 0.049000000000000044
0 1.904 0.652 0.10799999999999987 0
0 2.1500000000000004 0.652 0.20599999999999996 0
0 0.2265 0.692 0.07900000000000001 0
0 0.5085 0.692 0.15099999999999997 0
0 0.6905 0.692 0.10699999999999998 0
0 2.0125 0.692 0.31100000000000017 0
0 2.195375 0.6975 0 0.17700000000000005
0 0.20700000000000002 0.732 0.04000000000000001 0
0 1.991 0.732 0.12399999999999989 0
0 2.1675 0.732 0.1429999999999998 0
0 0.2125 0.772 0.056999999999999995 0
0 1.96 0.772 0.04800000000000004 0
0 2.169 0.772 0.13999999999999968 0
0 0.214 0.812 0.05399999999999999 0
0 0.7565 0.7885 0 0.04700000000000004
0 1.5594999999999999 0.812 0.050999999999999934 0
0 0.214 0.852 0.05399999999999999 0
0 1.193875 0.872 0 0.09600000000000009
0 1.3005 0.852 0.06499999999999995 0
0 1.4885 0.852 0.10899999999999999 0
0 0.214 0.892 0.05399999999999999 0
0 0.45699999999999996 0.892 0.04799999999999999 0
0 1.1235 0.892 0.05699999999999994 0
0 1.508 0.892 0.08599999999999985 0
0 0.214 0.932 0.05399999999999999 0
0 0.4565 0.932 0.061 0
0 1.1909999999999998 0.932 0.10200000000000009 0
0 1.4285 0.932 0.050999999999999934 0
0 2.083 0.932 0.058000000000000274 0
0 0.214 0.972 0.05399999999999999 0
0 0.6785 0.972 0.040999999999999925 0
0 1.274875 1.0154999999999998 0 0.08699999999999997
0 1.471 0.972 0.04600000000000004 0
0 0.214 1.012 0.05399999999999999 0
0 1.184 1.012 0.18599999999999994 0
0 1.31275 0.9730000000000001 0 0.138
0 1.3675 1.012 0.06099999999999994 0
0 1.5545 1.012 0.040999999999999925 0
0 1.752375 1.044 0 0.11399999999999999
0 0.2125 1.052 0.05099999999999999 0
0 0.694 1.052 0.09999999999999998 0
0 1.2725 1.052 0.363 0
0 1.6844999999999999 1.052 0.3909999999999998 0
0 0.21050000000000002 1.092 0.047000000000000014 0
0 1.9965 1.092 0.5989999999999998 0
0 0.1915 0.981 0 0.764
0 1.513 1.132 0.039999999999999813 0
0 1.752 1.132 0.10999999999999988 0
0 1.83575 1.1179999999999999 0 0.13800000000000012
0 2.00175 1.0924999999999998 0 0.07899999999999996
0 0.20900000000000002 1.172 0.04400000000000001 0
0 0.72 1.172 0.04800000000000004 0
0 1.74825 1.1935 0 0.04300000000000015
0 1.8295 1.172 0.049000000000000155 0
0 0.2125 1.212 0.05099999999999999 0
0 1.3295 1.212 0.061000000000000165 0
0 0.20900000000000002 1.252 0.05000000000000002 0
0 1.7229999999999999 1.252 0.05800000000000005 0
0 1.858 1.252 0.13400000000000012 0
0 0.2125 1.292 0.05099999999999999 0
0 1.589875 1.3225 0 0.06099999999999994
0 1.721 1.292 0.05400000000000005 0
0 1.99625 1.312 0 0.040000000000000036
0 0.211 1.332 0.05399999999999999 0
0 0.6145 1.332 0.05900000000000005 0
0 0.8375 1.332 0.18500000000000005 0
0 0.9995 1.332 0.05300000000000005 0
0 1.0945 1.332 0.040999999999999925 0
0 1.2850000000000001 1.332 0.1180000000000001 0
0 1.4015 1.332 0.04499999999999993 0
0 1.4925000000000002 1.332 0.07499999999999996 0
0 1.6895 1.332 0.11699999999999999 0
0 0.22749999999999998 1.372 0.12299999999999997 0
0 0.607 1.372 0.04400000000000004 0
0 0.9035 1.372 0.08299999999999996 0
0 1.231 1.401 0 0.05799999999999983
0 1.3765 1.372 0.09899999999999998 0
0 1.7245 1.372 0.06099999999999994 0
0 0.239 1.412 0.048000000000000015 0
0 0.6165 1.412 0.06900000000000006 0
0 1.324 1.412 0.04400000000000004 0
0 1.721 1.412 0.05400000000000005 0
0 0.233 0.685 0 0.08199999999999996
0 0.233 0.917 0 0.30399999999999994
0 0.233 1.314 0 0.10000000000000009
0 0.273 0.6715 0 0.05499999999999994
0 0.313 0.6679999999999999 0 0.04799999999999993
0 0.353 0.6679999999999999 0 0.04799999999999993
0 0.393 0.6699999999999999 0 0.051999999999999935
0 0.433 0.6699999999999999 0 0.051999999999999935
0 0.473 0.4605 0 0.05499999999999999
0 0.473 0.6715 0 0.05499999999999994
0 0.473 0.919 0 0.07799999999999996
0 0.513 0.3025 0 0.04299999999999998
0 0.553 0.6679999999999999 0 0.05399999999999994
0 0.593 0.665 0 0.04799999999999993
0 0.593 1.3624999999999998 0 0.135
0 0.633 0.6695 0 0.050999999999999934
0 0.633 1.366 0 0.1279999999999999
0 0.673 0.6715 0 0.05499999999999994
0 0.673 1.2965 0 0.06499999999999995
0 0.713 0.3065 0 0.05099999999999999
0 0.713 0.4445 0 0.07899999999999996
0 0.713 0.6579999999999999 0 0.08999999999999997
0 0.713 1.1735 0 0.31099999999999994
0 0.753 0.35250000000000004 0 0.04099999999999998
0 0.753 0.443 0 0.07599999999999996
0 0.753 0.585 0 0.08199999999999996
0 0.793 0.4445 0 0.065
0 0.833 0.4415 0 0.059
0 0.833 1.267 0 0.04799999999999982
0 0.833 1.349 0 0.052000000000000046
0 0.873 0.44799999999999995 0 0.05199999999999999
0 0.913 0.4465 0 0.05499999999999999
0 0.913 0.639 0 0.07200000000000006
0 0.913 1.3359999999999999 0 0.08200000000000007
0 0.953 0.4415 0 0.059
0 0.953 1.347 0 0.08199999999999985
0 0.993 0.44999999999999996 0 0.062
0 1.033 0.44999999999999996 0 0.062
0 1.073 0.4445 0 0.065
0 1.113 0.735 0 0.6460000000000001
0 1.113 1.3624999999999998 0 0.135
0 1.153 0.4465 0 0.069
0 1.193 0.4465 0 0.069
0 1.193 1.021 0 0.07599999999999996
0 1.233 0.32699999999999996 0 0.07200000000000001
0 1.233 0.441 0 0.07799999999999996
0 1.233 0.9465 0 0.09299999999999997
0 1.233 1.317 0 0.04400000000000004
0 1.273 0.4495 0 0.05499999999999999
0 1.273 1.34 0 0.06800000000000006
0 1.313 0.4495 0 0.05499999999999999
0 1.313 0.647 0 0.040000000000000036
0 1.313 0.853 0 0.050000000000000044
0 1.313 1.1840000000000002 0 0.062000000000000055
0 1.313 1.3679999999999999 0 0.12399999999999989
0 1.353 0.4495 0 0.05499999999999999
0 1.353 1.0165 0 0.05900000000000005
0 1.353 1.206 0 0.04400000000000004
0 1.353 1.3679999999999999 0 0.12399999999999989
0 1.393 1.345 0 0.07799999999999985
0 1.473 0.878 0 0.10000000000000009
0 1.473 1.0145 0 0.08899999999999997
0 1.513 0.849 0 0.04200000000000004
0 1.513 1.34 0 0.06800000000000006
0 1.553 0.5435 0 0.40099999999999997
0 1.553 0.935 0 0.2420000000000001
0 1.593 0.35750000000000004 0 0.21100000000000002
0 1.633 0.4495 0 0.05499999999999999
0 1.633 1.317 0 0.04400000000000004
0 1.633 1.4024999999999999 0 0.05499999999999994
0 1.673 0.44999999999999996 0 0.062
0 1.713 0.44799999999999995 0 0.057999999999999996
0 1.713 0.6415 0 0.051000000000000045
0 1.713 1.0899999999999999 0 0.08200000000000007
0 1.713 1.3225 0 0.21499999999999986
0 1.753 0.4395 0 0.05500000000000005
0 1.753 1.3155000000000001 0 0.10299999999999998
0 1.793 0.9119999999999999 0 0.07199999999999995
0 1.793 1.1225 0 0.14700000000000002
0 1.833 1.284 0 0.09600000000000009
0 1.873 0.45499999999999996 0 0.07200000000000001
0 1.873 1.0554999999999999 0 0.2350000000000001
0 1.873 1.2810000000000001 0 0.10399999999999987
0 1.913 0.4135 0 0.183
0 1.913 0.6759999999999999 0 0.2240000000000001
0 1.913 1.08 0 0.05400000000000005
0 1.953 0.7110000000000001 0 0.14800000000000002
0 1.953 1.08 0 0.05400000000000005
0 2.033 0.4255 0 0.046999999999999986
0 2.033 0.704 0 0.16800000000000004
0 2.033 1.08 0 0.05400000000000005
0 2.073 0.27249999999999996 0 0.04099999999999998
0 2.073 0.6799999999999999 0 0.20400000000000007
0 2.073 0.9259999999999999 0 0.04399999999999993
0 2.073 1.08 0 0.05400000000000005
0 2.073 1.331 0 0.05800000000000005
0 2.113 0.475 0 0.09200000000000003
0 2.113 1.08 0 0.05400000000000005
0 2.153 0.49850000000000005 0 0.061
0 2.153 1.0750000000000002 0 0.05800000000000005
0 2.193 1.0750000000000002 0 0.05800000000000005
0 2.233 1.0750000000000002 0 0.05800000000000005
0 2.273 0.28 0 0.055999999999999994
0 2.273 0.6034999999999999 0 0.06500000000000006
0 2.273 1.0815000000000001 0 0.05700000000000016
1 0.831125 0.392 0.04017539669997049 0.05
1 1.802 0.412 0.032 0.05
1 1.973125 0.5745 0.041303752856126766 0.05
1 1.9328125 0.4495 0.043117753014274764 0.05
1 2.0885 0.552 0.04031128874149274 0.05
1 1.693 0.612 0.03 0.05
1 2.0745 0.732 0.043 0.05
1 1.5095 0.832 0.041 0.05
1 1.2134375 0.91 0.04394047820631906 0.05
1 1.146 0.912 0.0417612260356422 0.05
1 1.477 0.912 0.041484937025383084 0.05
1 1.312875 0.935 0.02600120189529707 0.05
1 1.4715 1.052 0.035 0.05
1 1.806 1.152 0.04004996878900158 0.05
1 1.730625 1.215 0.03525 0.05
1 0.9515 1.332 0.043 0.05
1 1.3615 1.332 0.035 0.05
1 1.4395 1.332 0.031 0.05
1 1.232 1.3625 0.03306055050963308 0.05
1 0.233 0.7455 0.039 0.05
1 0.733 0.332 0.04 0.05
1 0.733 0.6235 0.042059481689626185 0.05
1 0.753 0.389 0.032 0.05
1 0.833 1.307 0.032 0.05
1 1.213 0.9795 0.04123105625617661 0.05
1 1.233 0.3825 0.039 0.05
1 1.633 1.357 0.036 0.05
3 0.6985 0.5465 1.0650000000000002 0.589
3 1.7635 0.5465 1.0649999999999997 0.589
3 0.6985 1.1355 1.0650000000000002 0.589
3 1.7635 1.1355 1.0649999999999997 0.589