0 0.05175 0.461 0 0.646
0 0.689 0.20350000000000001 0 0.05100000000000002
0 0.4 0.218 0.7 0
0 0.07 0.258 0.039999999999999994 0
0 0.44599999999999995 0.258 0.062 0
0 0.60525 0.2285 0 0.059
0 0.4435 0.458 0.061 0
0 0.5905 0.458 0.17100000000000004 0
0 0.6375 0.498 0.04300000000000004 0
0 0.2385 0.538 0.18500000000000003 0
0 0.6385000000000001 0.538 0.06900000000000006 0
0 0.65 0.578 0.04800000000000004 0
0 0.69625 0.556 0 0.04399999999999993
0 0.548 0.618 0.2700000000000001 0
0 0.492625 0.6715 0 0.04699999999999993
0 0.52975 0.6345000000000001 0 0.049000000000000044
0 0.1725 0.778 0.245 0
0 0.6125 0.778 0.07900000000000007 0
0 0.09 0.234 0 0.07400000000000001
0 0.09 0.6755 0 0.07299999999999995
0 0.13 0.1935 0 0.04300000000000001
0 0.45 0.42000000000000004 0 0.05399999999999999
0 0.49 0.4265 0 0.07100000000000001
0 0.53 0.42900000000000005 0 0.07200000000000001
0 0.57 0.4375 0 0.09299999999999997
0 0.73 0.7030000000000001 0 0.06599999999999995
1 0.4895 0.458 0.031 0.05
1 0.5111875 0.6525 0.03872035156090399 0.05
1 0.11 0.2215 0.043863424398922615 0.05
3 0.225 0.2995 0.35000000000000003 0.323
3 0.575 0.2995 0.35 0.323
3 0.225 0.6225 0.35000000000000003 0.323
3 0.575 0.6225 0.35 0.323