0 0.36425 0.1135 0 0.04300000000000001
0 0.0895 0.132 0.05500000000000001 0
0 0.3245 0.132 0.09099999999999997 0
0 0.44699999999999995 0.132 0.05199999999999999 0
0 0.27349999999999997 0.212 0.04299999999999998 0
0 0.0895 0.252 0.05500000000000001 0
0 0.55875 0.26349999999999996 0 0.04099999999999998
0 0.11925 0.3365 0 0.10700000000000004
0 0.471 0.292 0.10000000000000003 0
0 0.2805 0.2775 0 0.371
0 0.3105 0.412 0.063 0
0 0.519125 0.4215 0 0.05099999999999999
0 0.133 0.452 0.064 0
0 0.2985 0.452 0.056999999999999995 0
0 0.319 0.3325 0 0.061
0 0.479 0.33699999999999997 0 0.10800000000000004
1 0.4990625 0.365 0.04043532644854002 0.05
3 0.1861875 0.18475000000000003 0.248375 0.18550000000000003
3 0.43456249999999996 0.18475000000000003 0.24837499999999996 0.18550000000000003
3 0.1861875 0.37025 0.248375 0.1855
3 0.43456249999999996 0.37025 0.24837499999999996 0.1855