0 0.62725 0.474 0 0.064
0 0.8225 0.4675 0 0.05099999999999999
0 0.361 0.513 0.07400000000000001 0
0 0.50675 0.4925 0 0.041000000000000036
0 0.6285000000000001 0.513 0.08100000000000007 0
0 0.387125 0.6535 0 0.041000000000000036
0 0.35 0.673 0.055999999999999994 0
0 0.35950000000000004 0.713 0.07500000000000001 0
0 0.569 0.833 0.041999999999999926 0
0 1.50175 1.04 0 0.45200000000000007
0 0.573 0.873 0.04399999999999993 0
0 0.5745 0.913 0.04699999999999993 0
0 0.36150000000000004 0.953 0.07500000000000001 0
0 0.624171875 1.2625 0 0.637
0 0.383875 0.998 0 0.041999999999999926
0 0.502125 1.026 0 0.06599999999999995
0 0.6839999999999999 0.993 0.2659999999999999 0
0 0.74275 1.0510000000000002 0 0.08600000000000008
0 0.707125 1.1179999999999999 0 0.051999999999999824
0 1.18225 1.2269999999999999 0 0.04200000000000004
0 1.2655 1.2269999999999999 0 0.04200000000000004
0 1.38425 1.24 0 0.06400000000000006
0 0.9 1.2425 0 0.06099999999999994
0 1.44 1.273 0.1160000000000001 0
0 0.7344999999999999 1.313 0.07700000000000007 0
0 0.9914999999999999 1.313 0.10299999999999998 0
0 0.679 1.393 0.122 0
0 0.827375 1.478 0 0.17600000000000016
0 0.903875 1.4115 0 0.04300000000000015
0 0.651 1.433 0.06600000000000006 0
0 0.6639375 1.537 0 0.20199999999999996
0 0.743796875 1.528 0 0.14000000000000012
0 0.9570000000000001 1.473 0.051999999999999935 0
0 1.4645 1.49 0 0.09399999999999986
0 1.50175 1.4344999999999999 0 0.11499999999999999
0 0.675 1.553 0.11399999999999999 0
0 0.544625 1.6164999999999998 0 0.04699999999999993
0 0.423375 1.6164999999999998 0 0.04299999999999993
0 0.505125 1.6560000000000001 0 0.04600000000000004
0 0.424125 1.693 0 0.040000000000000036
0 0.4645 1.6555 0 0.121
0 0.908 1.673 0.04400000000000004 0
0 1.1684999999999999 1.713 0.2430000000000001 0
0 1.438 1.713 0.18599999999999994 0
0 0.344 0.9039999999999999 0 0.68
0 0.424 0.4575 0 0.061
0 0.424 1.3925 0 0.050999999999999934
0 0.464 1.0310000000000001 0 0.04200000000000004
0 0.584 0.9265 0 0.19500000000000006
0 0.704 1.0115 0 0.07700000000000007
0 0.704 1.5605 0 0.07500000000000018
0 0.784 1.015 0 0.08399999999999996
0 0.824 1.1025 0 0.255
0 0.944 1.452 0 0.07600000000000007
0 1.064 1.6475 0 0.127
0 1.144 1.228 0 0.040000000000000036
0 1.224 1.367 0 0.040000000000000036
0 1.304 1.241 0 0.07000000000000006
0 1.384 1.4215 0 0.08899999999999997
0 1.464 1.397 0 0.040000000000000036
1 0.7249375 1.093 0.035681096185515376 0.05
1 0.9239375 1.4235 0.0443961217337731 0.05
1 1.46425 1.457 0.026004807247891688 0.05
1 0.524875 1.6365 0.04011545836706842 0.05
1 0.42375 1.6555 0.03500803479203025 0.05
3 0.62425 0.74925 0.6045 0.6444999999999999
3 1.22875 0.74925 0.6044999999999999 0.6444999999999999
3 0.62425 1.3937499999999998 0.6045 0.6445000000000001
3 1.22875 1.3937499999999998 0.6044999999999999 0.6445000000000001