0 0.069 0.118 0.041999999999999996 0
0 0.118625 0.10450000000000001 0 0.053000000000000005
0 0.1795 0.118 0.047000000000000014 0
0 0.2845 0.118 0.05299999999999999 0
0 0.473 0.118 0.064 0
0 0.07150000000000001 0.158 0.047 0
0 0.27825 0.1815 0 0.046999999999999986
0 0.315375 0.17650000000000002 0 0.197
0 0.0655 0.198 0.04699999999999999 0
0 0.2305 0.198 0.07100000000000001 0
0 0.10250000000000001 0.238 0.123 0
0 0.1965 0.3425 0 0.20900000000000002
0 0.056999999999999995 0.278 0.04 0
0 0.23500000000000001 0.278 0.21400000000000002 0
0 0.35696875 0.3115 0 0.125
0 0.53 0.278 0.04400000000000004 0
0 0.0635 0.318 0.04100000000000001 0
0 0.116125 0.3465 0 0.123
0 0.3165 0.38 0 0.134
0 0.236 0.358 0.164 0
0 0.387 0.358 0.05199999999999999 0
0 0.435875 0.382 0 0.13
0 0.394125 0.41100000000000003 0 0.07200000000000001
0 0.067 0.438 0.039999999999999994 0
0 0.076 0.2625 0 0.369
0 0.116 0.2155 0 0.05099999999999999
0 0.156 0.1005 0 0.045
0 0.156 0.263 0 0.07799999999999999
0 0.196 0.143 0 0.13
0 0.236 0.10750000000000001 0 0.05900000000000001
0 0.236 0.298 0 0.146
0 0.276 0.0985 0 0.040999999999999995
0 0.276 0.34450000000000003 0 0.20500000000000002
0 0.396 0.298 0 0.10599999999999998
0 0.476 0.10550000000000001 0 0.05500000000000001
0 0.516 0.2255 0 0.04899999999999999
1 0.277125 0.1415 0.039064849929316255 0.05
1 0.277125 0.2235 0.03706834903256416 0.05
1 0.3159375 0.294 0.03801664931316278 0.05
1 0.19625 0.2625 0.030004166377354993 0.05
1 0.375546875 0.3745 0.03716970425040398 0.05
1 0.1160625 0.299 0.04400017755645993 0.05
1 0.136 0.2325 0.04346262762420146 0.05
3 0.16574999999999998 0.17025 0.2575 0.1845
3 0.42325 0.17025 0.25750000000000006 0.1845
3 0.16574999999999998 0.35475 0.2575 0.1845
3 0.42325 0.35475 0.25750000000000006 0.1845