0 0.561021484375 0.4495 0 0.309
0 0.4810859375 0.46199999999999997 0 0.26599999999999996
0 0.2205 0.575 0.056999999999999995 0
0 0.514 0.575 0.21400000000000002 0
0 0.4105 0.855 0.07100000000000001 0
0 0.3215 0.9005000000000001 0 0.05700000000000005
0 0.4075 0.895 0.07100000000000001 0
0 0.213 0.935 0.07800000000000001 0
0 0.35950000000000004 0.935 0.08500000000000002 0
0 0.41100000000000003 0.975 0.07800000000000001 0
0 0.41200000000000003 1.015 0.07400000000000001 0
0 0.35550000000000004 1.055 0.10100000000000003 0
0 0.35550000000000004 1.095 0.10100000000000003 0
0 0.5630625 1.1535 0 0.11699999999999999
0 0.499 1.135 0.13199999999999995 0
0 0.1825 1.175 0.28300000000000003 0
0 0.5165 1.249 0 0.20200000000000018
0 0.5369999999999999 1.215 0.05799999999999994 0
0 0.23975 1.2625 0 0.04899999999999993
0 0.5965 1.255 0.049000000000000044 0
0 0.598 1.335 0.04600000000000004 0
0 0.40075 1.431 0 0.16399999999999992
0 0.169 1.415 0.06 0
0 0.04275 1.4415 0 0.051000000000000156
0 0.30200000000000005 1.455 0.064 0
0 0.492 1.575 0.05399999999999999 0
0 0.0435 1.621 0 0.1080000000000001
0 0.367 1.645 0 0.06000000000000005
0 0.518 1.5505 0 0.19899999999999984
0 0.084 1.655 0.086 0
0 0.2835 1.643 0 0.06400000000000006
0 0.367 1.655 0.08999999999999997 0
0 0.46599999999999997 1.655 0.04799999999999999 0
0 0.081 1.1400000000000001 0 0.04799999999999982
0 0.081 1.6485 0 0.052999999999999936
0 0.121 1.6485 0 0.052999999999999936
0 0.201 0.5825 0 0.04299999999999993
0 0.201 0.773 0 0.04600000000000004
0 0.241 0.581 0 0.039999999999999925
0 0.241 1.6485 0 0.052999999999999936
0 0.321 1.0779999999999998 0 0.04600000000000004
0 0.361 0.511 0 0.040000000000000036
0 0.361 0.905 0 0.07199999999999995
0 0.361 1.088 0 0.06600000000000006
0 0.401 1.0795 0 0.049000000000000155
0 0.401 1.65 0 0.050000000000000044
0 0.441 0.40549999999999997 0 0.15299999999999997
0 0.441 0.5549999999999999 0 0.08599999999999997
0 0.481 1.1395 0 0.06899999999999995
0 0.481 1.65 0 0.050000000000000044
0 0.521 0.4605 0 0.26899999999999996
0 0.561 1.6455000000000002 0 0.05899999999999994
0 0.601 0.45299999999999996 0 0.312
0 0.601 1.1625 0 0.17300000000000004
0 0.601 1.6485 0 0.052999999999999936
1 0.49875 1.2275 0.0440028408173836 0.05
1 0.569 1.235 0.04044749683231337 0.05
1 0.4995 1.6375 0.04465422712353222 0.05
1 0.427 1.655 0.03 0.05
1 0.441 0.497 0.03 0.05
3 0.186 0.64 0.29000000000000004 0.69
3 0.476 0.64 0.29 0.69
3 0.186 1.33 0.29000000000000004 0.6900000000000001
3 0.476 1.33 0.29 0.6900000000000001