0 0.6425 0.313 0.37699999999999995 0
0 0.455375 0.3365 0 0.207
0 0.739 0.713 0.18399999999999994 0
0 0.7745 0.749 0 0.07200000000000006
0 0.25275 0.8965000000000001 0 0.051000000000000045
0 0.2635 0.953 0.417 0
0 0.65475 1.0135 0 0.041000000000000036
0 0.05725 0.7765000000000001 0 1.087
0 0.7355 1.073 0.06500000000000006 0
0 0.5894999999999999 1.113 0.041000000000000036 0
0 0.6545 1.1315 0 0.06899999999999995
0 0.792 1.113 0.07799999999999996 0
0 0.501 1.153 0.11000000000000004 0
0 0.48 1.193 0.068 0
0 0.536 1.185 0 0.07200000000000006
0 0.573875 1.2160000000000002 0 0.04600000000000004
0 0.792 1.193 0.07799999999999996 0
0 0.488 1.233 0.05399999999999999 0
0 0.1305 1.313 0.151 0
0 0.533 1.313 0.22800000000000004 0
0 0.455 0.5255000000000001 0 0.07300000000000006
0 0.455 1.2125 0 0.133
0 0.495 0.281 0 0.096
0 0.495 1.2 0 0.06400000000000006
0 0.615 1.047 0 0.21799999999999997
0 0.655 1.2355 0 0.06699999999999995
0 0.735 1.238 0 0.08000000000000007
0 0.775 1.166 0 0.1140000000000001
0 0.815 1.137 0 0.1160000000000001
1 0.7605 1.093 0.04272001872658766 0.05
1 0.528 1.133 0.042059481689626185 0.05
1 0.65475 1.184 0.03600347205478938 0.05
3 0.249 0.50475 0.388 0.5435
3 0.637 0.50475 0.38799999999999996 0.5435
3 0.249 1.04825 0.388 0.5435000000000001
3 0.637 1.04825 0.38799999999999996 0.5435000000000001