0 0.0461875 0.6615 0 0.7269999999999999
0 0.2095 0.396 0.05499999999999999 0
0 0.212 0.436 0.06 0
0 0.5645 0.436 0.07099999999999995 0
0 0.2515 0.476 0.139 0
0 0.60625 0.495 0 0.07600000000000001
0 0.131 0.5415 0 0.050999999999999934
0 0.266 0.516 0.055999999999999994 0
0 0.44425 0.663 0 0.372
0 0.404 0.556 0.09000000000000002 0
0 0.566125 0.5860000000000001 0 0.08599999999999997
0 0.6035 0.6385000000000001 0 0.051000000000000045
0 0.0745 0.756 0.056999999999999995 0
0 0.0795 0.876 0.067 0
0 0.129 0.8694999999999999 0 0.06300000000000006
0 0.28675 0.867 0 0.05800000000000005
0 0.1485 0.916 0.20500000000000002 0
0 0.254 0.9345 0 0.04299999999999993
0 0.394 0.956 0.08800000000000002 0
0 0.2315 0.996 0.063 0
0 0.436 0.996 0.17200000000000004 0
0 0.086 0.3335 0 0.08100000000000002
0 0.086 0.859 0 0.04200000000000004
0 0.166 0.3335 0 0.08100000000000002
0 0.166 0.9359999999999999 0 0.039999999999999925
0 0.206 0.45699999999999996 0 0.04199999999999998
0 0.206 0.8919999999999999 0 0.10799999999999998
0 0.246 0.46950000000000003 0 0.14900000000000002
0 0.286 0.5125 0 0.07100000000000006
0 0.366 0.524 0 0.09799999999999998
0 0.366 0.858 0 0.040000000000000036
0 0.366 0.988 0 0.07600000000000007
0 0.406 0.3175 0 0.049000000000000044
0 0.406 0.9784999999999999 0 0.05699999999999994
0 0.446 0.3175 0 0.049000000000000044
0 0.446 1.0070000000000001 0 0.04200000000000004
0 0.486 0.9765 0 0.09899999999999998
0 0.526 0.9764999999999999 0 0.06700000000000006
0 0.566 0.48550000000000004 0 0.05299999999999999
0 0.566 0.9784999999999999 0 0.08099999999999996
1 0.5861875 0.538 0.04135233518194589 0.05
1 0.5848125 0.621 0.04065575758733318 0.05
1 0.1475 0.9085 0.03992492955535426 0.05
1 0.270375 0.9045 0.03689935636295029 0.05
3 0.1860625 0.47675 0.280125 0.3675
3 0.4661875 0.47675 0.28012499999999996 0.3675
3 0.1860625 0.84425 0.280125 0.36750000000000005
3 0.4661875 0.84425 0.28012499999999996 0.36750000000000005