0 0.07175 0.2905 0 0.327
0 0.8285 0.167 0.06699999999999995 0
0 0.868 0.178 0 0.057999999999999996
0 0.7885 0.247 0.05899999999999994 0
0 0.933 0.247 0.05999999999999994 0
0 0.998 0.192 0 0.10999999999999999
0 0.8285 0.33399999999999996 0 0.09400000000000003
0 0.4335 0.447 0.7270000000000001 0
0 0.8675 0.6094999999999999 0 0.08500000000000008
0 0.978 0.567 0.11199999999999999 0
0 1.03 0.6305000000000001 0 0.17699999999999994
0 0.9995 0.687 0.06900000000000006 0
0 0.23 0.2905 0 0.327
0 0.31 0.152 0 0.04999999999999999
0 0.59 0.30400000000000005 0 0.06
0 0.91 0.2565 0 0.07499999999999998
0 0.95 0.241 0 0.05200000000000002
0 1.03 0.178 0 0.08199999999999999
1 0.889 0.213 0.04368065933568311 0.05
3 0.31100000000000005 0.275 0.48200000000000004 0.296
3 0.793 0.275 0.482 0.296
3 0.31100000000000005 0.571 0.48200000000000004 0.296
3 0.793 0.571 0.482 0.296