0 0.0585 0.132 0 0.062
0 0.26071875 0.25 0 0.138
0 0.219125 0.2455 0 0.08499999999999996
0 0.07200000000000001 0.261 0.074 0
0 0.059500000000000004 0.381 0.049 0
0 0.1405 0.4495 0 0.14900000000000002
0 0.06425 0.4375 0 0.051000000000000045
0 0.277 0.501 0.045999999999999985 0
0 0.06 0.316 0 0.14
0 0.1 0.4265 0 0.07700000000000001
0 0.22 0.54 0 0.06799999999999995
0 0.26 0.5329999999999999 0 0.08199999999999996
1 0.062125 0.3545 0.026345065951710957 0.05
3 0.10125 0.21925 0.1325 0.23650000000000002
3 0.23375 0.21925 0.13249999999999998 0.23650000000000002
3 0.10125 0.45575 0.1325 0.23649999999999993
3 0.23375 0.45575 0.13249999999999998 0.23649999999999993