0 0.9035 0.282 0.04300000000000004 0
0 1.0319375 0.314 0 0.07399999999999995
0 0.2405 0.322 0.09899999999999998 0
0 0.352375 0.329 0 0.128
0 0.4305 0.322 0.07699999999999996 0
0 0.472625 0.5185 0 0.633
0 0.2275 0.402 0.07300000000000001 0
0 0.6765 0.442 0.08299999999999996 0
0 0.2275 0.482 0.07300000000000001 0
0 1.03575 0.51 0 0.05600000000000005
0 0.2335 0.522 0.08500000000000002 0
0 0.307 0.562 0.10399999999999998 0
0 0.4255 0.562 0.067 0
0 0.39725 0.5795 0 0.04499999999999993
0 0.4225 0.642 0.08500000000000002 0
0 0.9035 0.682 0.04300000000000004 0
0 0.95125 0.7665 0 0.121
0 0.4505 0.762 0.061 0
0 0.9299999999999999 0.762 0.05999999999999994 0
0 0.984 0.802 0.20800000000000007 0
0 0.5435 0.842 0.423 0
0 0.90825 0.522 0 0.6399999999999999
0 0.3405 0.882 0.056999999999999995 0
0 0.507 0.882 0.12599999999999995 0
0 0.3155 0.922 0.041000000000000036 0
0 0.3931875 0.9615 0 0.133
0 0.433625 0.9185 0 0.06699999999999995
0 0.673375 0.946 0 0.04799999999999993
0 0.334 0.962 0.118 0
0 0.745 0.962 0.052000000000000046 0
0 0.36650000000000005 1.002 0.05299999999999999 0
0 0.479 1.042 0.13400000000000006 0
0 0.567 1.082 0.15400000000000003 0
0 0.5995 1.122 0.08099999999999996 0
0 0.192 0.383 0 0.36199999999999993
0 0.232 0.312 0 0.050000000000000044
0 0.232 0.456 0 0.11199999999999999
0 0.232 0.843 0 0.04200000000000004
0 0.272 0.3255 0 0.247
0 0.272 0.5245 0 0.08899999999999997
0 0.272 0.7615000000000001 0 0.07500000000000007
0 0.272 0.9665 0 0.07099999999999995
0 0.312 0.9235 0 0.08899999999999997
0 0.352 0.5835 0 0.04499999999999993
0 0.432 0.6639999999999999 0 0.09399999999999997
0 0.432 1.0115 0 0.05300000000000005
0 0.472 1.006 0 0.13
0 0.512 0.878 0 0.10000000000000009
0 0.592 0.9295 0 0.06499999999999995
0 0.592 1.112 0 0.07199999999999984
0 0.632 0.885 0 0.118
0 0.632 1.0905 0 0.11499999999999999
0 0.672 0.3155 0 0.04300000000000004
0 0.672 0.503 0 0.04200000000000004
0 0.752 0.893 0 0.14200000000000002
0 0.752 1.0825 0 0.131
0 1.032 0.7795000000000001 0 0.051000000000000045
1 0.4923125 0.8315 0.039992382087092535 0.05
1 0.3755 0.562 0.033 0.05
1 0.4328125 0.9685 0.03303998524515409 0.05
1 0.4025 1.022 0.04428317965096906 0.05
1 0.272 0.4645 0.031 0.05
3 0.41525 0.4385 0.44849999999999995 0.47300000000000003
3 0.86375 0.4385 0.4485000000000001 0.47300000000000003
3 0.41525 0.9115 0.44849999999999995 0.47299999999999986
3 0.86375 0.9115 0.4485000000000001 0.47299999999999986