0 0.087 0.386 0.082 0
0 0.3975 0.386 0.267 0
0 0.0915 0.426 0.09100000000000001 0
0 0.21425 0.889 0 1.246
0 0.396 0.426 0.264 0
0 0.0945 0.466 0.09699999999999999 0
0 0.4025 0.466 0.28500000000000003 0
0 0.0945 0.506 0.09699999999999999 0
0 0.3995 0.506 0.279 0
0 0.0945 0.546 0.09699999999999999 0
0 0.3995 0.546 0.279 0
0 0.1975 0.586 0.125 0
0 0.41200000000000003 0.586 0.07800000000000001 0
0 0.6799999999999999 0.586 0.041999999999999926 0
0 0.45325 0.4995 0 0.253
0 0.675 0.626 0.051999999999999935 0
0 0.6014999999999999 0.666 0.04300000000000004 0
0 0.128 0.831 0 0.05599999999999994
0 0.404 0.826 0.068 0
0 0.20350000000000001 0.866 0.14900000000000002 0
0 0.20350000000000001 0.906 0.14900000000000002 0
0 0.40449999999999997 0.906 0.069 0
0 0.2085 0.946 0.05299999999999999 0
0 0.2915 0.946 0.04899999999999999 0
0 0.406 0.946 0.07200000000000001 0
0 0.1985 0.986 0.14500000000000002 0
0 0.177 1.026 0.10200000000000001 0
0 0.534 1.026 0.33399999999999996 0
0 0.128 1.0085000000000002 0 0.20300000000000007
0 0.5785 1.066 0.09699999999999998 0
0 0.2055 1.106 0.15899999999999997 0
0 0.669 1.106 0.06399999999999995 0
0 0.211 1.146 0.05199999999999999 0
0 0.525 1.146 0.040000000000000036 0
0 0.669 1.146 0.06399999999999995 0
0 0.2065 1.186 0.321 0
0 0.199 1.226 0.122 0
0 0.608875 1.2309999999999999 0 0.05800000000000005
0 0.134 1.409 0 0.20599999999999996
0 0.288875 1.393 0 0.238
0 0.202 1.346 0.04000000000000001 0
0 0.19549999999999998 1.386 0.183 0
0 0.393 1.386 0.08400000000000002 0
0 0.2125 1.426 0.333 0
0 0.29100000000000004 1.466 0.49000000000000005 0
0 0.208 1.506 0.324 0
0 0.086 0.5275 0 0.13299999999999995
0 0.086 1.4525000000000001 0 0.119
0 0.126 0.5245 0 0.13899999999999996
0 0.126 1.1684999999999999 0 0.05300000000000016
0 0.166 0.881 0 0.05600000000000005
0 0.166 0.9724999999999999 0 0.05699999999999994
0 0.166 1.4195 0 0.18500000000000005
0 0.246 0.581 0 0.04599999999999993
0 0.246 0.9670000000000001 0 0.32799999999999996
0 0.246 1.1915 0 0.04899999999999993
0 0.246 1.4195 0 0.18500000000000005
0 0.286 0.4855 0 0.22499999999999998
0 0.326 0.52 0 0.15599999999999997
0 0.326 1.4495 0 0.125
0 0.366 0.492 0 0.238
0 0.366 1.4465 0 0.131
0 0.406 0.4745 0 0.20299999999999996
0 0.406 0.9255 0 0.07499999999999996
0 0.446 0.8415 0 0.07099999999999995
0 0.446 0.9764999999999999 0 0.07699999999999996
0 0.486 0.4745 0 0.20299999999999996
0 0.486 1.44 0 0.062000000000000055
0 0.526 0.47 0 0.19399999999999995
0 0.566 0.583 0 0.05599999999999994
0 0.566 0.7055 0 0.06099999999999994
0 0.566 1.0470000000000002 0 0.04200000000000004
0 0.566 1.146 0 0.040000000000000036
0 0.606 0.583 0 0.05599999999999994
0 0.606 1.0539999999999998 0 0.062000000000000055
0 0.646 0.5920000000000001 0 0.07399999999999995
0 0.646 1.1179999999999999 0 0.09000000000000008
0 0.686 1.0945 0 0.137
1 0.139 0.566 0.040792156108742275 0.05
1 0.337 0.566 0.04 0.05
1 0.147 0.856 0.038470768123342686 0.05
1 0.2725 0.926 0.041484937025383084 0.05
1 0.127 1.126 0.0320624390837628 0.05
1 0.147 0.9815 0.038052595180880895 0.05
1 0.632 1.086 0.04123105625617661 0.05
1 0.166 0.9265 0.035 0.05
1 0.246 1.149 0.036 0.05
1 0.426 0.8845 0.041484937025383084 0.05
1 0.546 0.561 0.0417612260356422 0.05
3 0.20975 0.5775 0.3275 0.623
3 0.53725 0.5775 0.32749999999999996 0.623
3 0.20975 1.2005 0.3275 0.623
3 0.53725 1.2005 0.32749999999999996 0.623