0 0.582 0.745 0.23199999999999993 0
0 0.09 0.8400000000000001 0 0.11199999999999999
0 0.165 0.6025 0 0.22899999999999998
0 0.175 0.472 0 0.302
0 0.4 0.8815 0 0.18099999999999994
0 0.72 0.731 0 0.28600000000000003
0 0.218 0.477 0.066 0
0 0.8545 0.477 0.07100000000000006 0
0 0.9835 0.477 0.14500000000000002 0
0 0.48950000000000005 0.565 0.059 0
0 0.5429999999999999 0.741 0.14200000000000002 0
0 0.5105 0.749 0.05700000000000005 0
0 0.133 0.797 0.07999999999999999 0
0 0.821 0.869 0.118 0
0 0.915 0.869 0.06799999999999995 0
0 0.28300000000000003 0.893 0.057999999999999996 0
0 0.165 0.5509999999999999 0 0.07399999999999995
0 0.181 0.11399999999999999 0 0.136
0 0.181 0.7775000000000001 0 0.06300000000000006
0 0.189 0.4605 0 0.27099999999999996
0 0.509 0.5875 0 0.05499999999999994
0 0.605 0.777 0 0.06600000000000006
0 0.605 0.8999999999999999 0 0.08199999999999996
1 0.173 0.7315 0.03312099032335839 0.05
2 0.582 0.745 0.035 0.05
2 0.175 0.42166666666666663 0.035 0.05
2 0.175 0.5223333333333332 0.035 0.05
3 0.33149999999999996 0.2775 0.483 0.463
3 0.8145 0.2775 0.4830000000000001 0.463
3 0.33149999999999996 0.7404999999999999 0.483 0.46299999999999997
3 0.8145 0.7404999999999999 0.4830000000000001 0.46299999999999997