0 0.776875 0.238 0 0.06200000000000003
0 0.2925 0.305 0.063 0
0 0.3065 0.585 0.065 0
0 0.3795 0.5905 0 0.06299999999999994
0 0.49475 0.639 0 0.05400000000000005
0 0.29550000000000004 0.665 0.47900000000000004 0
0 0.65825 0.6995 0 0.15900000000000003
0 0.7325 0.6985 0 0.06699999999999995
0 0.176 0.786 0 0.08199999999999996
0 0.29875 0.7915 0 0.07099999999999995
0 0.4635 0.806 0 0.041999999999999926
0 0.5425 0.806 0 0.041999999999999926
0 0.677 0.785 0.05799999999999994 0
0 0.6325000000000001 0.825 0.049000000000000044 0
0 0.136 0.7869999999999999 0 0.07999999999999996
0 0.336 0.5800000000000001 0 0.039999999999999925
1 0.657 0.805 0.041 0.05
3 0.23621875 0.362 0.3604375 0.31000000000000005
3 0.59665625 0.362 0.36043749999999997 0.31000000000000005
3 0.23621875 0.6719999999999999 0.3604375 0.30999999999999994
3 0.59665625 0.6719999999999999 0.36043749999999997 0.30999999999999994