0 0.3483125 0.1635 0 0.111
0 0.35150000000000003 0.148 0.067 0
0 0.427 0.137 0 0.05800000000000001
0 0.354 0.188 0.07200000000000001 0
0 0.5435 0.20550000000000002 0 0.04300000000000001
0 0.49550000000000005 0.228 0.35500000000000004 0
0 0.4185 0.308 0.09100000000000003 0
0 0.385625 0.34199999999999997 0 0.07600000000000001
0 0.5755 0.348 0.06899999999999995 0
0 0.5893125 0.4115 0 0.121
0 0.791 0.5815 0 0.06699999999999995
0 0.907375 0.5385 0 0.08499999999999996
0 0.148 0.503 0 0.04800000000000004
0 0.388 0.169 0 0.12200000000000001
0 0.468 0.254 0 0.07399999999999998
0 0.948 0.5555 0 0.06899999999999995
3 0.34800000000000003 0.23475 0.4 0.2535
3 0.748 0.23475 0.3999999999999999 0.2535
3 0.34800000000000003 0.48824999999999996 0.4 0.2535
3 0.748 0.48824999999999996 0.3999999999999999 0.2535