0 0.1265 0.263 0.049 0
0 0.126 0.303 0.048 0
0 0.685 0.303 0.06399999999999995 0
0 0.1445 0.423 0.085 0
0 0.3705 0.423 0.235 0
0 0.7785 0.546 0 0.31999999999999995
0 0.41875 0.48350000000000004 0 0.13100000000000006
0 0.28400000000000003 0.503 0.08800000000000002 0
0 0.454 0.5325 0 0.05900000000000005
0 0.45199999999999996 0.543 0.07400000000000001 0
0 0.42075 0.634 0 0.10200000000000009
0 0.618875 0.7335 0 0.32700000000000007
0 0.657 0.659 0 0.15200000000000002
0 0.7525 0.583 0.049000000000000044 0
0 1.1435 0.583 0.11299999999999999 0
0 0.365 0.623 0.040000000000000036 0
0 0.559 0.623 0.186 0
0 0.5710000000000001 0.663 0.21400000000000002 0
0 1.0775000000000001 0.663 0.050999999999999934 0
0 1.1764999999999999 0.663 0.06900000000000017 0
0 0.27049999999999996 0.703 0.05099999999999999 0
0 1.1325 0.703 0.16100000000000003 0
0 0.5409999999999999 0.743 0.138 0
0 0.7895 0.783 0.16100000000000003 0
0 1.023 0.783 0.14 0
0 0.1355 0.823 0.045 0
0 0.621 0.823 0.06600000000000006 0
0 0.821125 0.802 0 0.04799999999999993
0 1.01925 0.804 0 0.18600000000000005
0 0.242 0.863 0.07999999999999996 0
0 0.545 0.8845000000000001 0 0.04300000000000004
0 0.6245 0.863 0.07300000000000006 0
0 0.7244999999999999 0.863 0.04700000000000004 0
0 0.904 0.9059999999999999 0 0.08599999999999997
0 0.9425 0.9115 0 0.09699999999999998
0 0.9954999999999999 0.863 0.04299999999999993 0
0 0.6185 0.903 0.29300000000000004 0
0 0.9844999999999999 0.903 0.07500000000000007 0
0 0.9245 0.943 0.052999999999999936 0
0 1.2175 0.963 0 0.040000000000000036
0 0.493 1.063 0.04200000000000004 0
0 0.6605 1.16 0 0.21399999999999997
0 0.9794999999999999 1.103 0.04699999999999993 0
0 0.438 1.143 0.41800000000000004 0
0 0.4435 1.183 0.065 0
0 0.593 1.183 0.128 0
0 0.9355 1.183 0.06699999999999995 0
0 1.0575 1.183 0.04100000000000015 0
0 0.688 1.263 0.07399999999999995 0
0 0.1 0.42600000000000005 0 0.04199999999999998
0 0.14 0.745 0 1.0439999999999998
0 0.18 0.857 0 0.05600000000000005
0 0.26 0.41700000000000004 0 0.043999999999999984
0 0.26 0.6915 0 0.052999999999999936
0 0.26 1.1075 0 0.07699999999999996
0 0.3 0.692 0 0.039999999999999925
0 0.3 0.8374999999999999 0 0.04300000000000004
0 0.3 1.1705 0 0.061000000000000165
0 0.34 1.1075 0 0.08099999999999996
0 0.38 0.401 0 0.055999999999999994
0 0.42 0.7929999999999999 0 0.08799999999999997
0 0.42 1.168 0 0.06000000000000005
0 0.46 1.174 0 0.06400000000000006
0 0.5 0.321 0 0.19599999999999998
0 0.5 0.5595 0 0.20500000000000002
0 0.5 1.0915 0 0.07499999999999996
0 0.58 0.637 0 0.06800000000000006
0 0.66 0.863 0 0.128
0 0.74 0.956 0 0.05799999999999994
0 0.86 0.8109999999999999 0 0.06599999999999995
0 0.98 1.0825 0 0.06899999999999995
0 1.02 1.0975000000000001 0 0.04500000000000015
0 1.06 0.6945 0 0.04899999999999993
0 1.1 0.589 0 0.05599999999999994
0 1.1 0.6855 0 0.07299999999999995
0 1.18 0.698 0 0.04999999999999993
0 1.26 1.0205 0 0.1270000000000001
1 0.41975 0.566 0.03405877273185281 0.05
1 0.399375 0.461 0.04028104392887553 0.05
1 1.1225 0.663 0.039 0.05
1 1.039625 0.7835 0.04152785209952472 0.05
1 0.681 0.863 0.04 0.05
1 0.96 0.923 0.04019950248448356 0.05
1 0.28 1.143 0.04044749683231337 0.05
1 0.48 1.13 0.042059481689626185 0.05
1 0.5 0.438 0.038 0.05
3 0.39 0.484 0.5800000000000001 0.522
3 0.97 0.484 0.58 0.522
3 0.39 1.006 0.5800000000000001 0.5219999999999999
3 0.97 1.006 0.58 0.5219999999999999