0 0.226 0.9535 0 1.335
0 0.321 0.326 0.10399999999999998 0
0 0.586734375 0.40800000000000003 0 0.24200000000000005
0 0.8455 0.326 0.41700000000000004 0
0 1.537 0.326 0.040000000000000036 0
0 1.588 0.36250000000000004 0 0.08700000000000002
0 0.46599999999999997 0.366 0.36800000000000005 0
0 0.7415 0.366 0.10899999999999999 0
0 0.855 0.366 0.04600000000000004 0
0 1.015 0.366 0.05599999999999994 0
0 1.510625 0.39249999999999996 0 0.05299999999999999
0 0.478 0.406 0.38600000000000007 0
0 0.70075 0.3855 0 0.041000000000000036
0 1.30825 0.39249999999999996 0 0.04899999999999999
0 1.577 0.406 0.08200000000000007 0
0 0.5509999999999999 0.446 0.09599999999999997 0
0 0.6281875 0.48950000000000005 0 0.09500000000000003
0 0.804 0.446 0.05799999999999994 0
0 1.4445000000000001 0.446 0.07499999999999996 0
0 0.4205 0.486 0.04899999999999999 0
0 0.538 0.486 0.051999999999999935 0
0 1.0085 0.486 0.09500000000000008 0
0 1.395 0.486 0.32600000000000007 0
0 0.47650000000000003 0.526 0.38900000000000007 0
0 1.0085 0.526 0.09500000000000008 0
0 1.2965 0.526 0.2330000000000001 0
0 1.5510000000000002 0.526 0.13400000000000012 0
0 0.398 0.566 0.06 0
0 1.3664999999999998 0.566 0.07099999999999995 0
0 1.469 0.585 0 0.07599999999999996
0 1.5805 0.566 0.07500000000000018 0
0 0.867 0.606 0.040000000000000036 0
0 1.437 0.606 0.05600000000000005 0
0 1.025 0.646 0.04600000000000004 0
0 0.38425 0.6605000000000001 0 0.051000000000000045
0 0.738 0.686 0.040000000000000036 0
0 0.8280000000000001 0.686 0.07999999999999996 0
0 0.9949999999999999 0.686 0.06799999999999995 0
0 0.302 0.726 0.040000000000000036 0
0 0.4635 0.7030000000000001 0 0.04599999999999993
0 0.3235 0.766 0.08699999999999997 0
0 0.9895 0.76 0 0.10599999999999998
0 0.302 0.806 0.040000000000000036 0
0 1.5245000000000002 0.806 0.05499999999999994 0
0 0.5255 0.846 0.07899999999999996 0
0 0.588125 0.831 0 0.04799999999999993
0 1.004 0.846 0.08599999999999997 0
0 0.34640625 0.9564999999999999 0 0.18499999999999994
0 0.4625 0.886 0.16700000000000004 0
0 1.013 0.886 0.10399999999999998 0
0 1.265875 0.9285 0 0.08499999999999996
0 0.3305 0.926 0.10099999999999998 0
0 0.43075 0.9555 0 0.05899999999999994
0 0.94753125 1.0465 0 0.241
0 0.98825 0.9099999999999999 0 0.13
0 1.2015 0.926 0.04899999999999993 0
0 1.307 0.926 0.04800000000000004 0
0 0.3065 0.966 0.049000000000000044 0
0 0.5469999999999999 0.966 0.05999999999999994 0
0 0.6815 0.966 0.08499999999999996 0
0 0.82475 0.9735 0 0.061000000000000054
0 0.9630000000000001 0.966 0.17000000000000004 0
0 1.067875 0.95 0 0.05399999999999994
0 1.2275 0.966 0.09099999999999997 0
0 0.3105 1.006 0.05700000000000005 0
0 0.507625 1.056 0 0.1080000000000001
0 0.654 1.006 0.052000000000000046 0
0 0.8855 1.006 0.14300000000000002 0
0 1.0272734375 1.227 0 0.5200000000000001
0 1.2105000000000001 1.006 0.05700000000000016 0
0 0.82475 1.0659999999999998 0 0.05800000000000005
0 0.9045 1.046 0.06699999999999995 0
0 1.029 1.046 0.040000000000000036 0
0 0.5025 1.086 0.041000000000000036 0
0 0.86825 1.0445 0 0.19899999999999995
0 0.9239999999999999 1.086 0.05399999999999994 0
0 0.986125 1.0935 0 0.06899999999999995
0 1.033 1.086 0.040000000000000036 0
0 1.383 1.086 0.17399999999999993 0
0 0.6185 1.126 0.1070000000000001 0
0 1.02 1.126 0.04400000000000004 0
0 1.304875 1.152 0 0.052000000000000046
0 1.5165000000000002 1.126 0.09099999999999997 0
0 0.9410000000000001 1.166 0.06999999999999995 0
0 1.5685 1.166 0.05500000000000016 0
0 1.0075 1.206 0.04500000000000004 0
0 1.214 1.246 0.06800000000000006 0
0 0.6425000000000001 1.286 0.05500000000000005 0
0 1.031 1.286 0.040000000000000036 0
0 1.2735 1.275 0 0.07800000000000007
0 1.4645 1.2774999999999999 0 0.04299999999999993
0 0.78709375 1.4415 0 0.29700000000000015
0 1.294 1.326 0.21999999999999997 0
0 0.6719999999999999 1.366 0.132 0
0 1.319 1.366 0.04200000000000004 0
0 1.586625 1.42 0 0.10799999999999987
0 0.5894999999999999 1.406 0.049000000000000044 0
0 1.5695000000000001 1.406 0.0970000000000002 0
0 0.5780000000000001 1.446 0.05799999999999994 0
0 0.989 1.446 0.10799999999999987 0
0 1.35075 1.4415 0 0.06899999999999995
0 1.5645 1.446 0.04700000000000015 0
0 0.3425 1.486 0.125 0
0 0.509 1.486 0.14199999999999996 0
0 0.6925 1.486 0.04899999999999993 0
0 0.8885000000000001 1.486 0.05300000000000005 0
0 0.94225 1.463 0 0.04600000000000004
0 1.4020000000000001 1.486 0.43200000000000016 0
0 0.593 1.526 0.118 0
0 0.4235 1.566 0.2869999999999999 0
0 0.590625 1.5305 0 0.18100000000000005
0 0.627875 1.575 0 0.09200000000000008
0 0.664625 1.5805 0 0.08099999999999996
0 1.066625 1.5554999999999999 0 0.061000000000000165
0 1.2705 1.566 0.16900000000000004 0
0 1.385875 1.5755 0 0.04299999999999993
0 1.506 1.5915 0 0.05899999999999994
0 1.55 1.5905 0 0.06099999999999994
0 0.54475 1.5755 0 0.061000000000000165
0 0.6890000000000001 1.606 0.08199999999999996 0
0 1.1925 1.188 0 0.866
0 0.307 0.36150000000000004 0 0.067
0 0.307 1.018 0 1.1440000000000001
0 0.347 0.39749999999999996 0 0.22300000000000003
0 0.387 0.4305 0 0.289
0 0.387 0.9145 0 0.07899999999999996
0 0.387 1.1735 0 0.06700000000000017
0 0.427 0.347 0 0.12
0 0.427 0.47850000000000004 0 0.07700000000000001
0 0.427 1.271 0 0.04799999999999982
0 0.467 0.4075 0 0.24300000000000005
0 0.467 1.085 0 0.06000000000000005
0 0.467 1.3685 0 0.050999999999999934
0 0.507 0.42000000000000004 0 0.26600000000000007
0 0.507 0.8420000000000001 0 0.08599999999999997
0 0.507 1.4754999999999998 0 0.06299999999999994
0 0.547 0.359 0 0.062
0 0.547 0.479 0 0.11400000000000005
0 0.547 1.0845 0 0.06499999999999995
0 0.587 1.369 0 0.052000000000000046
0 0.627 0.3475 0 0.121
0 0.667 0.40800000000000003 0 0.24200000000000005
0 0.667 1.045 0 0.16000000000000003
0 0.707 0.3115 0 0.049000000000000044
0 0.707 1.3695 0 0.04699999999999993
0 0.747 0.3415 0 0.10900000000000004
0 0.747 1.1625 0 0.06299999999999994
0 0.787 0.3715 0 0.04700000000000004
0 0.827 0.3285 0 0.08500000000000002
0 0.827 0.657 0 0.07599999999999996
0 0.827 1.17 0 0.08600000000000008
0 0.867 0.34099999999999997 0 0.10800000000000004
0 0.907 1.157 0 0.08199999999999985
0 0.907 1.4735 0 0.04899999999999993
0 0.947 0.3495 0 0.121
0 0.987 0.349 0 0.12
0 0.987 0.5745 0 0.22100000000000003
0 0.987 1.2195 0 0.08099999999999996
0 0.987 1.4615 0 0.04300000000000015
0 1.027 0.6164999999999999 0 0.655
0 1.187 0.3395 0 0.056999999999999995
0 1.187 0.6205 0 0.22499999999999998
0 1.227 0.442 0 0.14800000000000002
0 1.227 0.9199999999999999 0 0.05799999999999994
0 1.227 1.157 0 0.052000000000000046
0 1.227 1.5905 0 0.06099999999999994
0 1.267 0.391 0 0.045999999999999985
0 1.267 0.501 0 0.10400000000000004
0 1.267 0.7130000000000001 0 0.051999999999999935
0 1.307 0.501 0 0.10400000000000004
0 1.347 0.391 0 0.045999999999999985
0 1.347 0.511 0 0.12399999999999994
0 1.347 1.1545 0 0.04699999999999993
0 1.347 1.5875 0 0.06699999999999995
0 1.387 0.442 0 0.14800000000000002
0 1.387 1.1535 0 0.04499999999999993
0 1.427 0.4405 0 0.14500000000000002
0 1.427 1.5905 0 0.06099999999999994
0 1.467 0.4425 0 0.14900000000000002
0 1.467 0.865 0 0.08000000000000007
0 1.467 1.1295 0 0.04499999999999993
0 1.507 0.493 0 0.08800000000000002
0 1.507 1.2255 0 0.04499999999999993
0 1.547 0.368 0 0.09799999999999998
0 1.547 0.8385 0 0.6869999999999999
0 1.547 1.4220000000000002 0 0.13000000000000012
0 1.587 0.56 0 0.05999999999999994
0 1.587 0.687 0 0.039999999999999925
0 1.587 1.191 0 0.08000000000000007
0 1.587 1.5739999999999998 0 0.04600000000000004
1 0.668 0.346 0.042059481689626185 0.05
1 0.814 0.366 0.036 0.05
1 0.5405 0.386 0.04308131845707603 0.05
1 1.5088125 0.434 0.030218216773992473 0.05
1 1.307625 0.433 0.03202440475637291 0.05
1 1.4055 0.586 0.040607881008493905 0.05
1 1.468 0.4955 0.030066592756745815 0.05
1 0.773 0.686 0.03 0.05
1 0.988875 0.829 0.03202440475637291 0.05
1 0.413 0.906 0.04004996878900158 0.05
1 0.967265625 1.173 0.04125266326629712 0.05
1 1.00776171875 0.971 0.03983501819149084 0.05
1 1.2565 0.946 0.04123105625617661 0.05
1 0.82475 1.0205 0.033 0.05
1 0.825875 1.111 0.03207900403690863 0.05
1 1.4705 1.106 0.04001249804748511 0.05
1 1.48575 1.251 0.04324638713233742 0.05
1 0.6515 1.386 0.040792156108742275 0.05
1 0.9525 1.466 0.044721359549995794 0.05
1 0.4215 1.486 0.033 0.05
1 0.6255 1.506 0.04308131845707603 0.05
1 0.427 0.4235 0.033 0.05
1 1.207 0.368 0.04 0.05
1 1.207 0.5505 0.040792156108742275 0.05
3 0.5740000000000001 0.61975 0.6960000000000001 0.6675
3 1.27 0.61975 0.6960000000000001 0.6675
3 0.5740000000000001 1.28725 0.6960000000000001 0.6675
3 1.27 1.28725 0.6960000000000001 0.6675