0 0.433 0.33749999999999997 0 0.263
0 0.515 0.238 0 0.058000000000000024
0 0.517625 0.565 0 0.07799999999999996
0 0.219 0.606 0.36400000000000005 0
0 0.5255 0.606 0.08499999999999996 0
0 0.118875 0.6385000000000001 0 0.06900000000000006
0 0.23775 0.637 0 0.07000000000000006
0 0.49350000000000005 0.646 0.10500000000000004 0
0 0.31925 0.69 0 0.039999999999999925
0 0.5184375 0.76 0 0.11599999999999999
0 0.491 0.766 0.15399999999999997 0
0 0.436875 0.8215 0 0.07299999999999995
0 0.5225 0.806 0.09099999999999997 0
0 0.5249999999999999 0.846 0.08599999999999997 0
0 0.359 0.861 0 0.09799999999999998
0 0.544 0.886 0.04799999999999993 0
0 0.5415 0.926 0.052999999999999936 0
0 0.0795 0.9934999999999999 0 0.05499999999999994
0 0.12125 0.9894999999999999 0 0.04699999999999993
0 0.5249999999999999 0.966 0.08599999999999997 0
0 0.08850000000000001 1.006 0.10300000000000001 0
0 0.4145 1.006 0.30699999999999994 0
0 0.194 1.046 0.062 0
0 0.31725 1.08 0 0.17599999999999993
0 0.4395 1.046 0.05300000000000005 0
0 0.481375 1.01 0 0.07200000000000006
0 0.5475 1.046 0.040999999999999925 0
0 0.435125 1.127 0 0.08199999999999985
0 0.5355 1.086 0.06499999999999995 0
0 0.34650000000000003 1.126 0.067 0
0 0.532 1.126 0.07199999999999995 0
0 0.3115 1.166 0.07899999999999996 0
0 0.40700000000000003 1.166 0.05199999999999999 0
0 0.516 1.166 0.10399999999999993 0
0 0.197 1.0265 0 0.07299999999999995
0 0.357 1.0594999999999999 0 0.135
0 0.437 1.013 0 0.062000000000000055
0 0.477 0.704 0 0.05599999999999994
0 0.477 0.7925 0 0.04699999999999993
0 0.477 1.1125 0 0.04499999999999993
0 0.517 1.0135 0 0.30899999999999994
0 0.557 0.2385 0 0.06500000000000003
0 0.557 0.621 0 0.1479999999999999
0 0.557 0.9535 0 0.42899999999999994
1 0.51771875 0.8385 0.04102519233653878 0.05
1 0.53771875 0.6825 0.03919268307031301 0.05
1 0.4791875 1.068 0.044216972137404435 0.05
1 0.3805 1.146 0.04001249804748511 0.05
1 0.4485 1.166 0.031 0.05
1 0.477 0.7505 0.037 0.05
3 0.16974999999999998 0.4465 0.2655 0.4810000000000001
3 0.43524999999999997 0.4465 0.26549999999999996 0.4810000000000001
3 0.16974999999999998 0.9275 0.2655 0.48099999999999987
3 0.43524999999999997 0.9275 0.26549999999999996 0.48099999999999987