0 0.44125 0.239 0 0.05200000000000002
0 0.48325 0.24 0 0.05400000000000002
0 0.08200732421875 0.706 0 0.8420000000000001
0 0.44125 0.3095 0 0.049000000000000044
0 0.4845 0.3115 0 0.05300000000000005
0 0.10850000000000001 0.325 0.05900000000000001 0
0 0.355 0.325 0.045999999999999985 0
0 0.472 0.325 0.03999999999999998 0
0 0.5855 0.485 0.10099999999999998 0
0 0.486125 0.642 0 0.07400000000000007
0 0.493 0.725 0.07400000000000001 0
0 0.16375 0.8435 0 0.06699999999999995
0 0.3229375 0.8505 0 0.07899999999999996
0 0.439625 0.8835 0 0.04500000000000004
0 0.523125 0.9225 0 0.07499999999999996
0 0.32899999999999996 0.965 0.04999999999999999 0
0 0.485 1.045 0.043999999999999984 0
0 0.6105 1.085 0.051000000000000045 0
0 0.122 0.8455 0 0.07299999999999995
0 0.362 0.518 0 0.04400000000000004
0 0.522 1.139 0 0.04999999999999982
0 0.562 0.5085 0 0.04700000000000004
0 0.562 0.8945000000000001 0 0.16699999999999993
0 0.602 1.1235 0 0.08099999999999996
3 0.21825 0.45075 0.27849999999999997 0.47550000000000003
3 0.49675 0.45075 0.2785 0.47550000000000003
3 0.21825 0.92625 0.27849999999999997 0.4754999999999999
3 0.49675 0.92625 0.2785 0.4754999999999999