0 0.31725 0.184 0 0.05199999999999999
0 0.393875 0.16949999999999998 0 0.08099999999999999
0 0.6356875 0.172 0 0.07999999999999999
0 0.47425 0.2115 0 0.07700000000000001
0 0.594125 0.2165 0 0.08500000000000002
0 0.2755625 0.2405 0 0.06300000000000003
0 0.395125 0.27849999999999997 0 0.08100000000000002
0 0.673 0.2395 0 0.049000000000000016
0 0.8765 0.2375 0 0.04100000000000001
0 1.044 0.238 0.08600000000000008 0
0 0.511625 0.3045 0 0.05299999999999999
0 0.5605 0.2995 0 0.04299999999999998
0 0.59375 0.30500000000000005 0 0.05399999999999999
0 0.722 0.278 0.10599999999999998 0
0 1.026 0.278 0.052000000000000046 0
0 0.9943125 0.394 0 0.16799999999999998
0 1.076375 0.35350000000000004 0 0.044999999999999984
0 0.391375 0.392 0 0.03999999999999998
0 0.5545625 0.439 0 0.08799999999999997
0 0.276875 0.45499999999999996 0 0.043999999999999984
0 0.9039999999999999 0.438 0.17200000000000004 0
0 0.45699999999999996 0.478 0.46799999999999997 0
0 1.022 0.478 0.05799999999999994 0
0 0.99225 0.5409999999999999 0 0.05799999999999994
0 0.354 0.152 0 0.068
0 0.474 0.4685 0 0.04299999999999998
0 0.634 0.495 0 0.050000000000000044
0 0.674 0.428 0 0.09799999999999998
0 0.714 0.35 0 0.16599999999999998
0 0.754 0.2905 0 0.046999999999999986
0 0.754 0.38349999999999995 0 0.07500000000000001
0 1.034 0.493 0 0.04200000000000004
0 1.074 0.493 0 0.04200000000000004
1 0.29640625 0.2095 0.04169949227808415 0.05
1 0.3945 0.224 0.028027887897592283 0.05
1 0.65434375 0.2135 0.03743290873349278 0.05
1 0.5773125 0.2685 0.03862176361845741 0.05
1 0.6935 0.2655 0.04110960958218893 0.05
1 0.99328125 0.495 0.0340625 0.05
1 0.654 0.4495 0.040607881008493905 0.05
1 0.754 0.33 0.032 0.05
3 0.439 0.23099999999999998 0.43200000000000005 0.22599999999999998
3 0.871 0.23099999999999998 0.43199999999999994 0.22599999999999998
3 0.439 0.45699999999999996 0.43200000000000005 0.22599999999999998
3 0.871 0.45699999999999996 0.43199999999999994 0.22599999999999998