0 1.4455 0.37 0.30900000000000016 0
0 0.583 0.735 0.31 0
0 1.5135 1.35 0.16100000000000003 0
0 0.5395 1.425 0.31099999999999994 0
0 0.38 0.8480000000000001 0 0.15000000000000002
0 0.435 0.5195 0 0.623
0 0.465 1.12 0 0.21999999999999997
0 0.545 0.992 0 0.1379999999999999
0 0.675 1.314 0 0.17799999999999994
0 1.275 0.7384999999999999 0 0.15699999999999992
0 1.37 1.3170000000000002 0 0.272
0 0.51 0.357 0.12799999999999995 0
0 1.5745 0.357 0.06099999999999994 0
0 0.5405 0.373 0.05499999999999994 0
0 0.7895 0.381 0.06099999999999994 0
0 0.17049999999999998 0.485 0.087 0
0 0.35050000000000003 0.485 0.08700000000000002 0
0 0.788 0.541 0.05799999999999994 0
0 0.20550000000000002 0.789 0.14500000000000002 0
0 0.39849999999999997 0.797 0.05499999999999999 0
0 0.652 0.805 0.052000000000000046 0
0 0.7809999999999999 0.805 0.08999999999999997 0
0 1.0255 0.957 0.14500000000000013 0
0 1.005 0.973 0.10399999999999998 0
0 0.7255 1.077 0.06700000000000006 0
0 0.52 1.237 0.08400000000000007 0
0 0.514 1.301 0.07800000000000007 0
0 1.066 1.309 0.052000000000000046 0
0 0.5315 1.357 0.07299999999999995 0
0 1.0750000000000002 1.357 0.07000000000000006 0
0 1.0750000000000002 1.421 0.07000000000000006 0
0 1.017 1.445 0.244 0
0 0.9225 1.453 0.05499999999999994 0
0 1.046 1.453 0.18600000000000005 0
0 0.421 0.974 0 0.12199999999999989
0 0.429 1.194 0 0.278
0 0.429 1.3955000000000002 0 0.10699999999999998
0 0.437 1.1909999999999998 0 0.19199999999999995
0 0.445 1.081 0 0.052000000000000046
0 0.677 1.0750000000000002 0 0.05800000000000005
0 0.677 1.198 0 0.08400000000000007
0 0.677 1.362 0 0.07000000000000006
0 0.829 0.4635 0 0.08700000000000002
0 0.829 0.6479999999999999 0 0.08999999999999997
0 0.837 0.5725 0 0.05499999999999994
0 1.029 1.2429999999999999 0 0.05800000000000005
0 1.101 1.388 0 0.05800000000000005
0 1.269 0.9590000000000001 0 0.06999999999999995
0 1.269 1.039 0 0.07200000000000006
0 1.325 1.036 0 0.06600000000000006
0 1.589 0.47650000000000003 0 0.067
0 1.589 0.7735000000000001 0 0.07500000000000007
0 1.589 0.852 0 0.07600000000000007
0 1.589 0.929 0 0.07199999999999995
0 1.589 1.2069999999999999 0 0.478
0 1.597 1.0314999999999999 0 0.09899999999999998
0 1.597 1.142 0 0.11599999999999988
0 1.597 1.246 0 0.06400000000000006
0 1.597 1.3085 0 0.05500000000000016
0 1.597 1.3925 0 0.10699999999999998
0 1.605 0.391 0 0.05199999999999999
1 0.4005 0.918 0.04220189569201838 0.05
1 0.433 1.045 0.031240998703626614 0.05
1 0.833 0.526 0.0388329756778952 0.05
1 1.597 0.4375 0.030528675044947495 0.05
2 1.394 0.37 0.035 0.05
2 1.497 0.37 0.035 0.05
2 0.48766666666666664 1.425 0.035 0.05
2 0.5913333333333333 1.425 0.035 0.05
2 0.465 1.12 0.035 0.05
2 0.675 1.314 0.035 0.05
2 1.275 0.7385 0.035 0.05
3 0.4965 0.51925 0.739 0.6225
3 1.2355 0.51925 0.739 0.6225
3 0.4965 1.14175 0.739 0.6225
3 1.2355 1.14175 0.739 0.6225