0 0.277 0.269 0.11800000000000002 0
0 0.558 0.269 0.05399999999999994 0
0 0.5535 0.509 0.185 0
0 0.32699999999999996 0.629 0.04999999999999999 0
0 0.6138125 0.7795000000000001 0 0.061000000000000054
0 0.6140625 0.9490000000000001 0 0.07999999999999996
0 0.613 0.989 0.07800000000000007 0
0 0.57375 1.0045 0 0.051000000000000045
0 0.091625 1.1385 0 0.05899999999999994
0 0.456125 1.1385 0 0.05899999999999994
0 0.653375 1.1385 0 0.05899999999999994
0 0.5765 1.164 0 0.052000000000000046
0 0.414 0.8175 0 0.05499999999999994
0 0.694 0.776 0 0.12
1 0.59390625 0.984 0.04153429494104841 0.05
3 0.24221875 0.49925 0.3011875 0.4605
3 0.54340625 0.49925 0.30118749999999994 0.4605
3 0.24221875 0.95975 0.3011875 0.4604999999999999
3 0.54340625 0.95975 0.30118749999999994 0.4604999999999999