0 0.43000000000000005 0.255 0.754 0
0 0.43000000000000005 0.295 0.754 0
0 0.43000000000000005 0.335 0.754 0
0 0.43000000000000005 0.375 0.754 0
0 0.43000000000000005 0.415 0.754 0
0 0.43000000000000005 0.455 0.754 0
0 0.43000000000000005 0.495 0.754 0
0 0.43000000000000005 0.535 0.754 0
0 0.43000000000000005 0.575 0.754 0
0 0.43000000000000005 0.615 0.754 0
0 0.43000000000000005 0.655 0.754 0
0 0.43000000000000005 0.695 0.754 0
0 0.43000000000000005 0.735 0.754 0
0 0.43000000000000005 0.775 0.754 0
0 0.43000000000000005 0.815 0.754 0
0 0.43000000000000005 0.855 0.754 0
0 0.43000000000000005 0.895 0.754 0
0 0.43000000000000005 0.935 0.754 0
0 0.43000000000000005 0.975 0.754 0
0 0.43000000000000005 1.015 0.754 0
0 0.43000000000000005 1.055 0.754 0
0 0.43000000000000005 1.095 0.754 0
0 0.43000000000000005 1.135 0.754 0
0 0.43000000000000005 1.175 0.754 0
0 0.43000000000000005 1.215 0.754 0
0 0.093 0.7170000000000001 0 1.004
0 0.133 0.7170000000000001 0 1.004
0 0.173 0.7170000000000001 0 1.004
0 0.213 0.7170000000000001 0 1.004
0 0.253 0.7170000000000001 0 1.004
0 0.293 0.7170000000000001 0 1.004
0 0.333 0.7170000000000001 0 1.004
0 0.373 0.7170000000000001 0 1.004
0 0.413 0.7170000000000001 0 1.004
0 0.453 0.7170000000000001 0 1.004
0 0.493 0.7170000000000001 0 1.004
0 0.533 0.7170000000000001 0 1.004
0 0.573 0.7170000000000001 0 1.004
0 0.613 0.7170000000000001 0 1.004
0 0.653 0.7170000000000001 0 1.004
0 0.693 0.7170000000000001 0 1.004
0 0.733 0.7170000000000001 0 1.004
0 0.773 0.7170000000000001 0 1.004
3 0.2415 0.46599999999999997 0.377 0.502
3 0.6185 0.46599999999999997 0.37700000000000006 0.502
3 0.2415 0.968 0.377 0.5020000000000001
3 0.6185 0.968 0.37700000000000006 0.5020000000000001