0 1.14925 0.437 0 0.09399999999999997
0 0.148 0.43 0.078 0
0 1.306875 0.487 0 0.11400000000000005
0 0.16299999999999998 0.47 0.04200000000000001 0
0 1.6179999999999999 0.47 0.04399999999999982 0
0 0.1655 0.51 0.065 0
0 0.469375 0.6105 0 0.20099999999999996
0 0.7835000000000001 0.51 0.05500000000000005 0
0 1.106 0.45 0 0.12
0 0.163 0.55 0.05399999999999999 0
0 0.311875 0.5405 0 0.04699999999999993
0 0.5095000000000001 0.55 0.08700000000000002 0
0 0.7835000000000001 0.55 0.05500000000000005 0
0 0.9455 0.55 0.06699999999999995 0
0 1.5465 0.556 0 0.07199999999999995
0 1.6164999999999998 0.55 0.04699999999999993 0
0 0.16 0.59 0.05399999999999999 0
0 0.35025 0.5775 0 0.07099999999999995
0 0.42875 0.6185 0 0.123
0 0.6599999999999999 0.59 0.06399999999999995 0
0 1.198 0.59 0.05600000000000005 0
0 1.547 0.59 0.18599999999999994 0
0 0.18 0.63 0.04200000000000001 0
0 0.26775 0.6925 0 0.16300000000000003
0 1.106 0.9535 0 0.6469999999999999
0 0.16549999999999998 0.67 0.047000000000000014 0
0 0.78975 0.6819999999999999 0 0.06999999999999995
0 0.9085 0.6835 0 0.06699999999999995
0 1.075 0.67 0.08800000000000008 0
0 1.1501875 0.688 0 0.08199999999999996
0 1.191625 0.675 0 0.05599999999999994
0 1.283 0.67 0.050000000000000044 0
0 0.1615 0.71 0.05099999999999999 0
0 0.4 0.71 0.055999999999999994 0
0 1.02975 0.7464999999999999 0 0.1469999999999999
0 1.216 0.71 0.040000000000000036 0
0 0.163 0.75 0.05399999999999999 0
0 1.031 0.75 0.17600000000000005 0
0 0.148 0.79 0.078 0
0 0.5475 0.8585 0 0.819
0 1.0350000000000001 0.79 0.236 0
0 1.2265 0.79 0.06099999999999994 0
0 1.068 0.83 0.10200000000000009 0
0 0.35000000000000003 0.95 0.382 0
0 1.3525 0.95 0.5009999999999999 0
0 0.8210000000000001 1.11 0.6020000000000001 0
0 0.7965 1.19 0.4969999999999999 0
0 0.8115 1.27 1.2369999999999999 0
0 0.9015 1.35 0.269 0
0 1.154 1.35 0.04200000000000004 0
0 0.9605 1.39 0.08699999999999997 0
0 1.1325 1.39 0.06099999999999994 0
0 0.488 1.43 0.6579999999999999 0
0 0.8695 1.438 0 0.07600000000000007
0 0.91025 1.4380000000000002 0 0.07000000000000006
0 1.371 1.43 0.5379999999999998 0
0 0.146 1.47 0.06399999999999999 0
0 0.19575 1.818 0 0.79
0 0.31475 1.435 0 0.07000000000000006
0 0.47125 1.4475 0 0.04899999999999993
0 0.5105 1.4465 0 0.04699999999999993
0 0.6645 1.448 0 0.04400000000000004
0 1.22625 1.471 0 0.09000000000000008
0 1.26325 1.4405000000000001 0 0.05899999999999994
0 1.516 1.4435 0 0.052999999999999936
0 0.146 1.51 0.06399999999999999 0
0 0.39449999999999996 1.51 0.08500000000000002 0
0 0.470125 1.5510000000000002 0 0.08200000000000007
0 0.5915 1.51 0.09899999999999998 0
0 0.9135 1.5495 0 0.07899999999999996
0 1.597 1.51 0.08599999999999985 0
0 0.4485 1.55 0.067 0
0 0.8915 1.55 0.04500000000000004 0
0 1.0259999999999998 1.55 0.04200000000000004 0
0 0.563 1.59 0.041999999999999926 0
0 0.8695 1.552 0 0.07600000000000007
0 1.5190000000000001 1.63 0.062000000000000055 0
0 0.5675 1.67 0.05499999999999994 0
0 1.10725 1.5865 0 0.4870000000000001
0 0.5760000000000001 1.71 0.07199999999999995 0
0 1.198 1.71 0.07800000000000007 0
0 1.4025 1.71 0.07299999999999995 0
0 1.22975 1.7915 0 0.08299999999999996
0 1.3399999999999999 1.75 0.1060000000000001 0
0 0.1535 1.79 0.079 0
0 0.872 1.791 0 0.05600000000000005
0 0.90875 1.8239999999999998 0 0.12200000000000011
0 0.153 1.83 0.055999999999999994 0
0 0.229875 1.8599999999999999 0 0.05999999999999983
0 0.5760000000000001 1.83 0.07199999999999995 0
0 0.7905 1.83 0.06899999999999995 0
0 1.5845 1.85 0 0.040000000000000036
0 1.5099999999999998 1.87 0.26 0
0 1.42875 2.0185 0 0.32899999999999974
0 1.129 1.95 0.053999999999999826 0
0 1.19025 1.9855 0 0.07099999999999995
0 1.6179999999999999 2.03 0.04399999999999982 0
0 0.1545 2.07 0.081 0
0 0.7070000000000001 2.07 0.08999999999999997 0
0 1.069375 2.0865 0 0.10099999999999998
0 0.16999999999999998 2.11 0.06799999999999998 0
0 0.351875 2.1165000000000003 0 0.04700000000000015
0 0.829625 2.109 0 0.05600000000000005
0 1.1425 2.11 0.08099999999999996 0
0 1.4055 2.11 0.051000000000000156 0
0 1.548 2.11 0.07400000000000007 0
0 0.271625 2.1485000000000003 0 0.129
0 1.1840000000000002 2.15 0.050000000000000044 0
0 1.3535 2.15 0.16300000000000003 0
0 0.35450000000000004 2.19 0.391 0
0 1.3980000000000001 2.19 0.07000000000000006 0
0 0.149 0.506 0 0.21199999999999997
0 0.149 0.7010000000000001 0 0.08999999999999997
0 0.149 1.4865 0 0.05899999999999994
0 0.149 2.096 0 0.06400000000000006
0 0.189 0.6759999999999999 0 0.572
0 0.229 1.955 0 0.04200000000000004
0 0.269 1.4255 0 0.051000000000000156
0 0.269 1.725 0 0.07000000000000006
0 0.349 1.432 0 0.04800000000000004
0 0.389 0.583 0 0.07599999999999996
0 0.389 0.8485 0 0.07299999999999995
0 0.429 1.567 0 0.07200000000000006
0 0.549 1.451 0 0.050000000000000044
0 0.549 1.9100000000000001 0 0.6060000000000001
0 0.589 1.526 0 0.06999999999999984
0 0.589 1.6215000000000002 0 0.050999999999999934
0 0.589 1.702 0 0.04200000000000004
0 0.669 2.05 0 0.04400000000000004
0 0.789 0.5245 0 0.061000000000000054
0 0.789 1.395 0 0.10999999999999988
0 0.789 1.835 0 0.06400000000000006
0 0.829 0.8075 0 0.040999999999999925
0 0.829 1.819 0 0.1120000000000001
0 0.869 0.8075 0 0.040999999999999925
0 0.869 1.3399999999999999 0 0.050000000000000044
0 0.989 1.3455 0 0.06099999999999994
0 1.029 1.337 0 0.04400000000000004
0 1.069 1.0985 0 0.051000000000000156
0 1.069 1.3385 0 0.04700000000000015
0 1.109 2.0805 0 0.2650000000000001
0 1.149 1.397 0 0.11399999999999988
0 1.149 1.6695 0 0.06700000000000017
0 1.149 1.9729999999999999 0 0.050000000000000044
0 1.149 2.0885 0 0.09299999999999997
0 1.189 0.4565 0 0.08900000000000002
0 1.189 0.9239999999999999 0 0.07599999999999996
0 1.189 1.3079999999999998 0 0.07800000000000007
0 1.189 1.4609999999999999 0 0.06600000000000006
0 1.189 1.7985 0 0.07500000000000018
0 1.229 0.7305 0 0.10899999999999999
0 1.229 1.966 0 0.06400000000000006
0 1.269 0.437 0 0.09399999999999997
0 1.269 0.7605 0 0.05500000000000005
0 1.389 1.8205 0 0.7850000000000001
0 1.429 0.5125 0 0.04300000000000004
0 1.429 0.6214999999999999 0 0.1070000000000001
0 1.469 1.431 0 0.050000000000000044
0 1.509 1.6125 0 0.04499999999999993
0 1.589 1.9685000000000001 0 0.06299999999999994
0 1.629 0.675 0 0.06599999999999995
1 0.3310625 0.553 0.04423393069805124 0.05
1 1.1745 0.79 0.043 0.05
1 0.4655 1.45 0.04428317965096906 0.05
1 0.8695 1.495 0.038 0.05
1 0.86925 1.3955 0.03500357124637428 0.05
1 1.088125 1.5725 0.042709044709522595 0.05
1 0.2294375 1.912 0.04400869942409114 0.05
1 0.149 0.634 0.044 0.05
1 0.569 1.4835 0.04272001872658766 0.05
1 0.589 1.5785 0.035 0.05
1 0.589 1.664 0.034 0.05
1 1.169 1.3615 0.040607881008493905 0.05
1 1.149 2.02 0.044 0.05
1 1.429 0.551 0.034 0.05
3 0.49175 0.84575 0.7655000000000001 0.9115000000000001
3 1.25725 0.84575 0.7654999999999998 0.9115000000000001
3 0.49175 1.75725 0.7655000000000001 0.9115
3 1.25725 1.75725 0.7654999999999998 0.9115