0 0.0675 0.208 0 0.292
0 0.1895 0.0925 0 0.061
0 0.31699999999999995 0.102 0.06 0
0 0.187125 0.1825 0 0.08100000000000002
0 0.307875 0.21699999999999997 0 0.15
0 0.2279375 0.2255 0 0.10100000000000003
0 0.34625 0.21749999999999997 0 0.151
0 0.14525 0.2375 0 0.06300000000000003
0 0.2625 0.222 0.089 0
0 0.2005 0.262 0.129 0
0 0.267 0.28300000000000003 0 0.05199999999999999
1 0.24746875 0.2665 0.04343821941850288 0.05
3 0.137375 0.135 0.13974999999999999 0.146
3 0.27712499999999995 0.135 0.13974999999999999 0.146
3 0.137375 0.28099999999999997 0.13974999999999999 0.146
3 0.27712499999999995 0.28099999999999997 0.13974999999999999 0.146