0 0.407375 0.2345 0 0.10899999999999999
0 1.0470625 0.2535 0 0.14700000000000002
0 0.134 0.22 0.046 0
0 0.615 0.22 0.05400000000000005 0
0 0.7315 0.227 0 0.07400000000000001
0 0.876 0.22 0.07800000000000007 0
0 1.015 0.22 0.039999999999999925 0
0 0.134 0.26 0.046 0
0 0.74 0.26 0.08200000000000007 0
0 1.0355 0.26 0.08100000000000007 0
0 0.40775 0.32 0 0.040000000000000036
0 0.6125 0.3 0.07900000000000007 0
0 0.766 0.272 0 0.07999999999999999
0 0.3715 0.34 0.049000000000000044 0
0 0.650375 0.3305 0 0.07300000000000001
0 0.8180000000000001 0.34 0.07799999999999996 0
0 0.96 0.34 0.04200000000000004 0
0 0.4469375 0.4605 0 0.09900000000000003
0 0.52825 0.44599999999999995 0 0.05199999999999999
0 0.6445000000000001 0.42 0.06300000000000006 0
0 1.2035 0.42 0.051000000000000156 0
0 0.3225 0.46 0.42300000000000004 0
0 0.68725 0.5934999999999999 0 0.481
0 0.3695 0.5 0.049000000000000044 0
0 0.60675 0.5595 0 0.05499999999999994
0 1.017 0.54 0.05400000000000005 0
0 0.663 0.58 0.05599999999999994 0
0 0.6519999999999999 0.62 0.07399999999999995 0
0 0.1315 0.66 0.045 0
0 0.55 0.66 0.06399999999999995 0
0 1.0865 0.6905 0 0.06099999999999994
0 0.398 0.7 0.5780000000000001 0
0 0.975 0.7 0.3859999999999999 0
0 0.65125 0.7010000000000001 0 0.07799999999999996
0 0.6325000000000001 0.78 0.05900000000000005 0
0 0.636 0.86 0.07000000000000006 0
0 0.765 0.98 0.07400000000000007 0
0 0.127 0.3395 0 0.319
0 0.127 0.6795 0 0.06899999999999995
0 0.327 0.6845 0 0.04899999999999993
0 0.367 0.481 0 0.05399999999999999
0 0.527 0.6355 0 0.16699999999999993
0 0.567 0.669 0 0.06399999999999995
0 0.607 0.2635 0 0.089
0 0.607 0.858 0 0.32400000000000007
0 0.647 0.5935 0 0.07499999999999996
0 0.647 0.831 0 0.051999999999999935
0 0.807 0.3375 0 0.065
0 0.847 0.2185 0 0.07700000000000001
0 0.847 0.3375 0 0.065
0 0.967 0.30300000000000005 0 0.055999999999999994
0 1.007 0.2555 0 0.15100000000000002
0 1.127 0.6915 0 0.05899999999999994
0 1.167 0.6915 0 0.05899999999999994
0 1.207 0.371 0 0.055999999999999994
0 1.247 0.3915 0 0.10099999999999998
0 1.287 0.6925 0 0.06099999999999994
1 0.7865 0.3085 0.041593268686170845 0.05
1 0.6688125 0.36 0.039443194913698354 0.05
1 0.649125 0.648 0.03128997443271566 0.05
1 0.587 0.6985 0.04031128874149274 0.05
3 0.40349999999999997 0.39 0.589 0.42
3 0.9924999999999999 0.39 0.589 0.42
3 0.40349999999999997 0.81 0.589 0.42000000000000004
3 0.9924999999999999 0.81 0.589 0.42000000000000004