0 0.22875 0.081 0 0.054
0 0.29300000000000004 0.094 0.062 0
0 0.1055 0.21300000000000002 0 0.086
0 0.342375 0.2445 0 0.061000000000000026
0 0.249 0.294 0.06200000000000003 0
0 0.225 0.28600000000000003 0 0.045999999999999985
0 0.265 0.095 0 0.057999999999999996
0 0.265 0.28600000000000003 0 0.045999999999999985
3 0.16471875 0.11775 0.11843750000000001 0.1275
3 0.28315625 0.11775 0.11843749999999997 0.1275
3 0.16471875 0.24525 0.11843750000000001 0.1275
3 0.28315625 0.24525 0.11843749999999997 0.1275