0 0.4108125 0.4445 0 0.42100000000000004
0 0.3175 0.274 0.18099999999999997 0
0 0.56575 0.281 0 0.04199999999999998
0 0.654125 0.2845 0 0.04899999999999999
0 0.815 0.274 0.16600000000000004 0
0 0.97675 0.46900000000000003 0 0.41800000000000004
0 1.01475 0.281 0 0.04199999999999998
0 1.052 0.28049999999999997 0 0.04099999999999998
0 1.2605 0.274 0.20700000000000007 0
0 0.815 0.314 0.06799999999999995 0
0 1.3395000000000001 0.314 0.049000000000000155 0
0 0.13325 0.3135 0 0.08099999999999996
0 0.772125 0.34750000000000003 0 0.04899999999999999
0 0.4115 0.394 0.07900000000000001 0
0 0.77425 0.41400000000000003 0 0.03999999999999998
0 0.24925 0.429 0 0.14600000000000002
0 0.403 0.434 0.068 0
0 0.9935 0.434 0.06900000000000006 0
0 1.338 0.434 0.052000000000000046 0
0 1.053 0.474 0.050000000000000044 0
0 1.338 0.474 0.052000000000000046 0
0 1.092125 0.497 0 0.10400000000000004
0 0.13225 0.8285 0 0.5489999999999999
0 0.42100000000000004 0.554 0.043999999999999984 0
0 0.4085 0.594 0.08500000000000002 0
0 0.76975 0.637 0 0.10799999999999998
0 0.988 0.594 0.07200000000000006 0
0 0.6135 0.622 0 0.06400000000000006
0 1.005 0.634 0.07199999999999995 0
0 0.3755 0.674 0.07299999999999995 0
0 0.392 0.714 0.07200000000000001 0
0 0.7195 0.794 1.189 0
0 0.38949999999999996 0.834 0.05499999999999999 0
0 0.84575 0.8140000000000001 0 0.039999999999999925
0 0.9295 0.8235 0 0.05899999999999994
0 0.9701875 0.889 0 0.18999999999999995
0 1.1105 0.834 0.17700000000000005 0
0 0.403 0.874 0.08200000000000002 0
0 1.165 0.874 0.28600000000000003 0
0 0.3835 0.914 0.04300000000000004 0
0 0.92975 0.9385 0 0.10499999999999998
0 1.2475 0.9339999999999999 0 0.039999999999999925
0 0.4065 0.954 0.08100000000000002 0
0 0.3735 0.994 0.08099999999999996 0
0 0.448125 0.978 0 0.07200000000000006
0 0.415 0.9525 0 0.21900000000000008
0 0.6025 1.034 0.07100000000000006 0
0 1.2225000000000001 1.034 0.23699999999999988 0
0 0.38249999999999995 1.074 0.059 0
0 0.33 0.97 0 0.05600000000000005
0 0.37 0.41000000000000003 0 0.062
0 0.37 0.558 0 0.061999999999999944
0 0.37 0.8495 0 0.11699999999999999
0 0.37 0.972 0 0.06599999999999995
0 0.45 0.4215 0 0.065
0 0.45 0.5680000000000001 0 0.06799999999999995
0 0.45 0.8654999999999999 0 0.04500000000000004
0 0.61 0.9964999999999999 0 0.09500000000000008
0 0.73 0.281 0 0.04199999999999998
0 0.77 1.0230000000000001 0 0.04200000000000004
0 0.81 0.27949999999999997 0 0.07900000000000001
0 0.85 0.275 0 0.04199999999999998
0 0.89 0.28300000000000003 0 0.05199999999999999
0 1.01 0.42900000000000005 0 0.04799999999999999
0 1.01 0.5625 0 0.06499999999999995
0 1.05 0.8295 0 0.07099999999999995
0 1.09 0.8280000000000001 0 0.06799999999999995
0 1.13 0.653 0 0.06800000000000006
0 1.13 0.8335 0 0.07899999999999996
0 1.17 0.655 0 0.07199999999999995
0 1.21 0.28600000000000003 0 0.07800000000000001
0 1.25 0.2865 0 0.059
0 1.25 0.7969999999999999 0 0.05799999999999994
0 1.25 1.0175 0 0.050999999999999934
0 1.29 0.9085 0 0.07099999999999995
0 1.29 1.034 0 0.052000000000000046
0 1.33 0.47200000000000003 0 0.42400000000000004
0 1.33 1.0110000000000001 0 0.18399999999999994
1 0.7910625 0.306 0.03808563541546865 0.05
1 1.028 0.454 0.04 0.05
1 0.929625 0.8695 0.033000946956110215 0.05
1 1.24875 0.973 0.038082148048659226 0.05
1 0.37 0.9235 0.031 0.05
3 0.43475 0.45125 0.6195 0.4345
3 1.0542500000000001 0.45125 0.6195 0.4345
3 0.43475 0.88575 0.6195 0.4345
3 1.0542500000000001 0.88575 0.6195 0.4345