0 0.349 0.4295 0 0.22300000000000003
0 0.3885 0.41900000000000004 0 0.202
0 0.427 0.42100000000000004 0 0.20600000000000002
0 0.4665 0.43400000000000005 0 0.23200000000000004
0 0.506 0.43200000000000005 0 0.22800000000000004
0 0.5445 0.33899999999999997 0 0.04199999999999998
0 0.1845 0.33799999999999997 0 0.03999999999999998
0 0.5135 0.358 0.12499999999999994 0
0 0.7395 0.358 0.04700000000000004 0
0 0.9495 0.358 0.137 0
0 0.7395 0.398 0.04700000000000004 0
0 0.9470000000000001 0.398 0.14200000000000002 0
0 0.401 0.438 0.10800000000000004 0
0 0.7395 0.438 0.04700000000000004 0
0 0.9470000000000001 0.438 0.14200000000000002 0
0 0.307125 0.52 0 0.08599999999999997
0 0.4245 0.478 0.15500000000000003 0
0 0.54575 0.512 0 0.06800000000000006
0 0.5855 0.514 0 0.07200000000000006
0 0.7395 0.478 0.04700000000000004 0
0 0.9470000000000001 0.478 0.14200000000000002 0
0 0.39 0.518 0.502 0
0 0.958 0.518 0.12 0
0 0.1645 0.558 0.05099999999999999 0
0 0.8545 0.678 0.08699999999999997 0
0 0.366 0.718 0.08199999999999996 0
0 0.8540000000000001 0.718 0.09399999999999997 0
0 0.3705 0.758 0.09899999999999998 0
0 0.8434999999999999 0.758 0.04700000000000004 0
0 0.9025 0.7885 0 0.06099999999999994
0 0.381 0.798 0.08599999999999997 0
0 0.788 0.798 0 0.041999999999999926
0 0.8734999999999999 0.798 0.04700000000000004 0
0 0.785375 0.8865000000000001 0 0.07300000000000006
0 0.9710000000000001 0.878 0.09399999999999997 0
0 0.169 0.918 0.06 0
0 0.4225 0.918 0.203 0
0 0.828 0.918 0.23199999999999998 0
0 0.4595 0.958 0.04299999999999998 0
0 0.5785 0.958 0.125 0
0 0.1665 0.998 0.065 0
0 0.7769999999999999 0.998 0.13 0
0 0.2235 1.038 0.056999999999999995 0
0 0.270125 1.0275 0 0.07700000000000007
0 0.7975 1.038 0.050999999999999934 0
0 0.190625 1.082 0 0.06400000000000006
0 0.6025 1.078 0.07700000000000007 0
0 0.82875 1.1124999999999998 0 0.09899999999999998
0 0.175 1.118 0.08199999999999999 0
0 0.5934999999999999 1.118 0.05900000000000005 0
0 0.796 1.118 0.16800000000000004 0
0 0.4075 1.158 0.05099999999999999 0
0 0.6005 1.158 0.07300000000000006 0
0 0.41600000000000004 1.198 0.068 0
0 0.6005 1.198 0.08099999999999996 0
0 0.9730000000000001 1.198 0.08999999999999997 0
0 0.1745 1.238 0.08099999999999999 0
0 0.162 1.278 0.055999999999999994 0
0 0.382 1.3719999999999999 0 0.18799999999999994
0 0.1645 1.318 0.061 0
0 0.3185 1.318 0.125 0
0 0.247 1.358 0.060000000000000026 0
0 0.5335 1.358 0.10299999999999998 0
0 0.607 1.398 0.06000000000000005 0
0 0.785 1.398 0.04200000000000004 0
0 0.3855 1.438 0.503 0
0 0.8625 1.438 0.31100000000000005 0
0 0.1895 1.466 0 0.07799999999999985
0 0.22925 1.4529999999999998 0 0.10399999999999987
0 0.307875 1.505 0 0.13800000000000012
0 0.349 1.4705 0 0.06899999999999995
0 0.5925 1.455 0 0.04600000000000004
0 0.63 0.995 0 0.966
0 0.986 1.4569999999999999 0 0.04200000000000004
0 0.1895 1.546 0 0.05600000000000005
0 0.2315 1.5415 0 0.04699999999999993
0 0.269 1.5355 0 0.07699999999999996
0 0.351 1.546 0 0.05600000000000005
0 0.38825 1.531 0 0.06000000000000005
0 0.156 1.558 0.05199999999999999 0
0 0.3255 1.558 0.225 0
0 0.147 0.9505 0 1.265
0 0.187 0.5355 0 0.05499999999999994
0 0.187 0.9949999999999999 0 0.06399999999999995
0 0.187 1.2555 0 0.05499999999999994
0 0.227 0.5335000000000001 0 0.051000000000000045
0 0.227 1.009 0 0.039999999999999925
0 0.227 1.2475 0 0.04699999999999993
0 0.267 1.3815 0 0.17700000000000005
0 0.307 0.34099999999999997 0 0.045999999999999985
0 0.347 0.7695 0 0.08899999999999997
0 0.387 0.806 0 0.09399999999999997
0 0.387 0.9515 0 0.07299999999999995
0 0.387 1.1365 0 0.129
0 0.427 1.1320000000000001 0 0.10399999999999987
0 0.467 0.9515 0 0.07299999999999995
0 0.507 0.9645 0 0.09899999999999998
0 0.507 1.3685 0 0.05499999999999994
0 0.507 1.46 0 0.05600000000000005
0 0.547 1.462 0 0.06000000000000005
0 0.547 1.566 0 0.06000000000000005
0 0.587 0.9410000000000001 0 0.041999999999999926
0 0.587 1.162 0 0.08600000000000008
0 0.707 1.4295 0 0.07299999999999995
0 0.747 1.0150000000000001 0 0.04200000000000004
0 0.787 1.03 0 0.05600000000000005
0 0.827 0.724 0 0.11199999999999999
0 0.827 0.9235 0 0.21499999999999997
0 0.867 0.7455 0 0.1449999999999999
0 0.907 0.9105 0 0.121
0 0.987 0.4635 0 0.129
1 0.8585 0.778 0.04346262762420146 0.05
1 0.90475 0.8345 0.03132491021535417 0.05
1 0.7866875 0.8345 0.03111094059973115 0.05
1 0.8075 0.7435 0.03911521443121589 0.05
1 0.865 0.898 0.044721359549995794 0.05
1 0.52 0.938 0.040792156108742275 0.05
1 0.197 1.018 0.04019950248448356 0.05
1 0.807875 1.082 0.042048335282148804 0.05
1 0.827875 0.989 0.03204781583821275 0.05
1 0.3655 1.451 0.04459820624195552 0.05
1 0.581 1.378 0.040792156108742275 0.05
1 0.2105 1.5115 0.043965895873961214 0.05
1 0.268 1.4335 0.02707397274136177 0.05
1 0.507 1.414 0.036 0.05
1 0.547 1.514 0.044 0.05
3 0.352 0.6375 0.44399999999999995 0.639
3 0.796 0.6375 0.44400000000000006 0.639
3 0.352 1.2765 0.44399999999999995 0.6390000000000001
3 0.796 1.2765 0.44400000000000006 0.6390000000000001