0 0.8995 0.915 0.127 0
0 0.075 0.276 0 0.12800000000000003
0 0.325 0.734 0 0.15000000000000002
0 0.52 0.33799999999999997 0 0.194
0 0.855 0.4585 0 0.25699999999999995
0 1.13 0.7275 0 0.10299999999999998
0 1.135 0.847 0 0.18199999999999994
0 1.175 0.8405 0 0.247
0 0.2705 0.325 0.089 0
0 0.187 0.341 0.07400000000000001 0
0 0.2835 0.365 0.05499999999999999 0
0 0.878 0.365 0.08000000000000007 0
0 1.1455 0.365 0.11299999999999999 0
0 1.173 0.373 0.052000000000000046 0
0 0.29400000000000004 0.661 0.064 0
0 0.29400000000000004 0.725 0.064 0
0 0.6719999999999999 0.757 0.33799999999999997 0
0 0.8029999999999999 0.773 0.09399999999999997 0
0 0.2935 0.781 0.065 0
0 0.9219999999999999 0.797 0.132 0
0 0.9475 0.821 0.137 0
0 0.9359999999999999 0.845 0.16000000000000003 0
0 0.986 0.869 0.06000000000000005 0
0 0.631 0.917 0.05600000000000005 0
0 0.962 0.941 0.10599999999999987 0
0 0.6305000000000001 0.949 0.06300000000000006 0
0 0.085 0.946 0 0.07399999999999995
0 0.093 0.6859999999999999 0 0.09199999999999997
0 0.101 0.6745 0 0.07299999999999995
0 0.125 0.6905 0 0.08299999999999996
0 0.133 0.525 0 0.05400000000000005
0 0.301 0.192 0 0.07800000000000001
0 0.301 0.2915 0 0.11899999999999997
0 0.365 0.9315 0 0.06499999999999995
0 0.405 0.931 0 0.06599999999999995
0 0.549 0.3435 0 0.05099999999999999
0 0.581 0.1345 0 0.209
0 0.837 0.9115 0 0.10299999999999998
0 0.861 0.479 0 0.25
0 0.901 0.8180000000000001 0 0.126
0 0.901 0.909 0 0.052000000000000046
0 1.189 0.815 0 0.2260000000000001
1 0.24 0.353 0.04 0.05
1 0.8485 0.777 0.04272001872658766 0.05
2 0.325 0.734 0.035 0.05
2 1.175 0.8405 0.035 0.05
3 0.35674999999999996 0.26825 0.5635 0.4764999999999999
3 0.92025 0.26825 0.5635 0.4764999999999999
3 0.35674999999999996 0.74475 0.5635 0.47650000000000003
3 0.92025 0.74475 0.5635 0.47650000000000003