0 0.402 0.227 0.055999999999999994 0
0 0.6805 0.227 0.05699999999999994 0
0 0.1585 0.307 0.067 0
0 0.1815 0.347 0.11299999999999999 0
0 0.6735 0.347 0.04299999999999993 0
0 0.6719999999999999 0.387 0.039999999999999925 0
0 0.737875 0.41600000000000004 0 0.057999999999999996
0 0.103 0.427 0.092 0
0 0.354 0.427 0.10599999999999998 0
0 0.7090000000000001 0.427 0.30199999999999994 0
0 0.33825 0.436 0 0.07399999999999995
0 0.395 0.707 0.04199999999999998 0
0 0.516 0.747 0.05800000000000005 0
0 0.788 0.787 0.14400000000000002 0
0 0.077 0.827 0.04 0
0 0.37825 0.8945 0 0.135
0 0.7869999999999999 0.827 0.14600000000000002 0
0 0.077 0.867 0.04 0
0 0.661 0.867 0.06599999999999995 0
0 0.8095 0.867 0.10099999999999998 0
0 0.077 0.907 0.04 0
0 0.35050000000000003 0.907 0.07900000000000001 0
0 0.54275 0.97 0 0.1259999999999999
0 0.8015 0.907 0.05699999999999994 0
0 0.2 0.947 0.048000000000000015 0
0 0.531 0.947 0.040000000000000036 0
0 0.538 0.987 0.04600000000000004 0
0 0.777625 0.996 0 0.04999999999999993
0 0.5755 1.027 0.27499999999999997 0
0 0.097 0.4215 0 0.05499999999999999
0 0.097 0.9455 0 0.239
0 0.137 0.33599999999999997 0 0.062
0 0.137 0.42400000000000004 0 0.04199999999999998
0 0.257 0.42600000000000005 0 0.045999999999999985
0 0.377 0.5680000000000001 0 0.33799999999999997
0 0.417 0.225 0 0.04999999999999999
0 0.417 0.42400000000000004 0 0.04199999999999998
0 0.497 1.0425 0 0.04499999999999993
0 0.537 0.753 0 0.04200000000000004
0 0.577 1.0375 0 0.05499999999999994
0 0.617 0.42500000000000004 0 0.043999999999999984
0 0.617 1.0325 0 0.06499999999999995
0 0.657 0.316 0 0.258
0 0.657 0.868 0 0.05600000000000005
0 0.657 1.0405 0 0.04899999999999993
0 0.697 0.237 0 0.09999999999999998
0 0.697 0.384 0 0.122
0 0.697 1.0394999999999999 0 0.050999999999999934
0 0.737 0.8160000000000001 0 0.08199999999999996
0 0.777 0.40349999999999997 0 0.063
0 0.777 0.821 0 0.08399999999999996
0 0.817 0.9315 0 0.05699999999999994
0 0.857 0.8205 0 0.08699999999999997
0 0.857 1.009 0 0.11199999999999999
1 0.744 0.847 0.044721359549995794 0.05
1 0.559875 1.0215 0.04125606016090242 0.05
1 0.7973125 0.962 0.04088264454508784 0.05
1 0.137 0.385 0.036 0.05
1 0.697 0.305 0.036 0.05
3 0.25775000000000003 0.4065 0.4015 0.439
3 0.65925 0.4065 0.40149999999999997 0.439
3 0.25775000000000003 0.8454999999999999 0.4015 0.43899999999999995
3 0.65925 0.8454999999999999 0.40149999999999997 0.43899999999999995