0 0.5900000000000001 0.198 0.10999999999999999 0
0 0.8075 0.198 0.16700000000000004 0
0 0.737 0.2165 0 0.056999999999999995
0 0.86075 0.229 0 0.07600000000000001
0 0.736 0.38 0 0.04400000000000004
0 0.5865 0.398 0.10299999999999998 0
0 0.8105 0.398 0.16100000000000003 0
0 0.2204375 0.4465 0 0.08699999999999997
0 0.38225 0.4225 0 0.04099999999999998
0 0.818921875 0.404 0 0.462
0 0.851 0.518 0.07999999999999996 0
0 0.25875 0.5980000000000001 0 0.08999999999999997
0 0.5905 0.558 0.07299999999999995 0
0 0.851 0.558 0.07999999999999996 0
0 0.139875 0.6325000000000001 0 0.049000000000000044
0 0.17890625 0.6679999999999999 0 0.12
0 0.394 0.638 0.178 0
0 0.7405 0.6585000000000001 0 0.041000000000000036
0 0.2974375 0.688 0 0.07599999999999996
0 0.46275 0.6695 0 0.040999999999999925
0 0.6585000000000001 0.678 0.20699999999999996 0
0 0.7000625 0.7669999999999999 0 0.09799999999999998
0 0.7765 0.75 0 0.06400000000000006
0 0.6025 0.758 0.131 0
0 0.85878125 0.8065 0 0.11099999999999999
0 0.823125 0.808 0 0.039999999999999925
0 0.139 0.465 0 0.122
0 0.179 0.461 0 0.11599999999999999
0 0.219 0.6675 0 0.121
0 0.259 0.46 0 0.11399999999999999
0 0.339 0.6475 0 0.08499999999999996
0 0.379 0.6465000000000001 0 0.18499999999999994
0 0.419 0.6114999999999999 0 0.041000000000000036
0 0.459 0.51 0 0.05600000000000005
0 0.579 0.27449999999999997 0 0.063
0 0.579 0.7869999999999999 0 0.08199999999999996
0 0.619 0.216 0 0.055999999999999994
0 0.619 0.798 0 0.128
0 0.659 0.7869999999999999 0 0.10599999999999998
0 0.739 0.7745 0 0.08299999999999996
0 0.779 0.4085 0 0.04899999999999999
0 0.859 0.518 0 0.050000000000000044
1 0.27809375 0.6465 0.03931567952166159 0.05
1 0.258875 0.523 0.03600086804509024 0.05
1 0.599 0.247 0.04001249804748511 0.05
3 0.327 0.34524999999999995 0.376 0.3445
3 0.7030000000000001 0.34524999999999995 0.376 0.3445
3 0.327 0.68975 0.376 0.34450000000000003
3 0.7030000000000001 0.68975 0.376 0.34450000000000003