0 0.6245 0.43 0.265 0
0 1.176 0.53 0.18999999999999995 0
0 1.486 0.75 0.3580000000000001 0
0 0.6925 0.855 0.11499999999999999 0
0 1.4805 1.165 0.347 0
0 0.9624999999999999 1.205 0.22899999999999998 0
0 1.4495 1.375 0.28500000000000014 0
0 0.921 1.425 0.3700000000000001 0
0 1.0075 1.455 0.17099999999999993 0
0 0.5 0.859 0 0.8719999999999999
0 0.545 0.8475 0 0.849
0 0.55 1.65 0 0.11599999999999988
0 0.665 1.617 0 0.16800000000000015
0 0.955 1.8045 0 0.18900000000000006
0 0.995 1.791 0 0.16200000000000014
0 1.005 1.0855 0 0.10499999999999998
0 1.05 1.5514999999999999 0 0.2609999999999999
0 1.23 0.3285 0 0.31499999999999995
0 1.24 1.596 0 0.28600000000000003
0 1.24 0.3795 0 0.32100000000000006
0 1.31 0.8875 0 0.5790000000000001
0 1.315 1.7945 0 0.16900000000000004
0 1.335 0.2895 0 0.23699999999999996
0 1.355 1.807 0 0.19399999999999995
0 1.395 1.8265 0 0.2330000000000001
0 1.44 0.6890000000000001 0 0.138
0 1.495 0.428 0 0.14600000000000002
0 1.5 0.6895 0 0.139
0 1.555 0.428 0 0.14600000000000002
0 1.56 1.384 0 0.5759999999999998
0 1.59 0.4425 0 0.18100000000000005
0 1.441 0.685 0.246 0
0 0.2685 1.269 0.24300000000000002 0
0 1.441 1.373 0.246 0
0 0.9929999999999999 1.485 0.05999999999999994 0
0 0.575 1.493 0.05599999999999994 0
0 0.3835 1.501 0.137 0
0 0.395 1.509 0.05399999999999999 0
0 0.6659999999999999 1.709 0.11199999999999999 0
0 0.8545 1.717 0.06700000000000006 0
0 0.149 1.1025 0 0.351
0 0.157 1.4834999999999998 0 0.06699999999999995
0 0.333 1.6524999999999999 0 0.05499999999999994
0 0.349 1.395 0 0.19600000000000017
0 0.533 1.557 0 0.05400000000000005
0 0.549 1.645 0 0.053999999999999826
0 0.669 1.6205 0 0.129
0 0.677 1.6480000000000001 0 0.07400000000000007
0 0.741 1.4425 0 0.08500000000000019
0 0.837 0.3335 0 0.069
0 0.837 0.4115 0 0.069
0 1.573 0.39749999999999996 0 0.07900000000000001
0 1.573 0.487 0 0.07800000000000001
0 1.581 1.479 0 0.07999999999999985
1 0.541 1.601 0.03757658845611187 0.05
2 1.4226666666666667 1.165 0.035 0.05
2 1.5383333333333333 1.165 0.035 0.05
2 1.0075 1.455 0.035 0.05
2 0.5 0.5683333333333332 0.035 0.05
2 0.5 0.7136666666666667 0.035 0.05
2 0.5 0.859 0.035 0.05
2 0.5 1.0043333333333333 0.035 0.05
2 0.5 1.1496666666666668 0.035 0.05
2 1.23 0.276 0.035 0.05
2 1.23 0.381 0.035 0.05
2 1.24 1.596 0.035 0.05
2 1.31 0.74275 0.035 0.05
2 1.31 0.8875 0.035 0.05
2 1.31 1.03225 0.035 0.05
2 1.56 1.24 0.035 0.05
2 1.56 1.384 0.035 0.05
2 1.56 1.528 0.035 0.05
3 0.5265 0.614 0.759 0.8859999999999999
3 1.2855 0.614 0.759 0.8859999999999999
3 0.5265 1.5 0.759 0.8860000000000001
3 1.2855 1.5 0.759 0.8860000000000001