0 0.955875 0.1645 0 0.07700000000000001
0 1.11628125 0.20249999999999999 0 0.16299999999999998
0 0.8574999999999999 0.241 0.08100000000000007 0
0 0.6370625 0.308 0 0.10199999999999998
0 0.873625 0.29000000000000004 0 0.05199999999999999
0 1.0470000000000002 0.281 0.13000000000000012 0
0 0.5465 0.321 0.389 0
0 0.9305 0.321 0.2350000000000001 0
0 0.556625 0.35650000000000004 0 0.07500000000000001
0 0.59675 0.3175 0 0.121
0 0.6875 0.361 0.05899999999999994 0
0 0.914125 0.35050000000000003 0 0.059
0 1.03075 0.34099999999999997 0 0.03999999999999998
0 1.00375 0.4215 0 0.04099999999999998
0 0.7969999999999999 0.521 0.04599999999999993 0
0 0.7961875 0.619 0 0.1399999999999999
0 0.874125 0.5775 0 0.06099999999999994
0 0.99575 0.5569999999999999 0 0.06599999999999995
0 0.8005 0.601 0.05699999999999994 0
0 1.0265 0.601 0.07100000000000006 0
0 0.276 0.14250000000000002 0 0.04300000000000001
0 0.356 0.194 0 0.14600000000000002
0 0.716 0.29400000000000004 0 0.07400000000000001
0 0.836 0.3205 0 0.04500000000000004
0 0.836 0.518 0 0.04600000000000004
0 0.876 0.179 0 0.11599999999999999
0 0.956 0.29500000000000004 0 0.062
0 0.996 0.3015 0 0.067
0 1.036 0.26549999999999996 0 0.044999999999999984
1 0.893875 0.3185 0.040807474805481414 0.05
1 0.8748125 0.2185 0.027104254739800538 0.05
1 1.013375 0.3145 0.037464149529917265 0.05
1 0.81609375 0.592 0.04060831388090375 0.05
3 0.4860703125 0.263 0.42014062499999993 0.28400000000000003
3 0.9062109374999999 0.263 0.42014062499999993 0.28400000000000003
3 0.4860703125 0.5469999999999999 0.42014062499999993 0.2839999999999999
3 0.9062109374999999 0.5469999999999999 0.42014062499999993 0.2839999999999999