0 0.3345 0.23099999999999998 0 0.05200000000000002
0 1.09025 0.22699999999999998 0 0.04400000000000001
0 1.1745 0.2595 0 0.10900000000000001
0 0.7120000000000001 0.245 1.232 0
0 0.2025 0.285 0.15500000000000003 0
0 0.47200000000000003 0.285 0.14200000000000002 0
0 0.61 0.245 0 0.07999999999999999
0 0.751 0.285 0.1499999999999999 0
0 1.2610000000000001 0.285 0.17000000000000015 0
0 0.21900000000000003 0.325 0.11600000000000002 0
0 0.48350000000000004 0.325 0.09300000000000003 0
0 0.7749999999999999 0.325 0.09799999999999998 0
0 1.224 0.325 0.053999999999999826 0
0 1.3079999999999998 0.325 0.04600000000000004 0
0 0.17250000000000001 0.365 0.12100000000000001 0
0 1.3135 0.365 0.04500000000000015 0
0 0.1815 0.405 0.139 0
0 0.5405 0.405 0.06699999999999995 0
0 1.308 0.405 0.040000000000000036 0
0 0.179 0.445 0.10400000000000001 0
0 0.73325 0.49750000000000005 0 0.10500000000000004
0 1.303 0.445 0.040000000000000036 0
0 0.192 0.485 0.13 0
0 0.5465 0.485 0.09299999999999997 0
0 1.306 0.485 0.04600000000000004 0
0 0.1795 0.525 0.10900000000000001 0
0 0.5505 0.525 0.08099999999999996 0
0 0.7695 0.525 0.10299999999999998 0
0 1.3595 0.525 0.15300000000000002 0
0 0.212 0.565 0.16999999999999998 0
0 0.33525 0.645 0 0.21799999999999997
0 1.306 0.565 0.04600000000000004 0
0 0.1665 0.605 0.11900000000000001 0
0 0.357 0.605 0.172 0
0 1.3119999999999998 0.605 0.05400000000000005 0
0 0.311 0.645 0.43200000000000005 0
0 0.6995 0.645 0.265 0
0 0.85725 0.688 0 0.08599999999999997
0 0.895125 0.688 0 0.09999999999999998
0 1.0190000000000001 0.645 0.19000000000000006 0
0 1.3555 0.645 0.16100000000000003 0
0 0.097 0.669 0 0.08799999999999997
0 0.1905 0.685 0.127 0
0 0.384 0.685 0.138 0
0 0.5105 0.685 0.05300000000000005 0
0 0.8245 0.685 0.16500000000000004 0
0 0.934625 0.6915 0 0.09299999999999997
0 1.0699999999999998 0.685 0.07400000000000007 0
0 0.1765 0.725 0.099 0
0 0.4455 0.725 0.16300000000000003 0
0 0.5945 0.725 0.07499999999999996 0
0 0.7735000000000001 0.725 0.20899999999999996 0
0 0.9735625 0.7295 0 0.16899999999999993
0 1.068 0.725 0.07600000000000007 0
0 1.379 0.725 0.11399999999999988 0
0 0.17049999999999998 0.765 0.097 0
0 0.5415 0.765 0.355 0
0 0.739625 0.8585 0 0.275
0 1.0195 0.765 0.1130000000000001 0
0 1.3010000000000002 0.765 0.05800000000000005 0
0 0.176 0.805 0.10800000000000001 0
0 0.44299999999999995 0.805 0.07 0
0 0.567 0.805 0.041999999999999926 0
0 0.7195 0.805 0.10699999999999998 0
0 0.9735 0.805 0.09899999999999987 0
0 1.0870000000000002 0.805 0.04600000000000004 0
0 0.173 0.845 0.10600000000000001 0
0 0.5095000000000001 0.845 0.041000000000000036 0
0 0.7205 0.845 0.125 0
0 0.8166875 0.9624999999999999 0 0.28500000000000003
0 1.0065 0.845 0.040999999999999925 0
0 0.178 0.885 0.10600000000000001 0
0 0.653 0.885 0.32799999999999996 0
0 1.3995 0.885 0.07299999999999995 0
0 0.176 0.925 0.10800000000000001 0
0 0.48450000000000004 0.925 0.07900000000000001 0
0 0.6865 0.925 0.2649999999999999 0
0 0.9805 0.925 0.08699999999999997 0
0 1.401 0.925 0.06999999999999984 0
0 0.1765 0.965 0.10900000000000001 0
0 0.48850000000000005 0.965 0.08700000000000002 0
0 0.694 0.965 0.244 0
0 0.187 1.005 0.124 0
0 0.632 1.005 0.1399999999999999 0
0 0.7849999999999999 1.005 0.07199999999999995 0
0 0.9790000000000001 1.005 0.10599999999999998 0
0 1.107 1.005 0.04999999999999982 0
0 1.37475 0.9795 0 0.2570000000000001
0 0.174 1.045 0.098 0
0 0.47950000000000004 1.045 0.069 0
0 0.6545000000000001 1.045 0.06500000000000006 0
0 0.7889999999999999 1.045 0.07999999999999996 0
0 0.9725 1.104 0 0.1180000000000001
0 1.013875 1.0555 0 0.1170000000000001
0 0.7805 1.085 1.311 0
0 0.20950000000000002 1.125 0.11100000000000002 0
0 0.42125 1.096 0 0.05800000000000005
0 0.5509999999999999 1.125 0.15400000000000003 0
0 0.7005 1.125 0.08499999999999996 0
0 0.773 0.9595 0 0.33099999999999996
0 0.135 0.669 0 0.928
0 0.175 0.6315 0 0.847
0 0.175 1.1305 0 0.06499999999999995
0 0.215 0.684 0 0.9580000000000001
0 0.255 0.28049999999999997 0 0.151
0 0.255 0.5055000000000001 0 0.049000000000000044
0 0.255 0.6295 0 0.119
0 0.255 1.096 0 0.06399999999999983
0 0.295 0.2465 0 0.08299999999999999
0 0.295 0.6279999999999999 0 0.126
0 0.295 1.0915 0 0.04299999999999993
0 0.335 1.0875 0 0.04699999999999993
0 0.375 0.22849999999999998 0 0.04500000000000001
0 0.375 0.6685 0 0.19100000000000006
0 0.375 1.093 0 0.04600000000000004
0 0.415 0.265 0 0.12000000000000002
0 0.415 0.694 0 0.2220000000000001
0 0.455 0.2735 0 0.13700000000000004
0 0.455 0.6930000000000001 0 0.2260000000000001
0 0.455 0.996 0 0.21200000000000008
0 0.495 0.274 0 0.13800000000000004
0 0.495 0.5640000000000001 0 0.04599999999999993
0 0.495 0.6735 0 0.07099999999999995
0 0.495 0.9199999999999999 0 0.06999999999999995
0 0.495 1.093 0 0.14000000000000012
0 0.535 0.2495 0 0.087
0 0.535 0.39949999999999997 0 0.14899999999999997
0 0.535 0.54 0 0.06999999999999995
0 0.535 0.663 0 0.04999999999999993
0 0.535 0.738 0 0.040000000000000036
0 0.535 0.874 0 0.1339999999999999
0 0.535 1.1135000000000002 0 0.09899999999999998
0 0.575 0.23099999999999998 0 0.05200000000000002
0 0.575 0.41400000000000003 0 0.05199999999999999
0 0.575 0.507 0 0.06600000000000006
0 0.575 0.757 0 0.10400000000000009
0 0.575 0.9405 0 0.11099999999999999
0 0.575 1.0979999999999999 0 0.05599999999999983
0 0.615 0.7025 0 0.129
0 0.615 0.9239999999999999 0 0.16599999999999993
0 0.615 1.115 0 0.09600000000000009
0 0.655 0.22949999999999998 0 0.04300000000000001
0 0.655 0.6775 0 0.06499999999999995
0 0.655 0.9805 0 0.2590000000000001
0 0.695 0.267 0 0.12400000000000003
0 0.695 0.7364999999999999 0 0.20299999999999996
0 0.695 0.9470000000000001 0 0.14600000000000002
0 0.695 1.0939999999999999 0 0.07000000000000006
0 0.735 0.2695 0 0.12900000000000003
0 0.735 0.6545 0 0.08499999999999996
0 0.735 1.095 0 0.06199999999999983
0 0.775 0.2735 0 0.13700000000000004
0 0.775 0.6735 0 0.123
0 0.815 0.376 0 0.3420000000000001
0 0.815 0.6825 0 0.08899999999999997
0 0.855 0.22999999999999998 0 0.048000000000000015
0 0.855 1.0915 0 0.04299999999999993
0 0.895 0.22749999999999998 0 0.04300000000000001
0 0.935 0.22849999999999998 0 0.04500000000000001
0 0.935 0.9 0 0.04600000000000004
0 0.935 0.9844999999999999 0 0.04899999999999993
0 0.935 1.086 0 0.04400000000000004
0 0.975 0.22749999999999998 0 0.04500000000000001
0 1.015 0.22699999999999998 0 0.04400000000000001
0 1.015 0.708 0 0.19800000000000006
0 1.055 0.23099999999999998 0 0.04000000000000001
0 1.055 1.093 0 0.04600000000000004
0 1.095 0.6885 0 0.08699999999999997
0 1.095 0.8585 0 0.125
0 1.095 1.0350000000000001 0 0.15000000000000013
0 1.135 0.2365 0 0.05100000000000002
0 1.135 0.866 0 0.08200000000000007
0 1.135 1.069 0 0.08800000000000008
0 1.175 0.8935 0 0.05900000000000005
0 1.175 1.0885 0 0.04899999999999993
0 1.215 0.272 0 0.13200000000000003
0 1.255 0.266 0 0.12200000000000003
0 1.255 1.0870000000000002 0 0.04600000000000004
0 1.295 0.439 0 0.4680000000000001
0 1.295 0.8015 0 0.050999999999999934
0 1.295 1.0855000000000001 0 0.04299999999999993
0 1.335 0.6565 0 0.16700000000000004
0 1.375 0.645 0 0.040000000000000036
0 1.415 0.6535 0 0.05300000000000005
0 1.415 0.9025 0 0.10899999999999999
0 1.415 1.086 0 0.04400000000000004
1 1.268 0.325 0.034 0.05
1 0.547 0.645 0.04 0.05
1 0.928 0.665 0.04346262762420146 0.05
1 0.4685 0.685 0.031 0.05
1 0.547 0.705 0.044721359549995794 0.05
1 0.6505 0.725 0.037 0.05
1 1.354 0.745 0.040792156108742275 0.05
1 0.7573125 0.804 0.03804458732855437 0.05
1 1.07 0.785 0.0417612260356422 0.05
1 0.4835 0.825 0.041484937025383084 0.05
1 0.5385 0.825 0.04308131845707603 0.05
1 0.539 0.925 0.03 0.05
1 0.643 1.125 0.03 0.05
1 0.175 1.0765 0.043 0.05
1 0.255 0.55 0.04 0.05
1 0.515 0.334 0.043863424398922615 0.05
1 0.535 0.4895 0.031 0.05
1 0.675 0.8725 0.042059481689626185 0.05
1 0.695 1.0395 0.039 0.05
1 0.935 0.9415 0.037 0.05
1 1.095 0.9405 0.039 0.05
3 0.43024999999999997 0.4445 0.6705 0.4790000000000001
3 1.10075 0.4445 0.6705 0.4790000000000001
3 0.43024999999999997 0.9235 0.6705 0.479
3 1.10075 0.9235 0.6705 0.479