0 0.47050000000000003 0.374 0.09700000000000003 0
0 0.40800000000000003 0.454 0.07600000000000001 0
0 0.0755 0.8185 0 0.08899999999999997
0 0.213 0.774 0.04799999999999999 0
0 0.372 0.774 0.20799999999999996 0
0 0.2360625 0.8275 0 0.07899999999999996
0 0.3435 0.814 0.125 0
0 0.35350000000000004 0.854 0.331 0
0 0.19675 0.8535 0 0.16100000000000003
0 0.354 0.8175 0 0.06099999999999994
0 0.394 0.8089999999999999 0 0.07199999999999995
0 0.434 0.28700000000000003 0 0.21200000000000002
0 0.434 0.8235 0 0.07299999999999995
0 0.514 0.1995 0 0.05100000000000002
0 0.514 0.8115 0 0.07699999999999996
1 0.2525 0.774 0.031 0.05
3 0.186375 0.364 0.22175 0.38000000000000006
3 0.408125 0.364 0.22175 0.38000000000000006
3 0.186375 0.744 0.22175 0.38
3 0.408125 0.744 0.22175 0.38