0 1.151375 0.27649999999999997 0 0.07300000000000001
0 1.391 0.26349999999999996 0 0.046999999999999986
0 0.391625 0.351 0 0.22200000000000003
0 1.11525 0.3025 0 0.044999999999999984
0 0.2735 0.32 0.24300000000000002 0
0 1.633 0.28 0 0.08000000000000002
0 1.633 0.8605 0 1.001
0 1.71075 0.6575 0 0.619
0 1.552375 0.439 0 0.08399999999999996
0 0.276625 0.491 0 0.10200000000000004
0 1.3945 0.4295 0 0.07100000000000001
0 1.524 0.44 0.053999999999999826 0
0 1.589875 0.445 0 0.040000000000000036
0 0.39025 0.5369999999999999 0 0.11399999999999999
0 2.037 0.5515 0 0.06299999999999994
0 0.19 0.56 0.07600000000000001 0
0 0.3165 0.56 0.11699999999999999 0
0 2.0795 0.56 0.09499999999999975 0
0 1.95075 0.609 0 0.07000000000000006
0 2.1145 0.5780000000000001 0 0.04399999999999993
0 1.312625 0.677 0 0.07399999999999995
0 1.707 0.64 0.04400000000000004 0
0 1.47575 0.7115 0 0.06299999999999994
0 1.3255 0.72 0.16300000000000003 0
0 0.39175 0.881 0 0.16199999999999992
0 0.987 0.8325 0 0.06499999999999995
0 1.4415 0.84 0.09100000000000019 0
0 1.5385 0.84 0.04300000000000015 0
0 0.8713125 0.9115 0 0.08099999999999996
0 0.915375 0.9065 0 0.07099999999999995
0 1.0015 0.88 0.041000000000000036 0
0 1.393875 0.9159999999999999 0 0.07199999999999995
0 1.43175 0.9135 0 0.09699999999999998
0 0.8935 0.92 0.05500000000000005 0
0 1.235625 0.9410000000000001 0 0.041999999999999926
0 1.31325 0.9239999999999999 0 0.04599999999999993
0 1.350625 0.9385 0 0.04299999999999993
0 1.728 0.92 0.040000000000000036 0
0 2.1605 0.92 0.06499999999999995 0
0 0.7230000000000001 0.96 0.15200000000000002 0
0 0.9575 0.96 0.20500000000000007 0
0 1.1525 0.992 0 0.12
0 1.4329999999999998 0.96 0.3979999999999999 0
0 2.1565 0.9395 0 0.040999999999999925
0 1.029625 1.105 0 0.04999999999999982
0 1.2345 1.28 0.129 0
0 0.788 1.3405 0 0.040999999999999925
0 0.552 0.623 0 0.06600000000000006
0 0.952 0.9079999999999999 0 0.07399999999999995
0 1.032 0.839 0 0.040000000000000036
0 1.072 0.345 0 0.062
0 1.072 0.44499999999999995 0 0.055999999999999994
0 1.112 0.44499999999999995 0 0.055999999999999994
0 1.152 0.647 0 0.04200000000000004
0 1.272 0.9305 0 0.05899999999999994
0 1.352 0.726 0 0.040000000000000036
0 1.472 0.46699999999999997 0 0.07800000000000001
0 1.512 0.4235 0 0.05299999999999999
0 1.512 0.806 0 0.039999999999999925
0 1.872 0.6034999999999999 0 0.07300000000000006
1 1.093625 0.3195 0.04462692572875707 0.05
1 1.633 0.34 0.04 0.05
1 0.243 0.56 0.03 0.05
1 1.3323125 0.71 0.040179480148453885 0.05
1 0.9695 0.868 0.035510561809129405 0.05
1 1.502 0.84 0.03 0.05
1 1.072 0.3965 0.041 0.05
3 0.66225 0.52025 1.0205000000000002 0.5605
3 1.68275 0.52025 1.0205 0.5605
3 0.66225 1.08075 1.0205000000000002 0.5605
3 1.68275 1.08075 1.0205 0.5605