0 0.4505 0.144 0.40900000000000003 0
0 0.789375 0.33099999999999996 0 0.05399999999999999
0 0.755 0.344 0.08600000000000008 0
0 0.627 0.384 0.062000000000000055 0
0 0.30578125 0.48550000000000004 0 0.12300000000000005
0 0.94125 0.49350000000000005 0 0.059
0 0.2275 0.544 0.179 0
0 0.667875 0.546 0 0.05399999999999994
0 0.745125 0.5455 0 0.05499999999999994
0 0.787125 0.5449999999999999 0 0.051999999999999935
0 0.8725 0.544 0.07100000000000006 0
3 0.3388125 0.25125 0.401625 0.2145
3 0.7404375000000001 0.25125 0.401625 0.2145
3 0.3388125 0.46575 0.401625 0.21449999999999997
3 0.7404375000000001 0.46575 0.401625 0.21449999999999997