0 0.515171875 0.219 0 0.16399999999999998
0 0.674625 0.2755 0 0.11700000000000002
0 0.16799999999999998 0.257 0.05200000000000002 0
0 0.237875 0.2465 0 0.04300000000000001
0 0.508 0.257 0.05600000000000005 0
0 0.19525 0.2865 0 0.12499999999999997
0 0.648 0.297 0.06000000000000005 0
0 0.636375 0.369 0 0.064
0 0.7055 0.337 0.07699999999999996 0
0 0.477875 0.4145 0 0.07500000000000001
0 0.5155625 0.4125 0 0.07500000000000001
0 0.1555 0.4165 0 0.07900000000000001
0 0.5575 0.417 0.09699999999999998 0
0 1.0415 0.417 0.07300000000000018 0
0 0.485 0.457 0.10000000000000003 0
0 0.634 0.457 0.09400000000000008 0
0 0.7655000000000001 0.577 0.06500000000000006 0
0 0.55725 0.6555 0 0.07299999999999995
0 0.716 0.6910000000000001 0 0.05799999999999994
0 0.515 0.696 0 0.06599999999999995
0 0.595 0.4375 0 0.041000000000000036
0 0.675 0.159 0 0.043999999999999984
0 0.675 0.4115 0 0.067
0 0.875 0.5569999999999999 0 0.04399999999999993
0 0.915 0.3195 0 0.063
0 1.115 0.166 0 0.05399999999999999
1 0.6555 0.3355 0.03836746668728599 0.05
1 0.6748125 0.2355 0.03600195307202097 0.05
1 0.6156875 0.409 0.04436091325705547 0.05
3 0.38525 0.28500000000000003 0.48649999999999993 0.296
3 0.87175 0.28500000000000003 0.48650000000000004 0.296
3 0.38525 0.581 0.48649999999999993 0.296
3 0.87175 0.581 0.48650000000000004 0.296