0 0.28400000000000003 0.111 0.466 0
0 0.68875 0.161 0 0.068
0 0.24675 0.22799999999999998 0 0.23399999999999999
0 0.13075 0.4125 0 0.056999999999999995
0 0.11599999999999999 0.431 0.13 0
0 0.3605 0.431 0.249 0
0 0.57225 0.41400000000000003 0 0.04199999999999998
0 0.6539999999999999 0.431 0.08799999999999997 0
0 0.091875 0.526 0 0.20600000000000002
0 0.28200000000000003 0.511 0.24000000000000002 0
0 0.7315 0.511 0.09099999999999997 0
0 0.173 0.551 0.048000000000000015 0
0 0.30050000000000004 0.591 0.49900000000000005 0
0 0.6435 0.591 0.07900000000000007 0
0 0.131 0.5800000000000001 0 0.04999999999999993
0 0.171 0.513 0 0.178
0 0.211 0.599 0 0.06000000000000005
0 0.291 0.5695 0 0.119
0 0.331 0.548 0 0.07399999999999995
0 0.371 0.563 0 0.132
0 0.411 0.6045 0 0.049000000000000044
0 0.691 0.3315 0 0.207
0 0.691 0.5665 0 0.125
1 0.689875 0.2115 0.03307661560679992 0.05
1 0.1113125 0.432 0.04284000029178338 0.05
3 0.23249999999999998 0.2405 0.363 0.259
3 0.5955 0.2405 0.36300000000000004 0.259
3 0.23249999999999998 0.4995 0.363 0.259
3 0.5955 0.4995 0.36300000000000004 0.259