0 0.22725 0.12 0 0.08600000000000001
0 0.26625 0.124 0 0.09400000000000001
0 0.23099999999999998 0.117 0.156 0
0 0.0595 0.1975 0 0.15500000000000003
0 0.254 0.157 0.10999999999999999 0
0 0.09699999999999999 0.237 0.154 0
0 0.14150000000000001 0.277 0.049 0
0 0.183125 0.2855 0 0.04099999999999998
0 0.08499999999999999 0.317 0.041999999999999996 0
0 0.29675 0.3775 0 0.121
0 0.092 0.357 0.14400000000000002 0
0 0.216625 0.37949999999999995 0 0.069
0 0.261 0.357 0.043999999999999984 0
0 0.185 0.397 0.17400000000000002 0
0 0.058 0.437 0.076 0
0 0.1 0.14500000000000002 0 0.05000000000000002
0 0.1 0.3015 0 0.201
0 0.14 0.23099999999999998 0 0.11199999999999999
0 0.18 0.11399999999999999 0 0.074
0 0.26 0.3905 0 0.09499999999999997
0 0.3 0.1465 0 0.060999999999999985
1 0.115 0.297 0.041484937025383084 0.05
1 0.146 0.417 0.04004996878900158 0.05
1 0.1 0.1855 0.031 0.05
3 0.09225 0.16725 0.14450000000000002 0.1805
3 0.23675000000000002 0.16725 0.1445 0.1805
3 0.09225 0.34775 0.14450000000000002 0.1805
3 0.23675000000000002 0.34775 0.1445 0.1805