0 0.3785 0.262 0.511 0
0 0.5175000000000001 0.302 0.801 0
0 0.18775 0.3205 0 0.04300000000000004
0 0.543 0.3215 0 0.05099999999999999
0 0.184375 0.48250000000000004 0 0.05299999999999999
0 0.579 0.462 0.041999999999999926 0
0 0.155 0.502 0.07 0
0 0.662625 0.5195000000000001 0 0.06500000000000006
0 0.746 0.502 0.04400000000000004 0
0 0.182875 0.5925 0 0.10099999999999998
0 0.36150000000000004 0.542 0.05099999999999999 0
0 0.5605 0.542 0.04499999999999993 0
0 0.152 0.582 0.057999999999999996 0
0 0.37250000000000005 0.582 0.067 0
0 0.1545 0.622 0.059 0
0 0.34125 0.616 0 0.18399999999999994
0 0.882 0.622 0.07200000000000006 0
0 0.199 0.702 0.14800000000000002 0
0 0.3755 0.702 0.07899999999999996 0
0 0.7055 0.702 0.42500000000000004 0
0 0.14850000000000002 0.742 0.04100000000000001 0
0 0.24 0.782 0.06400000000000003 0
0 0.5225 0.782 0.04700000000000004 0
0 0.14900000000000002 0.822 0.04200000000000001 0
0 0.235 0.822 0.04200000000000001 0
0 0.50175 0.8380000000000001 0 0.30399999999999994
0 0.22125 0.813 0 0.10999999999999999
0 0.39349999999999996 0.902 0.08700000000000002 0
0 0.885 0.902 0.06600000000000006 0
0 0.162 0.942 0.062 0
0 0.391 0.942 0.08200000000000002 0
0 0.882 0.942 0.07200000000000006 0
0 0.183 0.982 0.10399999999999998 0
0 0.5705 0.982 0.21700000000000003 0
0 0.8135 0.982 0.20900000000000007 0
0 0.1635 1.022 0.059 0
0 0.223625 1.0474999999999999 0 0.050999999999999934
0 0.3275 1.022 0.07300000000000001 0
0 0.53725 0.9924999999999999 0 0.05900000000000005
0 0.2915 1.062 0.065 0
0 0.4675 1.062 0.08100000000000002 0
0 0.156 1.102 0.043999999999999984 0
0 0.303 1.142 0.33199999999999996 0
0 0.176 1.182 0.068 0
0 0.427 1.182 0.08999999999999997 0
0 0.8835 1.182 0.06900000000000006 0
0 0.141 0.7055 0 0.8929999999999999
0 0.181 0.8340000000000001 0 0.08399999999999996
0 0.181 0.968 0 0.10799999999999998
0 0.221 1.163 0 0.08800000000000008
0 0.261 0.29300000000000004 0 0.07400000000000001
0 0.261 0.7865 0 0.07499999999999996
0 0.261 0.971 0 0.09599999999999986
0 0.261 1.0975000000000001 0 0.07099999999999995
0 0.301 0.2935 0 0.07900000000000001
0 0.301 0.79 0 0.06399999999999995
0 0.301 1.083 0 0.246
0 0.341 1.079 0 0.1299999999999999
0 0.381 0.2965 0 0.08500000000000002
0 0.381 0.5495 0 0.050999999999999934
0 0.381 1.1325 0 0.06099999999999994
0 0.421 1.157 0 0.06400000000000006
0 0.461 1.1015000000000001 0 0.2310000000000001
0 0.501 0.2885 0 0.08700000000000002
0 0.581 0.242 0 0.04000000000000001
0 0.581 0.46449999999999997 0 0.19899999999999995
0 0.741 0.47950000000000004 0 0.08100000000000002
0 0.781 0.314 0 0.04200000000000004
0 0.821 0.314 0 0.04200000000000004
0 0.861 0.9435 0 0.08099999999999996
0 0.861 1.2025000000000001 0 0.04100000000000015
0 0.901 0.7769999999999999 0 0.968
1 0.562 0.356 0.04204759208325728 0.05
1 0.183625 0.5255 0.033034073318317855 0.05
1 0.192 0.822 0.044 0.05
1 0.5195 0.9765 0.044601008957197374 0.05
1 0.694 0.982 0.03 0.05
1 0.2023125 0.9935 0.042625 0.05
1 0.2423125 1.0675 0.0389601158237498 0.05
1 0.181 0.895 0.038 0.05
1 0.241 1.1345 0.04237924020083418 0.05
3 0.31725 0.48175 0.40049999999999997 0.5195000000000001
3 0.71775 0.48175 0.4005000000000001 0.5195000000000001
3 0.31725 1.00125 0.40049999999999997 0.5194999999999999
3 0.71775 1.00125 0.4005000000000001 0.5194999999999999