0 1.1095000000000002 0.46 0.11499999999999999 0
0 0.8825000000000001 0.68 0.5930000000000001 0
0 0.48 0.2605 0 0.449
0 1.175 0.48150000000000004 0 0.11100000000000004
2 0.73425 0.68 0.035 0.05
2 0.8825 0.68 0.035 0.05
2 1.03075 0.68 0.035 0.05
2 0.48 0.18566666666666665 0.035 0.05
2 0.48 0.3353333333333333 0.035 0.05
3 0.6547499999999999 0.19699999999999998 0.34950000000000003 0.322
3 1.00425 0.19699999999999998 0.34950000000000003 0.322
3 0.6547499999999999 0.519 0.34950000000000003 0.32200000000000006
3 1.00425 0.519 0.34950000000000003 0.32200000000000006