0 0.4105 0.3265 0 0.15900000000000003
0 0.17425 0.31799999999999995 0 0.062
0 0.4195 0.287 0.061 0
0 0.5175000000000001 0.287 0.04500000000000004 0
0 0.0535 0.3345 0 0.061
0 0.571 0.327 0.41800000000000004 0
0 0.418 0.367 0.11199999999999999 0
0 0.5735 0.381 0 0.14
0 0.38649999999999995 0.407 0.044999999999999984 0
0 0.544 0.407 0.06399999999999995 0
0 0.741 0.407 0.07800000000000007 0
0 0.05375 0.47950000000000004 0 0.065
0 0.446 0.447 0.16000000000000003 0
0 0.39 0.487 0.055999999999999994 0
0 0.4175 0.527 0.11099999999999999 0
0 0.7275 0.527 0.05900000000000005 0
0 0.397 0.567 0.07 0
0 0.443 0.607 0.16200000000000003 0
0 0.1745 0.9125 0 0.5309999999999999
0 0.40800000000000003 0.647 0.09200000000000003 0
0 0.5449999999999999 0.647 0.06599999999999995 0
0 0.266 0.687 0.264 0
0 0.45225 0.8845 0 0.4829999999999999
0 0.29400000000000004 0.767 0.32 0
0 0.5575 0.767 0.07899999999999996 0
0 0.1545 0.807 0.04099999999999998 0
0 0.5055 0.807 0.13699999999999996 0
0 0.136 0.847 0.07599999999999998 0
0 0.474 0.847 0.07400000000000001 0
0 0.6085 0.847 0.09499999999999997 0
0 0.102 0.927 0.09 0
0 0.384 0.927 0.04400000000000004 0
0 0.539 0.927 0.20400000000000001 0
0 0.4155 0.967 0.10699999999999998 0
0 0.6094999999999999 0.967 0.17699999999999994 0
0 0.1345 1.007 0.07300000000000001 0
0 0.4065 0.9794999999999999 0 0.05499999999999994
0 0.5760000000000001 1.007 0.138 0
0 0.712 1.007 0.07399999999999995 0
0 0.16 1.047 0.055999999999999994 0
0 0.27 1.087 0.344 0
0 0.5565 1.087 0.05899999999999994 0
0 0.673 1.087 0.09199999999999997 0
0 0.456 1.127 0.648 0
0 0.0775 1.167 0.051 0
0 0.207 1.138 0 0.05800000000000005
0 0.6855 1.167 0.125 0
0 0.132 0.32499999999999996 0 0.04199999999999998
0 0.132 1.0105 0 0.253
0 0.212 0.3265 0 0.044999999999999984
0 0.252 1.0795 0 0.10899999999999999
0 0.292 0.7145 0 0.09299999999999997
0 0.292 1.0975000000000001 0 0.08299999999999996
0 0.332 0.688 0 0.039999999999999925
0 0.332 1.1105 0 0.05699999999999994
0 0.372 0.5355 0 0.457
0 0.372 0.9934999999999999 0 0.04299999999999993
0 0.372 1.131 0 0.09399999999999986
0 0.412 0.515 0 0.15199999999999997
0 0.452 0.296 0 0.17800000000000002
0 0.492 0.3135 0 0.049000000000000044
0 0.492 0.8205 0 0.06499999999999995
0 0.492 0.9735 0 0.09699999999999998
0 0.532 0.3045 0 0.059
0 0.532 0.48650000000000004 0 0.046999999999999986
0 0.532 0.7535000000000001 0 0.08900000000000008
0 0.532 0.973 0 0.09599999999999986
0 0.532 1.1059999999999999 0 0.05400000000000005
0 0.572 0.5785 0 0.17100000000000004
0 0.572 0.81 0 0.11199999999999999
0 0.572 0.973 0 0.09599999999999986
0 0.572 1.0975000000000001 0 0.09099999999999997
0 0.612 0.9755 0 0.10099999999999998
0 0.612 1.105 0 0.06999999999999984
0 0.652 0.31999999999999995 0 0.057999999999999996
0 0.652 0.9345 0 0.07899999999999996
0 0.652 1.1284999999999998 0 0.09899999999999998
0 0.692 0.3355 0 0.044999999999999984
0 0.692 1.1480000000000001 0 0.05999999999999983
0 0.732 1.1480000000000001 0 0.05999999999999983
0 0.772 0.7455 0 0.241
0 0.772 1.0505 0 0.16900000000000004
1 0.41125 0.4225 0.033034073318317855 0.05
1 0.55275 0.457 0.043200115740585694 0.05
1 0.471 0.427 0.04237924020083418 0.05
1 0.518 0.627 0.0417612260356422 0.05
1 0.4455 0.787 0.04346262762420146 0.05
1 0.5675 0.827 0.042059481689626185 0.05
1 0.4215 0.927 0.031 0.05
1 0.66 1.007 0.03 0.05
1 0.6065 1.087 0.041 0.05
1 0.512 0.781 0.04123105625617661 0.05
1 0.572 1.0365 0.031 0.05
1 0.752 1.072 0.04346262762420146 0.05
3 0.23399999999999999 0.44975 0.364 0.48550000000000004
3 0.598 0.44975 0.36400000000000005 0.48550000000000004
3 0.23399999999999999 0.9352499999999999 0.364 0.48549999999999993
3 0.598 0.9352499999999999 0.36400000000000005 0.48549999999999993