0 0.8089999999999999 0.496 1.416 0
0 0.8089999999999999 0.536 1.416 0
0 0.8089999999999999 0.576 1.416 0
0 0.8089999999999999 0.616 1.416 0
0 0.8089999999999999 0.656 1.416 0
0 0.8089999999999999 0.696 1.416 0
0 0.8089999999999999 0.736 1.416 0
0 0.8089999999999999 0.776 1.416 0
0 0.8089999999999999 0.816 1.416 0
0 0.8089999999999999 0.856 1.416 0
0 0.8089999999999999 0.896 1.416 0
0 0.8089999999999999 0.936 1.416 0
0 0.8089999999999999 0.976 1.416 0
0 0.8089999999999999 1.016 1.416 0
0 0.8089999999999999 1.056 1.416 0
0 0.8089999999999999 1.096 1.416 0
0 0.8089999999999999 1.136 1.416 0
0 0.8089999999999999 1.176 1.416 0
0 0.8089999999999999 1.216 1.416 0
0 0.8089999999999999 1.256 1.416 0
0 0.8089999999999999 1.296 1.416 0
0 0.8089999999999999 1.336 1.416 0
0 0.8089999999999999 1.376 1.416 0
0 0.8089999999999999 1.416 1.416 0
0 0.8089999999999999 1.456 1.416 0
0 0.8089999999999999 1.496 1.416 0
0 0.8089999999999999 1.536 1.416 0
0 0.8089999999999999 1.576 1.416 0
0 0.8089999999999999 1.616 1.416 0
0 0.8089999999999999 1.656 1.416 0
0 0.8089999999999999 1.696 1.416 0
0 0.8089999999999999 1.736 1.416 0
0 0.8089999999999999 1.776 1.416 0
0 0.8089999999999999 1.816 1.416 0
0 0.8089999999999999 1.856 1.416 0
0 0.8089999999999999 1.896 1.416 0
0 0.8089999999999999 1.936 1.416 0
0 0.8089999999999999 1.976 1.416 0
0 0.8089999999999999 2.016 1.416 0
0 0.8089999999999999 2.056 1.416 0
0 0.8089999999999999 2.096 1.416 0
0 0.8089999999999999 2.136 1.416 0
0 0.8089999999999999 2.176 1.416 0
0 0.8089999999999999 2.216 1.416 0
0 0.8089999999999999 2.256 1.416 0
0 0.8089999999999999 2.296 1.416 0
0 0.8089999999999999 2.336 1.416 0
0 0.8089999999999999 2.376 1.416 0
0 0.8089999999999999 2.416 1.416 0
0 0.8089999999999999 2.456 1.416 0
0 0.8089999999999999 2.496 1.416 0
0 0.8089999999999999 2.536 1.416 0
0 0.8089999999999999 2.576 1.416 0
0 0.8089999999999999 2.616 1.416 0
0 0.8089999999999999 2.656 1.416 0
0 0.8089999999999999 2.696 1.416 0
0 0.8089999999999999 2.736 1.416 0
0 0.8089999999999999 2.776 1.416 0
0 0.101 1.654 0 2.316
0 0.141 1.654 0 2.316
0 0.181 1.654 0 2.316
0 0.221 1.654 0 2.316
0 0.261 1.654 0 2.316
0 0.301 1.654 0 2.316
0 0.341 1.654 0 2.316
0 0.381 1.654 0 2.316
0 0.421 1.654 0 2.316
0 0.461 1.654 0 2.316
0 0.501 1.654 0 2.316
0 0.541 1.654 0 2.316
0 0.581 1.654 0 2.316
0 0.621 1.654 0 2.316
0 0.661 1.654 0 2.316
0 0.701 1.654 0 2.316
0 0.741 1.654 0 2.316
0 0.781 1.654 0 2.316
0 0.821 1.654 0 2.316
0 0.861 1.654 0 2.316
0 0.901 1.654 0 2.316
0 0.941 1.654 0 2.316
0 0.981 1.654 0 2.316
0 1.021 1.654 0 2.316
0 1.061 1.654 0 2.316
0 1.101 1.654 0 2.316
0 1.141 1.654 0 2.316
0 1.181 1.654 0 2.316
0 1.221 1.654 0 2.316
0 1.261 1.654 0 2.316
0 1.301 1.654 0 2.316
0 1.341 1.654 0 2.316
0 1.381 1.654 0 2.316
0 1.421 1.654 0 2.316
0 1.461 1.654 0 2.316
0 1.501 1.654 0 2.316
3 0.455 1.075 0.7080000000000001 1.158
3 1.163 1.075 0.7079999999999999 1.158
3 0.455 2.2329999999999997 0.7080000000000001 1.158
3 1.163 2.2329999999999997 0.7079999999999999 1.158