0 1.096 0.666 0 0.542
0 0.7935 0.435 0.04299999999999993 0
0 2.0780000000000003 0.435 0.04200000000000026 0
0 2.493 0.435 0.05799999999999983 0
0 0.7655000000000001 0.475 0.08900000000000008 0
0 1.731 0.44999999999999996 0 0.04999999999999999
0 2.077 0.475 0.040000000000000036 0
0 2.1715 0.5035000000000001 0 0.05700000000000005
0 0.7935 0.515 0.04299999999999993 0
0 1.4475 0.515 0.04700000000000015 0
0 1.498625 0.51 0 0.062000000000000055
0 1.7335 0.5755 0 0.121
0 2.0060000000000002 0.515 0.3340000000000001 0
0 2.5455 0.515 0.2549999999999999 0
0 2.7625 0.515 0.04899999999999993 0
0 2.9189999999999996 0.515 0.04400000000000004 0
0 3.079 0.515 0.04800000000000004 0
0 3.2215 0.515 0.04899999999999993 0
0 1.437 0.555 0.10400000000000009 0
0 2.4625 0.535 0 0.040000000000000036
0 2.503 0.535 0 0.040000000000000036
0 2.662 0.533 0 0.04400000000000004
0 2.78425 0.533 0 0.04400000000000004
0 2.9370000000000003 0.555 0.06000000000000005 0
0 3.2215 0.555 0.04899999999999993 0
0 0.978 0.617 0 0.04400000000000004
0 1.7454999999999998 0.595 0.04299999999999993 0
0 1.894 0.6194999999999999 0 0.049000000000000044
0 2.90475 0.5840000000000001 0 0.04999999999999993
0 0.931 0.635 0.31800000000000006 0
0 1.899 0.635 0.34999999999999987 0
0 2.0975 0.761 0 0.732
0 0.692 0.7105 0 0.07099999999999995
0 1.135890625 0.762 0 0.31800000000000006
0 1.3945 0.675 0.07299999999999995 0
0 1.7335 0.753 0 0.15599999999999992
0 2.0484999999999998 0.675 0.06300000000000017 0
0 2.174875 0.7444999999999999 0 0.1389999999999999
0 2.9395 0.7090000000000001 0 0.06799999999999995
0 3.089 0.675 0.041999999999999815 0
0 1.2675 0.715 0.07699999999999996 0
0 1.894 0.7375 0 0.04500000000000004
0 2.75 0.715 0.06799999999999962 0
0 0.7505 0.755 0.05900000000000005 0
0 0.81525 0.9410000000000001 0 0.372
0 1.125 0.755 0.06199999999999983 0
0 1.7385000000000002 0.755 0.08299999999999996 0
0 2.077 0.755 0.040000000000000036 0
0 2.9355 0.755 0.05300000000000038 0
0 0.6575 0.7635 0 0.7369999999999999
0 0.792 0.795 0.040000000000000036 0
0 1.112 0.795 0.039999999999999813 0
0 1.7495 0.795 0.06499999999999995 0
0 2.138 0.795 0.16199999999999992 0
0 0.7929999999999999 0.835 0.041999999999999926 0
0 0.978 0.8775 0 0.08500000000000008
0 1.337 0.8360000000000001 0 0.06399999999999995
0 1.778 0.8554999999999999 0 0.041000000000000036
0 1.895 1.0055 0 0.34099999999999997
0 2.083 0.835 0.052000000000000046 0
0 2.1805000000000003 0.835 0.06300000000000017 0
0 2.78425 0.869 0 0.06800000000000006
0 2.9355 0.835 0.06300000000000017 0
0 3.1395 0.835 0 0.061999999999999944
0 0.9465 0.875 0.349 0
0 1.18125 0.8975 0 0.04500000000000004
0 1.6935 0.963 0 0.17599999999999993
0 1.7715 0.875 0.07899999999999996 0
0 1.8705 0.875 0.05699999999999994 0
0 2.058 0.875 0.09600000000000009 0
0 2.1805000000000003 0.875 0.06300000000000017 0
0 2.6585 0.875 0.051000000000000156 0
0 2.7889999999999997 0.875 0.053999999999999826 0
0 2.9145000000000003 0.875 0.07900000000000018 0
0 0.8165 0.915 0.08899999999999997 0
0 0.97 0.915 0.05400000000000005 0
0 1.02075 0.8905000000000001 0 0.05700000000000005
0 1.1225 0.915 0.07099999999999995 0
0 1.7109999999999999 0.915 0.1399999999999999 0
0 2.0635000000000003 0.915 0.06300000000000017 0
0 2.1805000000000003 0.915 0.06300000000000017 0
0 2.7361171875 1.0190000000000001 0 0.20799999999999996
0 2.82 0.885 0 0.06000000000000005
0 2.9685 0.915 0.133 0
0 0.835 0.955 0.122 0
0 0.977375 0.9909999999999999 0 0.07199999999999995
0 1.153 0.955 0.05400000000000005 0
0 1.4304999999999999 0.955 0.131 0
0 1.6175 0.9924999999999999 0 0.07500000000000007
0 1.7095 0.955 0.06700000000000017 0
0 2.0225 0.955 0.11300000000000021 0
0 2.174 0.955 0.04999999999999982 0
0 2.696 0.955 0.16999999999999993 0
0 2.81525 0.9909999999999999 0 0.07199999999999995
0 2.9915000000000003 0.955 0.042999999999999705 0
0 3.057625 0.9590000000000001 0 0.06599999999999995
0 3.2119999999999997 0.955 0.06800000000000006 0
0 0.7925 0.995 0.040999999999999925 0
0 0.858375 0.9924999999999999 0 0.08499999999999996
0 0.911 0.995 0.040000000000000036 0
0 1.055625 1.0425 0 0.13500000000000012
0 1.1764999999999999 0.995 0.04299999999999993 0
0 1.415 0.995 0.10400000000000009 0
0 1.498 1.007 0 0.05599999999999994
0 1.6945000000000001 0.995 0.04699999999999993 0
0 1.9169999999999998 0.995 0.05400000000000005 0
0 1.9775 1.036 0 0.18200000000000005
0 2.01375 1.0034999999999998 0 0.04299999999999993
0 2.1235 0.995 0.17700000000000005 0
0 2.61775 0.809 0 0.8280000000000001
0 2.768 0.995 0.06999999999999984 0
0 2.9925 0.995 0.04499999999999993 0
0 3.2005 0.995 0.04499999999999993 0
0 0.886 1.035 0.22399999999999998 0
0 1.0935000000000001 1.035 0.11499999999999999 0
0 1.3904999999999998 1.035 0.41700000000000004 0
0 1.69 1.035 0.1160000000000001 0
0 1.8054999999999999 1.035 0.05499999999999994 0
0 1.9435 1.035 0.1070000000000002 0
0 2.0675 1.035 0.06499999999999995 0
0 2.1790000000000003 1.035 0.06000000000000005 0
0 2.6715 1.035 0.1689999999999996 0
0 2.778625 1.056 0 0.134
0 2.89775 1.045 0 0.06800000000000006
0 2.9775 1.035 0.04499999999999993 0
0 3.1615 1.035 0.16900000000000004 0
0 0.7969999999999999 1.075 0.04599999999999993 0
0 0.86075 1.1055 0 0.06099999999999994
0 0.953 1.075 0.12399999999999989 0
0 1.1099999999999999 1.075 0.12399999999999989 0
0 1.2171875 1.0975000000000001 0 0.07499999999999996
0 1.3315 1.0979999999999999 0 0.04600000000000004
0 1.7265 1.075 0.10099999999999998 0
0 1.85975 1.091 0 0.052000000000000046
0 2.014875 1.137 0 0.12400000000000011
0 2.1085000000000003 1.075 0.1469999999999998 0
0 2.213 0.9605 0 0.33299999999999996
0 2.6535 1.099 0 0.04800000000000004
0 2.7655000000000003 1.075 0.07499999999999973 0
0 2.9415 1.075 0.07899999999999974 0
0 3.137125 1.0659999999999998 0 0.07000000000000006
0 0.97 1.115 0.3919999999999999 0
0 1.4355 1.115 0.355 0
0 1.8355000000000001 1.115 0.2769999999999999 0
0 2.104 1.115 0.15799999999999992 0
0 3.028 1.115 0.10200000000000031 0
0 0.86075 1.1755 0 0.040999999999999925
0 1.1745 1.141 0 0.1120000000000001
0 1.397 1.155 0.053999999999999826 0
0 1.49425 1.1404999999999998 0 0.10299999999999998
0 1.617 1.139 0 0.08000000000000007
0 2.50375 1.1764999999999999 0 0.04299999999999993
0 2.974375 1.1875 0 0.06499999999999995
0 3.214 1.155 0.06400000000000006 0
0 0.7155 1.195 0.04300000000000004 0
0 0.8355 1.195 0.09299999999999997 0
0 1.0354999999999999 1.195 0.04299999999999993 0
0 1.1955 1.195 0.051000000000000156 0
0 1.376 1.195 0.06600000000000006 0
0 1.482 1.195 0.07799999999999985 0
0 1.6520000000000001 1.195 0.04600000000000004 0
0 2.879 1.195 0.04800000000000004 0
0 2.9355 1.194 0 0.052000000000000046
0 3 1.195 0.05600000000000005 0
0 3.1235 1.195 0.06299999999999972 0
0 2.7249999999999996 1.275 0.052000000000000046 0
0 3.0855 1.435 0.051000000000000156 0
0 2.1778125 1.6935 0 0.11699999999999999
0 2.494625 1.944 0 0.5960000000000001
0 1.5405 1.715 0.06700000000000017 0
0 1.8435 1.715 0.07299999999999995 0
0 2.1695 1.715 0.129 0
0 2.487 1.715 0.053999999999999826 0
0 2.7935 1.715 0.07100000000000017 0
0 1.5765 1.7315 0 0.06699999999999995
0 1.81575 1.73 0 0.06999999999999984
0 2.134 1.755 0.041999999999999815 0
0 2.219 1.7945 0 0.07900000000000018
0 2.808 1.795 0.04200000000000026 0
0 1.5765 1.8385 0 0.04300000000000015
0 1.81575 1.8305 0 0.04499999999999993
0 1.505 1.915 0.07999999999999985 0
0 1.5425 1.97 0 0.544
0 1.516 2.075 0.05799999999999983 0
0 2.896375 2.0985 0 0.04699999999999971
0 2.8855000000000004 2.115 0.040999999999999925 0
0 2.807 2.155 0.040000000000000036 0
0 2.0145 2.235 1.099 0
0 2.811 2.235 0.05400000000000027 0
0 0.736 0.5 0 0.09200000000000003
0 0.736 0.7535000000000001 0 0.041000000000000036
0 0.736 0.9644999999999999 0 0.04300000000000004
0 0.776 0.7635 0 0.7369999999999999
0 0.816 0.499 0 0.064
0 0.816 0.6395 0 0.05300000000000005
0 0.856 0.8905000000000001 0 0.05700000000000005
0 0.896 1.037 0 0.17799999999999994
0 0.936 1.0495 0 0.14900000000000013
0 1.016 1.0945 0 0.05500000000000016
0 1.056 0.5415 0 0.04299999999999993
0 1.096 1.0675 0 0.08900000000000019
0 1.136 0.4515 0 0.05299999999999999
0 1.136 0.55 0 0.05999999999999994
0 1.136 1.1075 0 0.040999999999999925
0 1.216 0.998 0 0.052000000000000046
0 1.296 0.8340000000000001 0 0.05999999999999994
0 1.296 1.073 0 0.10400000000000009
0 1.376 1.1435 0 0.10299999999999998
0 1.416 0.5215 0 0.08499999999999996
0 1.456 0.5505 0 0.06499999999999995
0 1.456 1.0035 0 0.05700000000000005
0 1.536 0.835 0 0.061999999999999944
0 1.576 0.8255 0 0.04299999999999993
0 1.616 2.214 0 0.05600000000000005
0 1.656 1.012 0 0.08400000000000007
0 1.656 1.1219999999999999 0 0.04600000000000004
0 1.656 2.2199999999999998 0 0.04400000000000004
0 1.736 0.888 0 0.04600000000000004
0 1.736 1.073 0 0.1080000000000001
0 1.776 0.593 0 0.396
0 1.776 1.0635 0 0.09899999999999998
0 1.816 1.068 0 0.09400000000000008
0 1.856 0.8805000000000001 0 0.041000000000000036
0 1.856 1.686 0 0.07400000000000007
0 1.936 1.0045 0 0.051000000000000045
0 1.936 1.0899999999999999 0 0.05400000000000005
0 2.056 0.974 0 0.30600000000000005
0 2.056 1.7225000000000001 0 0.05499999999999994
0 2.136 0.9145 0 0.119
0 2.136 1.0485 0 0.06499999999999995
0 2.136 1.7725 0 0.15500000000000003
0 2.176 0.9175 0 0.135
0 2.176 1.0675 0 0.10299999999999998
0 2.216 0.546 0 0.30199999999999994
0 2.296 1.685 0 0.07200000000000006
0 2.416 1.7205 0 0.050999999999999934
0 2.576 0.506 0 0.040000000000000036
0 2.576 0.9279999999999999 0 0.04799999999999993
0 2.656 0.9435 0 0.17700000000000005
0 2.696 1.0335 0 0.05899999999999994
0 2.696 1.1955 0 0.05500000000000016
0 2.736 1.717 0 0.04800000000000004
0 2.776 1.1885 0 0.04100000000000015
0 2.816 1.844 0 0.30200000000000005
0 2.816 2.112 0 0.05600000000000005
0 2.816 2.2065 0 0.07100000000000017
0 2.856 1.1844999999999999 0 0.3510000000000002
0 2.856 2.179 0 0.040000000000000036
0 2.896 1.194 0 0.052000000000000046
0 2.896 2.1995 0 0.08499999999999996
0 2.936 0.879 0 0.07200000000000006
0 2.936 1.056 0 0.040000000000000036
0 2.976 1.0195 0 0.21099999999999997
0 3.016 0.972 0 0.05799999999999994
0 3.096 0.835 0 0.061999999999999944
0 3.136 1.3915000000000002 0 0.07099999999999995
0 3.176 1.3765 0 0.040999999999999925
0 3.216 0.5249999999999999 0 0.07799999999999996
0 3.216 1.008 0 0.05799999999999994
0 3.216 1.2374999999999998 0 0.04299999999999993
1 1.73225 0.495 0.040078048854703494 0.05
1 1.7335 0.6555 0.039 0.05
1 1.75575 0.833 0.04467941360403021 0.05
1 2.1939375 0.804 0.043052475248236306 0.05
1 0.776 0.775 0.040792156108742275 0.05
1 0.9776875 0.9375 0.03500557991235111 0.05
1 1.8265 0.875 0.031 0.05
1 2.817625 0.935 0.04028104392887553 0.05
1 0.8935 0.975 0.04031128874149274 0.05
1 2.835625 1.018 0.04454842870405195 0.05
1 0.8595625 1.055 0.040070445779901175 0.05
1 1.117 1.015 0.04019950248448356 0.05
1 1.19 1.015 0.04308131845707603 0.05
1 1.017 1.035 0.038 0.05
1 1.6155 1.035 0.033 0.05
1 1.3235 1.055 0.04123105625617661 0.05
1 1.763 1.035 0.03 0.05
1 2.016 1.035 0.038 0.05
1 2.65475 0.989 0.04307261310856354 0.05
1 2.67475 1.0635 0.044161634933503086 0.05
1 2.979 1.095 0.04019950248448356 0.05
1 1.4335 1.175 0.04428317965096906 0.05
1 2.19840625 1.7535 0.04129661192216621 0.05
1 1.81575 1.7865 0.043 0.05
1 2.8961875 2.1395 0.03500200887092054 0.05
1 1.136 0.499 0.042 0.05
1 1.936 1.0465 0.033 0.05
1 2.136 0.995 0.042 0.05
1 2.816 2.1555 0.031 0.05
1 2.956 0.9145 0.04001249804748511 0.05
3 1.3046250000000001 0.85675 1.2942500000000001 0.9235
3 2.598875 0.85675 1.29425 0.9235
3 1.3046250000000001 1.78025 1.2942500000000001 0.9235
3 2.598875 1.78025 1.29425 0.9235