0 0.321 0.188 0.5619999999999999 0
0 0.321 0.228 0.5619999999999999 0
0 0.321 0.268 0.5619999999999999 0
0 0.321 0.308 0.5619999999999999 0
0 0.321 0.348 0.5619999999999999 0
0 0.321 0.388 0.5619999999999999 0
0 0.321 0.428 0.5619999999999999 0
0 0.321 0.468 0.5619999999999999 0
0 0.321 0.508 0.5619999999999999 0
0 0.321 0.548 0.5619999999999999 0
0 0.3215 0.588 0.5609999999999999 0
0 0.321 0.628 0.5619999999999999 0
0 0.321 0.668 0.5619999999999999 0
0 0.321 0.708 0.5619999999999999 0
0 0.321 0.748 0.5619999999999999 0
0 0.321 0.788 0.5619999999999999 0
0 0.321 0.828 0.5619999999999999 0
0 0.08 0.493 0 0.69
0 0.12 0.493 0 0.69
0 0.16 0.493 0 0.69
0 0.2 0.493 0 0.69
0 0.24 0.494 0 0.688
0 0.28 0.493 0 0.69
0 0.32 0.493 0 0.69
0 0.36 0.493 0 0.69
0 0.4 0.493 0 0.69
0 0.44 0.493 0 0.69
0 0.48 0.493 0 0.69
0 0.52 0.493 0 0.69
0 0.56 0.493 0 0.69
0 0.6 0.4935 0 0.689
3 0.1805 0.3205 0.281 0.345
3 0.4615 0.3205 0.28099999999999997 0.345
3 0.1805 0.6655 0.281 0.345
3 0.4615 0.6655 0.28099999999999997 0.345