0 0.469 0.367 0.718 0
0 0.4805 0.407 0.741 0
0 0.461 0.447 0.7020000000000001 0
0 0.461 0.487 0.7020000000000001 0
0 0.4805 0.527 0.741 0
0 0.4805 0.567 0.741 0
0 0.4805 0.607 0.741 0
0 0.469 0.647 0.718 0
0 0.4805 0.687 0.741 0
0 0.461 0.727 0.7020000000000001 0
0 0.4595 0.767 0.6990000000000001 0
0 0.4275 0.807 0.635 0
0 0.34199999999999997 0.847 0.46399999999999997 0
0 0.61578125 0.897 0 0.22399999999999987
0 0.33899999999999997 0.887 0.45799999999999996 0
0 0.33999999999999997 0.927 0.45999999999999996 0
0 0.6973125 0.96 0 0.10199999999999987
0 0.7925 0.927 0.11699999999999999 0
0 0.4805 0.967 0.741 0
0 0.344 1.007 0.46799999999999997 0
0 0.4795 1.047 0.743 0
0 0.324 1.087 0.43200000000000005 0
0 0.57675 1.0105 0 0.4730000000000001
0 0.3335 1.127 0.45100000000000007 0
0 0.8155 1.127 0.07099999999999995 0
0 0.328 1.167 0.44000000000000006 0
0 0.7085 1.167 0.09899999999999998 0
0 0.345 1.207 0.474 0
0 0.372 1.247 0.55 0
0 0.7565 1.247 0.1409999999999999 0
0 0.774 1.407 0.07999999999999996 0
0 0.7925 1.447 0.11699999999999999 0
0 0.767 1.487 0.06600000000000006 0
0 0.128 1.687 0.062 0
0 0.28900000000000003 1.687 0.055999999999999994 0
0 0.337875 1.669 0 0.08999999999999986
0 0.41200000000000003 1.687 0.08200000000000002 0
0 0.517 1.687 0.06600000000000006 0
0 0.61 1.687 0.05800000000000005 0
0 0.7965 1.687 0.04899999999999993 0
0 0.178 1.701 0 0.052000000000000046
0 0.136 0.779 0 0.9040000000000001
0 0.136 1.321 0 0.11399999999999988
0 0.136 1.768 0 0.18000000000000016
0 0.176 1.1475 0 0.2250000000000001
0 0.216 0.4305 0 0.20700000000000002
0 0.256 0.7919999999999999 0 0.9299999999999999
0 0.296 0.7989999999999999 0 0.9319999999999999
0 0.296 1.6975 0 0.04499999999999993
0 0.376 0.7889999999999999 0 0.9239999999999999
0 0.376 1.6975 0 0.04499999999999993
0 0.416 0.948 0 0.6
0 0.456 1.6975 0 0.04499999999999993
0 0.496 0.7005 0 0.7470000000000001
0 0.536 0.7919999999999999 0 0.9299999999999999
0 0.576 1.7665000000000002 0 0.18300000000000005
0 0.616 0.4075 0 0.16099999999999998
0 0.656 0.5695 0 0.48500000000000004
0 0.656 0.9814999999999999 0 0.05899999999999994
0 0.656 1.2285 0 0.052999999999999936
0 0.736 0.5045000000000001 0 0.35500000000000004
0 0.736 0.9605 0 0.21100000000000008
0 0.736 1.2315 0 0.04899999999999993
0 0.736 1.4625 0 0.123
0 0.776 0.5675 0 0.48100000000000004
0 0.776 0.9829999999999999 0 0.05599999999999994
0 0.776 1.2495 0 0.040999999999999925
0 0.776 1.4609999999999999 0 0.1260000000000001
0 0.816 0.617 0 0.37800000000000006
0 0.816 0.9829999999999999 0 0.05599999999999994
0 0.816 1.0899999999999999 0 0.09800000000000009
0 0.816 1.3815 0 0.17700000000000005
1 0.6665 1.247 0.039 0.05
1 0.4685 1.687 0.031 0.05
1 0.5655 1.687 0.031 0.05
1 0.136 1.2475 0.033 0.05
1 0.816 1.026 0.03 0.05
3 0.2855 0.70975 0.377 0.7655000000000001
3 0.6625 0.70975 0.377 0.7655000000000001
3 0.2855 1.47525 0.377 0.7655000000000001
3 0.6625 1.47525 0.377 0.7655000000000001