0 0.2605 0.1815 0 0.069
0 0.81975 0.187 0 0.08000000000000002
0 0.302029296875 0.2805 0 0.251
0 0.383125 0.1975 0 0.04100000000000001
0 0.466375 0.187 0 0.064
0 0.222875 0.249 0 0.06200000000000003
0 0.27349999999999997 0.227 0.044999999999999984 0
0 0.792 0.227 0.04599999999999993 0
0 0.7985 0.267 0.05899999999999994 0
0 0.781 0.313 0 0.07399999999999995
0 0.18325 0.375 0 0.05600000000000005
0 0.2224375 0.36650000000000005 0 0.07300000000000001
0 0.42325 0.33699999999999997 0 0.055999999999999994
0 0.4615 0.32899999999999996 0 0.05399999999999999
0 0.8605625 0.36750000000000005 0 0.07300000000000001
0 0.902875 0.3795 0 0.04700000000000004
0 0.664 0.605 0 0.324
0 0.782 0.529 0 0.16399999999999998
0 0.8235625 0.49050000000000005 0 0.08700000000000002
0 0.10425 0.618 0 0.062000000000000055
0 0.17149999999999999 0.627 0.049000000000000016 0
0 0.831 0.627 0.19800000000000006 0
0 0.262 0.7364999999999999 0 0.04300000000000004
0 0.3905 0.7725 0 0.051000000000000045
0 0.50375 0.7725 0 0.051000000000000045
0 0.781375 0.732 0 0.050000000000000044
0 0.431 0.787 0.09799999999999998 0
0 0.182 0.624 0 0.052000000000000046
0 0.302 0.7075 0 0.07699999999999996
0 0.702 0.6245 0 0.051000000000000045
0 0.902 0.6205 0 0.04300000000000004
1 0.2416875 0.217 0.037678118649953844 0.05
3 0.31068749999999995 0.30974999999999997 0.41287499999999994 0.3255
3 0.7235625 0.30974999999999997 0.4128750000000001 0.3255
3 0.31068749999999995 0.63525 0.41287499999999994 0.32550000000000007
3 0.7235625 0.63525 0.4128750000000001 0.32550000000000007