0 0.11175 0.23450000000000001 0 0.321
0 0.162 0.154 0.114 0
0 0.182 0.194 0.15400000000000003 0
0 0.156125 0.24 0 0.04400000000000001
0 0.1945 0.26 0 0.06599999999999998
0 0.51528125 0.3185 0 0.207
0 0.39725 0.2835 0 0.056999999999999995
0 0.459 0.314 0.16800000000000004 0
0 0.1655 0.354 0.107 0
0 0.27075 0.3745 0 0.041000000000000036
0 0.473875 0.3755 0 0.04300000000000004
0 0.197125 0.36850000000000005 0 0.063
0 0.35775 0.39249999999999996 0 0.059
0 0.156 0.16849999999999998 0 0.05300000000000002
0 0.196 0.173 0 0.062
0 0.236 0.195 0 0.05399999999999999
1 0.1760625 0.202 0.04226127808053135 0.05
1 0.1958125 0.315 0.04407823300678012 0.05
3 0.2145 0.161 0.21900000000000003 0.174
3 0.4335 0.161 0.21900000000000003 0.174
3 0.2145 0.33499999999999996 0.21900000000000003 0.174
3 0.4335 0.33499999999999996 0.21900000000000003 0.174