0 0.424 0.455 0.5419999999999999 0
0 0.954 0.755 0.44399999999999995 0
0 0.6145 1.065 0.20099999999999996 0
0 1.18 0.9255 0 0.245
0 1.185 0.614 0 0.22799999999999998
0 0.571 0.461 0.09999999999999998 0
0 0.9995 0.773 0.1349999999999999 0
0 0.704 0.997 0.06999999999999995 0
0 0.429 1.0270000000000001 0 0.05800000000000005
0 0.725 0.819 0 0.08799999999999997
2 0.2885 0.455 0.035 0.05
2 0.424 0.455 0.035 0.05
2 0.5595 0.455 0.035 0.05
2 0.88 0.755 0.035 0.05
2 1.028 0.755 0.035 0.05
2 0.6145 1.065 0.035 0.05
2 1.18 0.9255 0.035 0.05
3 0.41100000000000003 0.6075 0.516 0.305
3 0.927 0.6075 0.516 0.305
3 0.41100000000000003 0.9125 0.516 0.30499999999999994
3 0.927 0.9125 0.516 0.30499999999999994