0 0.13225 0.14100000000000001 0 0.05800000000000001
0 0.0925 0.159 0.16299999999999998 0
0 0.0911875 0.34450000000000003 0 0.21100000000000002
0 0.055125 0.3095 0 0.08499999999999996
0 0.051 0.319 0.08 0
0 0.1245 0.359 0.09899999999999999 0
0 0.07300000000000001 0.399 0.12200000000000001 0
0 0.13175 0.41800000000000004 0 0.04199999999999998
0 0.051 0.10200000000000001 0 0.039999999999999994
0 0.051 0.1775 0 0.049000000000000016
0 0.171 0.1555 0 0.05499999999999999
1 0.083 0.339 0.04308131845707603 0.05
1 0.051 0.1375 0.031 0.05
3 0.05175 0.17400000000000002 0.0815 0.184
3 0.13324999999999998 0.17400000000000002 0.08149999999999999 0.184
3 0.05175 0.358 0.0815 0.184
3 0.13324999999999998 0.358 0.08149999999999999 0.184