0 0.923 0.162 0.06599999999999995 0
0 0.071375 0.344 0 0.284
0 0.91025 0.1735 0 0.10300000000000001
0 0.950375 0.1885 0 0.063
0 0.94925 0.2915 0 0.09900000000000003
0 1.0299999999999998 0.522 0.04200000000000004 0
0 0.873 0.593 0 0.061999999999999944
0 0.949375 0.6645 0 0.05699999999999994
0 0.19 0.6505 0 0.08499999999999996
0 0.31 0.46699999999999997 0 0.03999999999999998
0 1.03 0.5025 0 0.041000000000000036
1 0.92975 0.2335 0.0425440947723653 0.05
3 0.31628124999999996 0.26475 0.4898125 0.2855
3 0.8060937499999999 0.26475 0.4898125 0.2855
3 0.31628124999999996 0.5502499999999999 0.4898125 0.2855
3 0.8060937499999999 0.5502499999999999 0.4898125 0.2855