0 0.948 0.615 0.15399999999999991 0
0 0.931 0.715 0.124 0
0 1.8285 0.76 0.6689999999999998 0
0 1.193 0.765 0.1359999999999999 0
0 1.718 0.77 0.16199999999999992 0
0 2.0220000000000002 0.83 0.1499999999999999 0
0 1.2045 0.965 0.14100000000000001 0
0 0.47800000000000004 1.085 0.15600000000000003 0
0 0.927 1.09 0.16200000000000003 0
0 1.7565 1.185 0.19300000000000006 0
0 1.887 1.26 0.17200000000000015 0
0 2.1525 1.26 0.15100000000000025 0
0 1.1985000000000001 1.29 0.19100000000000006 0
0 1.5275 1.735 0.15300000000000002 0
0 0.8945 1.79 0.11099999999999999 0
0 1.5245 1.945 0.14900000000000002 0
0 1.4380000000000002 1.99 0.28 0
0 1.0625 2.12 0.15499999999999992 0
0 1.158 2.32 0.1519999999999999 0
0 0.295 0.517 0 0.426
0 0.27 0.827 0 0.3679999999999999
0 0.72 1.049 0 0.1260000000000001
0 0.845 1.9545 0 0.125
0 1.015 0.358 0 0.11399999999999999
0 1.235 2.186 0 0.1379999999999999
0 1.305 0.696 0 0.21600000000000008
0 1.4 0.6565000000000001 0 0.257
0 1.52 0.6175 0 0.299
0 1.64 2.2285 0 0.35299999999999976
0 1.675 1.5910000000000002 0 0.21599999999999997
0 1.7 0.6154999999999999 0 0.18499999999999994
0 1.71 0.5695 0 0.19300000000000006
0 1.815 0.8955 0 0.273
0 1.965 0.41200000000000003 0 0.14399999999999996
0 2.02 0.379 0 0.10999999999999999
0 2.14 0.8815 0 0.2469999999999999
0 2.205 0.663 0 0.22399999999999998
0 2.235 1.088 0 0.1100000000000001
0 0.6325000000000001 0.445 0.1050000000000001 0
0 0.7505 0.453 0.1190000000000001 0
0 1.7875 0.453 0.061000000000000165 0
0 1.8624999999999998 0.453 0.08699999999999997 0
0 1.635 0.461 0.052000000000000046 0
0 2.1025 0.565 0.08699999999999974 0
0 0.7775 0.757 0.11499999999999999 0
0 1.2014999999999998 0.757 0.09899999999999998 0
0 1.0005 0.765 0.11699999999999999 0
0 1.5855000000000001 0.765 0.05700000000000016 0
0 1.841 0.765 0.10999999999999988 0
0 2.0815 0.765 0.125 0
0 1.036 0.893 0.07600000000000007 0
0 1.5665 1.165 0.06300000000000017 0
0 1.6855 1.173 0.052999999999999936 0
0 0.517 1.181 0.07400000000000007 0
0 0.51 1.197 0.052000000000000046 0
0 0.938 1.205 0.05999999999999994 0
0 1.73 1.205 0.14400000000000013 0
0 1.395 1.341 0.07600000000000007 0
0 1.4055 1.357 0.06499999999999995 0
0 1.3504999999999998 1.501 0.10299999999999998 0
0 1.3504999999999998 1.525 0.10299999999999998 0
0 1.499 1.533 0.051999999999999824 0
0 1.373 1.541 0.05799999999999983 0
0 1.4965 1.565 0.052999999999999936 0
0 1.607 1.565 0.09200000000000008 0
0 1.6145 1.573 0.050999999999999934 0
0 1.3825 1.629 0.16900000000000004 0
0 1.401 1.637 0.07799999999999985 0
0 1.5135 1.685 0.09299999999999997 0
0 1.246 1.717 0.09399999999999986 0
0 1.2254999999999998 1.733 0.050999999999999934 0
0 1.5495 1.781 0.05499999999999994 0
0 1.381 1.789 0.08000000000000007 0
0 1.5065 1.893 0.052999999999999936 0
0 0.948 1.989 0.08599999999999997 0
0 1.403 2.005 0.21399999999999997 0
0 1.5505 2.005 0.07900000000000018 0
0 1.6179999999999999 2.005 0.05400000000000005 0
0 1.476 2.101 0.06800000000000006 0
0 1.5365 2.101 0.051000000000000156 0
0 1.6084999999999998 2.109 0.07899999999999996 0
0 0.962 2.125 0.18000000000000005 0
0 1.183 2.125 0.258 0
0 1.224 2.133 0.18999999999999995 0
0 0.277 0.47550000000000003 0 0.056999999999999995
0 0.285 0.6075 0 0.09099999999999997
0 0.285 1.0335 0 0.050999999999999934
0 0.725 0.8195 0 0.050999999999999934
0 0.725 0.874 0 0.05600000000000005
0 0.861 0.351 0 0.10000000000000003
0 0.869 1.474 0 0.05600000000000005
0 0.869 1.6395 0 0.09299999999999997
0 0.869 1.8305 0 0.133
0 0.877 2.232 0 0.053999999999999826
0 0.877 2.2925 0 0.06299999999999972
0 0.885 0.361 0 0.08000000000000002
0 0.973 2.0149999999999997 0 0.053999999999999826
0 0.973 2.1035000000000004 0 0.06499999999999995
0 1.053 1.1315 0 0.06499999999999995
0 1.069 0.622 0 0.05400000000000005
0 1.077 0.5095000000000001 0 0.10100000000000003
0 1.093 0.5015000000000001 0 0.08300000000000002
0 1.093 0.9784999999999999 0 0.06300000000000006
0 1.125 1.9449999999999998 0 0.11999999999999988
0 1.125 2.0709999999999997 0 0.13000000000000034
0 1.133 1.787 0 0.1399999999999999
0 1.293 2.0525 0 0.05500000000000016
0 1.301 0.538 0 0.07199999999999995
0 1.301 1.6179999999999999 0 0.051999999999999824
0 1.309 0.40800000000000003 0 0.064
0 1.309 1.471 0 0.13800000000000012
0 1.317 1.4435 0 0.08300000000000018
0 1.317 1.513 0 0.05400000000000005
0 1.317 1.7755 0 0.06299999999999994
0 1.317 2.048 0 0.07399999999999984
0 1.429 1.591 0 0.08400000000000007
0 1.445 2.0469999999999997 0 0.052000000000000046
0 1.453 1.5945 0 0.09099999999999997
0 1.453 1.703 0 0.07200000000000006
0 1.453 1.7735 0 0.06499999999999995
0 1.637 1.697 0 0.06800000000000006
0 1.709 0.614 0 0.06400000000000006
0 1.813 1.168 0 0.052000000000000046
0 1.965 0.336 0 0.234
0 1.973 0.365 0 0.08200000000000002
0 1.997 0.369 0 0.08599999999999997
0 2.021 0.366 0 0.08000000000000002
0 2.205 0.73 0 0.07400000000000007
1 1.542 1.565 0.038 0.05
1 0.973 2.0565 0.029 0.05
1 1.073 0.554 0.03590264614203248 0.05
1 1.129 1.861 0.029120439557122072 0.05
1 1.441 1.65 0.041617304093369625 0.05
2 0.478 1.085 0.035 0.05
2 1.7565 1.185 0.035 0.05
2 1.438 1.99 0.035 0.05
2 0.295 0.446 0.035 0.05
2 0.295 0.588 0.035 0.05
2 1.305 0.696 0.035 0.05
2 1.52 0.6175 0.035 0.05
2 2.205 0.663 0.035 0.05
3 0.76125 0.7655000000000001 0.9824999999999999 1.093
3 1.74375 0.7655000000000001 0.9824999999999999 1.093
3 0.76125 1.8584999999999998 0.9824999999999999 1.0929999999999997
3 1.74375 1.8584999999999998 0.9824999999999999 1.0929999999999997