0 0.2485 0.214 0.19699999999999998 0
0 0.49050000000000005 0.214 0.046999999999999986 0
0 0.574625 0.34199999999999997 0 0.276
0 0.612375 0.247 0 0.06600000000000003
0 0.8160000000000001 0.214 0.07199999999999995 0
0 1.33675 0.313 0 0.278
0 1.005 0.254 0.1100000000000001 0
0 0.513 0.294 0.09200000000000003 0
0 0.77325 0.3305 0 0.07300000000000001
0 1.033 0.294 0.06600000000000006 0
0 0.505 0.334 0.07600000000000001 0
0 1.063 0.334 0.07200000000000006 0
0 0.178625 0.3805 0 0.04500000000000004
0 0.518 0.374 0.10599999999999993 0
0 0.873 0.374 0.06800000000000006 0
0 0.93675 0.35350000000000004 0 0.04099999999999998
0 1.032 0.374 0.06800000000000006 0
0 0.522 0.414 0.11399999999999993 0
0 0.648 0.414 0.06400000000000006 0
0 0.831 0.414 0.04999999999999993 0
0 1.291875 0.4165 0 0.05299999999999999
0 0.522 0.454 0.11399999999999993 0
0 0.645 0.454 0.050000000000000044 0
0 0.8140625 0.469 0 0.09400000000000003
0 0.895 0.444 0 0.10399999999999998
0 1.032 0.454 0.06800000000000006 0
0 1.17425 0.472 0 0.07200000000000001
0 0.14 0.494 0.09 0
0 0.214125 0.537 0 0.14399999999999996
0 0.9425 0.494 0.2270000000000001 0
0 0.576875 0.5645 0 0.040999999999999925
0 1.4035000000000002 0.614 0.06299999999999994 0
0 0.8180000000000001 0.654 0.2699999999999999 0
0 1.098125 0.679 0 0.04999999999999993
0 0.406 0.694 0.068 0
0 0.49425 0.71 0 0.07799999999999996
0 0.85425 0.6695 0 0.052999999999999936
0 0.2125 0.734 0.044999999999999984 0
0 0.37425 0.752 0 0.1180000000000001
0 1.052625 0.829 0 0.10999999999999999
0 1.2945 0.7625 0 0.041000000000000036
0 0.494625 0.8625 0 0.125
0 1.077 0.814 0.06800000000000006 0
0 0.6539999999999999 0.894 0.07599999999999996 0
0 0.812125 0.906 0 0.04600000000000004
0 0.85125 0.935 0 0.11199999999999999
0 0.975375 0.937 0 0.10799999999999998
0 1.2695 0.894 0.33099999999999996 0
0 0.93075 0.9359999999999999 0 0.10999999999999999
0 1.293125 0.9239999999999999 0 0.06599999999999995
0 1.34175 0.9125000000000001 0 0.04300000000000004
0 1.37725 0.9125000000000001 0 0.04300000000000004
0 0.175 0.1985 0 0.04500000000000001
0 0.215 0.808 0 0.12
0 0.295 0.892 0 0.050000000000000044
0 0.415 0.47850000000000004 0 0.05099999999999999
0 0.495 0.3745 0 0.21499999999999997
0 0.535 0.404 0 0.274
0 0.535 0.893 0 0.052000000000000046
0 0.575 0.901 0 0.04800000000000004
0 0.655 0.419 0 0.10199999999999998
0 0.695 0.6805 0 0.07099999999999995
0 0.775 0.562 0 0.07399999999999995
0 0.815 0.33 0 0.134
0 0.855 0.40249999999999997 0 0.191
0 1.015 0.3785 0 0.247
0 1.055 0.32 0 0.29200000000000004
0 1.135 0.94 0 0.10199999999999998
0 1.415 0.5685 0 0.06499999999999995
0 1.415 0.8180000000000001 0 0.039999999999999925
0 1.415 0.903 0 0.04800000000000004
1 0.8565 0.394 0.04346262762420146 0.05
1 0.5975 0.414 0.037 0.05
1 0.79453125 0.5205 0.04008589410565767 0.05
1 1.415 0.8585 0.041 0.05
3 0.43 0.37825 0.67 0.40850000000000003
3 1.1 0.37825 0.67 0.40850000000000003
3 0.43 0.7867500000000001 0.67 0.4085
3 1.1 0.7867500000000001 0.67 0.4085