0 0.0855 0.158 0 0.15200000000000002
0 0.11399999999999999 0.162 0.061999999999999986 0
0 0.284 0.254 0 0.344
0 0.0995 0.242 0.053000000000000005 0
0 0.16549999999999998 0.322 0.241 0
0 0.0855 0.3895 0 0.15300000000000002
0 0.60725 0.4225 0 0.04099999999999998
0 0.125 0.178 0 0.10400000000000001
0 0.165 0.176 0 0.1
0 0.205 0.34199999999999997 0 0.057999999999999996
3 0.1855625 0.17800000000000002 0.281125 0.192
3 0.4666875 0.17800000000000002 0.28112499999999996 0.192
3 0.1855625 0.37 0.281125 0.192
3 0.4666875 0.37 0.28112499999999996 0.192