0 0.2281875 0.13 0 0.132
0 0.28700000000000003 0.1 0.04799999999999999 0
0 0.3495 0.27249999999999996 0 0.14499999999999996
0 0.0755 0.3 0.056999999999999995 0
0 0.295 0.3 0.29600000000000004 0
0 0.069 0.1825 0 0.245
0 0.109 0.313 0 0.06399999999999995
0 0.229 0.3145 0 0.061
0 0.269 0.08499999999999999 0 0.05
0 0.309 0.1295 0 0.07900000000000001
0 0.429 0.0875 0 0.053000000000000005
1 0.1255 0.3 0.043 0.05
1 0.289 0.1 0.044721359549995794 0.05
3 0.146 0.13125 0.198 0.14250000000000002
3 0.344 0.13125 0.198 0.14250000000000002
3 0.146 0.27375 0.198 0.14249999999999996
3 0.344 0.27375 0.198 0.14249999999999996