0 0.1683125 0.153 0 0.16599999999999998
0 0.3105 0.11 0.28700000000000003 0
0 0.488046875 0.23600000000000002 0 0.326
0 0.208875 0.1745 0 0.04100000000000001
0 0.408875 0.21250000000000002 0 0.087
0 0.4490625 0.2485 0 0.11699999999999999
0 0.088125 0.2235 0 0.044999999999999984
0 0.32803125 0.2695 0 0.097
0 0.366125 0.272 0 0.08399999999999999
0 0.6965 0.23 0.05899999999999994 0
0 0.21025 0.29000000000000004 0 0.057999999999999996
0 0.4065 0.3165 0 0.09299999999999997
0 0.49150000000000005 0.27 0.10900000000000004 0
0 0.56859375 0.2905 0 0.08900000000000002
0 0.60625 0.311 0 0.13
0 0.64715625 0.3345 0 0.129
0 0.1745 0.31 0.05700000000000002 0
0 0.2901875 0.35450000000000004 0 0.08900000000000002
0 0.369375 0.3715 0 0.05500000000000005
0 0.476 0.35 0.043999999999999984 0
0 0.525 0.3745 0 0.049000000000000044
0 0.565 0.3745 0 0.049000000000000044
0 0.307 0.39 0.29000000000000004 0
0 0.5435 0.39 0.11299999999999999 0
0 0.168 0.29900000000000004 0 0.062
0 0.688 0.142 0 0.072
0 0.688 0.275 0 0.092
1 0.16815625 0.252 0.032001525842528196 0.05
1 0.309109375 0.314 0.038680090667713024 0.05
1 0.36775 0.329 0.030175528164391754 0.05
1 0.4925 0.37 0.041484937025383084 0.05
3 0.24759375 0.15225 0.3189375 0.16449999999999998
3 0.5665312499999999 0.15225 0.3189375 0.16449999999999998
3 0.24759375 0.31675 0.3189375 0.16450000000000004
3 0.5665312499999999 0.31675 0.3189375 0.16450000000000004