0 0.41400000000000003 0.144 0.10400000000000004 0
0 0.46099999999999997 0.184 0.05399999999999999 0
0 0.0635 0.224 0.063 0
0 0.315 0.224 0.06799999999999995 0
0 0.39125 0.23900000000000002 0 0.07200000000000001
0 0.324 0.264 0.08599999999999997 0
0 0.4535 0.264 0.069 0
0 0.17 0.304 0.196 0
0 0.35625 0.33399999999999996 0 0.06
0 0.42 0.344 0.136 0
0 0.072 0.26 0 0.208
0 0.152 0.27449999999999997 0 0.05099999999999999
0 0.272 0.3335 0 0.061
0 0.352 0.2375 0 0.06300000000000003
0 0.432 0.1175 0 0.061
1 0.2195 0.284 0.042059481689626185 0.05
1 0.354125 0.285 0.0352570914852601 0.05
3 0.14600000000000002 0.15625 0.228 0.1385
3 0.374 0.15625 0.22799999999999998 0.1385
3 0.14600000000000002 0.29475 0.228 0.13849999999999998
3 0.374 0.29475 0.22799999999999998 0.13849999999999998