0 0.76125 0.35250000000000004 0 0.059
0 1.004875 0.4435 0 0.08099999999999996
0 0.2615 0.443 0.20099999999999998 0
0 0.52075 0.44799999999999995 0 0.04199999999999998
0 0.8425 0.443 0.5869999999999999 0
0 1.306 0.443 0.268 0
0 1.8130000000000002 0.443 0.5660000000000001 0
0 2.198 0.443 0.14200000000000035 0
0 0.2595 0.483 0.19699999999999998 0
0 0.6305000000000001 0.483 0.16299999999999992 0
0 1.092 0.483 0.696 0
0 1.429 0.523 0.052000000000000046 0
0 1.429 0.563 0.052000000000000046 0
0 1.4285 0.603 0.050999999999999934 0
0 2.169 0.683 0.06599999999999984 0
0 2.3615 0.7015 0 0.050999999999999934
0 2.398375 0.7070000000000001 0 0.061999999999999944
0 1.15 0.803 0.06600000000000006 0
0 1.4295 0.803 0.051000000000000156 0
0 0.7925 0.843 0.16500000000000004 0
0 1.4295 0.843 0.051000000000000156 0
0 2.323625 0.867 0 0.04800000000000004
0 1.361875 0.88 0 0.04800000000000004
0 2.3495 0.883 0.04899999999999993 0
0 2.28075 0.9984999999999999 0 0.1529999999999999
0 0.659 0.963 0.10399999999999998 0
0 0.9369999999999999 0.963 0.21599999999999997 0
0 1.317875 0.9470000000000001 0 0.07199999999999995
0 1.36025 0.962 0 0.04200000000000004
0 1.43 0.963 0.052000000000000046 0
0 2.20075 0.969 0 0.05600000000000005
0 2.3070000000000004 0.963 0.06000000000000005 0
0 0.6605 1.003 0.06899999999999995 0
0 0.920625 1.0015 0 0.09300000000000008
0 2.2880000000000003 1.003 0.13200000000000012 0
0 0.6154999999999999 1.043 0.16499999999999992 0
0 0.9085 1.043 0.10899999999999999 0
0 1.360125 1.038 0 0.04800000000000004
0 1.419 1.043 0.04400000000000004 0
0 2.2695 1.043 0.15900000000000025 0
0 0.622 1.083 0.15799999999999992 0
0 2.15825 1.1185 0 0.07099999999999995
0 2.319 1.083 0.19200000000000017 0
0 0.8574999999999999 1.123 0.05700000000000005 0
0 0.387 1.163 0.118 0
0 0.799375 1.154 0 0.04200000000000004
0 1.546 1.163 0.04400000000000004 0
0 1.679375 1.1585 0 0.049000000000000155
0 0.27049999999999996 1.203 0.16299999999999998 0
0 1.72525 1.2365 0 0.06699999999999995
0 0.2045 1.276 0 0.06599999999999984
0 0.4175 1.243 0.04099999999999998 0
0 0.76175 1.2305000000000001 0 0.06699999999999995
0 0.20900000000000002 1.283 0.096 0
0 0.72575 1.263 0 0.039999999999999813
0 1.7624375 1.339 0 0.1120000000000001
0 0.2165 1.323 0.056999999999999995 0
0 1.431 1.323 0.05400000000000005 0
0 1.768 1.323 0.09200000000000008 0
0 0.198375 1.3625 0 0.040999999999999925
0 1.3605625 1.3715000000000002 0 0.07899999999999996
0 1.936 1.363 0.062000000000000055 0
0 2.0755 1.363 0.05699999999999994 0
0 2.1630000000000003 1.363 0.052000000000000046 0
0 1.396 1.403 0.09599999999999986 0
0 1.72225 1.4315 0 0.05699999999999994
0 1.31475 1.417 0 0.052000000000000046
0 1.4304999999999999 1.443 0.05300000000000016 0
0 1.84175 1.4415 0 0.05500000000000016
0 0.5055000000000001 1.483 0.35700000000000004 0
0 0.978 1.483 0.488 0
0 1.379 1.483 0.07200000000000006 0
0 1.6416875 1.5270000000000001 0 0.08799999999999986
0 2.1310000000000002 1.483 0.06800000000000006 0
0 0.2421875 1.5665 0 0.121
0 1.684875 1.548 0 0.050000000000000044
0 0.960125 1.6065 0 0.08699999999999997
0 1.4304999999999999 1.563 0.05300000000000016 0
0 0.20650000000000002 1.603 0.091 0
0 0.6435 1.603 0.11699999999999999 0
0 0.8525 1.603 0.19699999999999995 0
0 1.078125 1.6244999999999998 0 0.04299999999999993
0 1.2610000000000001 1.603 0.04600000000000004 0
0 0.161 1.7305000000000001 0 0.20300000000000007
0 0.3195 1.643 0.123 0
0 0.44799999999999995 1.643 0.07400000000000001 0
0 1.093 1.643 0.28400000000000014 0
0 1.4425 1.7295 0 0.20500000000000007
0 1.9729999999999999 1.643 0.8840000000000001 0
0 2.15975 1.668 0 0.06400000000000006
0 0.68775 1.7309999999999999 0 0.20200000000000018
0 0.801 1.8090000000000002 0 0.04600000000000004
0 1.149 1.803 0.07200000000000006 0
0 0.161 0.4575 0 0.05099999999999999
0 0.161 1.311 0 0.05600000000000005
0 0.201 0.4545 0 0.044999999999999984
0 0.201 1.6139999999999999 0 0.051999999999999824
0 0.241 0.45499999999999996 0 0.043999999999999984
0 0.241 1.3054999999999999 0 0.04299999999999993
0 0.281 0.4585 0 0.05099999999999999
0 0.321 0.45999999999999996 0 0.05199999999999999
0 0.321 1.2 0 0.06000000000000005
0 0.361 0.4485 0 0.04299999999999998
0 0.401 1.626 0 0.04200000000000004
0 0.441 1.6164999999999998 0 0.05499999999999994
0 0.521 1.612 0 0.04399999999999982
0 0.561 0.4585 0 0.05099999999999999
0 0.561 1.0764999999999998 0 0.131
0 0.601 0.4575 0 0.05099999999999999
0 0.601 1.0255 0 0.1130000000000001
0 0.641 0.4585 0 0.05099999999999999
0 0.641 1.037 0 0.19799999999999995
0 0.681 0.45899999999999996 0 0.05199999999999999
0 0.681 1.0335 0 0.17500000000000004
0 0.721 0.46199999999999997 0 0.04999999999999999
0 0.721 0.9425 0 0.04299999999999993
0 0.721 1.446 0 0.04400000000000004
0 0.721 1.6135 0 0.052999999999999936
0 0.761 0.4605 0 0.05099999999999999
0 0.761 1.4535 0 0.05900000000000016
0 0.761 1.6135000000000002 0 0.050999999999999934
0 0.801 0.45899999999999996 0 0.05199999999999999
0 0.801 0.825 0 0.051999999999999935
0 0.801 1.615 0 0.053999999999999826
0 0.841 0.45799999999999996 0 0.05199999999999999
0 0.841 1.1735000000000002 0 0.09899999999999998
0 0.841 1.6155 0 0.050999999999999934
0 0.881 0.45799999999999996 0 0.05199999999999999
0 0.881 1.041 0 0.04400000000000004
0 0.881 1.2040000000000002 0 0.04600000000000004
0 0.881 1.615 0 0.052000000000000046
0 0.921 0.4575 0 0.05299999999999999
0 0.921 1.6155 0 0.052999999999999936
0 0.961 0.4615 0 0.056999999999999995
0 1.161 0.45799999999999996 0 0.05399999999999999
0 1.161 1.626 0 0.04200000000000004
0 1.161 1.8115 0 0.04100000000000015
0 1.201 0.45099999999999996 0 0.03999999999999998
0 1.241 0.4605 0 0.05099999999999999
0 1.241 1.6195 0 0.052999999999999936
0 1.281 0.45599999999999996 0 0.04199999999999998
0 1.321 0.45999999999999996 0 0.05199999999999999
0 1.321 0.8585 0 0.05700000000000005
0 1.321 1.6124999999999998 0 0.050999999999999934
0 1.361 0.4595 0 0.05099999999999999
0 1.361 1.6135000000000002 0 0.050999999999999934
0 1.401 0.4555 0 0.04299999999999998
0 1.401 0.907 0 0.07799999999999996
0 1.401 1.377 0 0.08999999999999986
0 1.401 1.6135000000000002 0 0.050999999999999934
0 1.441 1.2 0 0.18199999999999994
0 1.521 0.8574999999999999 0 0.05500000000000005
0 1.521 1.0339999999999998 0 0.05800000000000005
0 1.521 1.21 0 0.062000000000000055
0 1.561 0.6755 0 0.2749999999999999
0 1.561 0.948 0 0.07999999999999996
0 1.561 1.1225 0 0.07899999999999996
0 1.561 1.2814999999999999 0 0.061000000000000165
0 1.561 1.4020000000000001 0 0.07000000000000006
0 1.561 1.585 0 0.08199999999999985
0 1.841 1.62 0 0.05400000000000005
0 1.881 1.6195 0 0.05899999999999994
0 1.921 1.6195 0 0.05699999999999994
0 1.961 0.4395 0 0.04700000000000004
0 1.961 1.619 0 0.05799999999999983
0 2.041 1.6185 0 0.05699999999999994
0 2.081 1.6185 0 0.05899999999999994
0 2.121 1.619 0 0.05799999999999983
0 2.161 0.6535 0 0.07899999999999996
0 2.201 1.617 0 0.06000000000000005
0 2.241 1.032 0 0.118
0 2.241 1.6179999999999999 0 0.05800000000000005
0 2.281 1.6185 0 0.05899999999999994
0 2.321 1.0195 0 0.14900000000000013
0 2.321 1.619 0 0.05799999999999983
1 1.154 0.443 0.036 0.05
1 2.1115 0.443 0.031 0.05
1 0.728 0.483 0.032 0.05
1 1.339875 0.9075 0.044553338819890924 0.05
1 1.3601875 0.9985 0.03100025201510465 0.05
1 0.7805625 1.186 0.043584866926491814 0.05
1 1.74384375 1.2765 0.0393942909093437 0.05
1 0.2014375 1.3255 0.03356360566148994 0.05
1 0.74375 1.2535 0.04167733196834941 0.05
1 1.74234375 1.399 0.040976031484881506 0.05
1 2.1205 1.363 0.033 0.05
1 1.4 1.463 0.041484937025383084 0.05
1 0.255 1.623 0.04044749683231337 0.05
1 0.951 1.623 0.04 0.05
1 1.1175 1.623 0.04011234224026316 0.05
1 0.181 1.71 0.041484937025383084 0.05
1 0.396 1.643 0.03 0.05
1 1.42175 1.71 0.043200115740585694 0.05
1 2.140375 1.645 0.04056553339967318 0.05
1 0.704375 1.7095 0.034721211096388906 0.05
1 0.701 1.021 0.043863424398922615 0.05
1 1.541 0.7115 0.04346262762420146 0.05
1 1.541 0.9855 0.04346262762420146 0.05
1 1.541 1.073 0.044721359549995794 0.05
1 1.541 1.162 0.04346262762420146 0.05
1 1.541 1.246 0.04123105625617661 0.05
3 0.7245 0.7002499999999999 1.127 0.7545
3 1.8515000000000001 0.7002499999999999 1.127 0.7545
3 0.7245 1.45475 1.127 0.7545000000000002
3 1.8515000000000001 1.45475 1.127 0.7545000000000002