0 0.123 0.1835 0 0.044999999999999984
0 0.163 0.1835 0 0.044999999999999984
0 0.203 0.1835 0 0.044999999999999984
0 0.243 0.1835 0 0.044999999999999984
0 0.283 0.1835 0 0.044999999999999984
0 0.323 0.1835 0 0.044999999999999984
0 0.363 0.1835 0 0.044999999999999984
0 0.403 0.1855 0 0.04899999999999999
0 0.443 0.1855 0 0.04899999999999999
0 0.523 0.1835 0 0.044999999999999984
0 0.563 0.1835 0 0.044999999999999984
0 0.603 0.1835 0 0.044999999999999984
0 0.643 0.1835 0 0.044999999999999984
3 0.253 0.17325000000000002 0.26 0.024499999999999994
3 0.513 0.17325000000000002 0.26 0.024499999999999994
3 0.253 0.19774999999999998 0.26 0.024499999999999994
3 0.513 0.19774999999999998 0.26 0.024499999999999994