0 0.2595 0.915 0.17899999999999996 0
0 2.429 1.215 0.23399999999999999 0
0 1.106 1.255 0.2260000000000001 0
0 0.6779999999999999 1.29 0.15400000000000003 0
0 0.6839999999999999 1.36 0.16800000000000004 0
0 2.426 1.355 0.2280000000000002 0
0 2.0205 1.42 0.2669999999999999 0
0 0.808 1.48 0.642 0
0 1.3005 1.48 0.137 0
0 1.2345000000000002 1.495 0.10299999999999998 0
0 2.979 1.57 0.56 0
0 2.7805 1.745 0.16300000000000026 0
0 2.144 1.775 0.6220000000000001 0
0 0.611 1.795 0.15599999999999992 0
0 1.2774999999999999 1.85 0.18300000000000005 0
0 0.258 1.93 0.124 0
0 1.574 2.02 0.19399999999999995 0
0 1.5804999999999998 2.16 0.14700000000000002 0
0 3.0285 2.175 0.41700000000000026 0
0 2.9695 2.295 0.5410000000000004 0
0 2.1555 2.61 0.7990000000000002 0
0 0.34650000000000003 3.065 0.13699999999999996 0
0 3.0265 3.24 0.41300000000000026 0
0 2.1665 3.26 0.4849999999999999 0
0 0.8360000000000001 3.39 0.30199999999999994 0
0 0.832 3.445 0.25 0
0 2.9625 3.475 0.5270000000000001 0
0 2.977 3.595 0.556 0
0 2.3289999999999997 3.825 0.1339999999999999 0
0 0.9455 3.85 0.16299999999999992 0
0 0.473 4.035 0.55 0
0 3.044 4.065 0.41000000000000014 0
0 0.88 4.175 0.21999999999999997 0
0 3.043 4.185 0.4079999999999999 0
0 1.5785 4.245 0.369 0
0 1.5775 4.28 0.367 0
0 2.26 4.31 0.4079999999999999 0
0 2.7565 4.39 0.2270000000000003 0
0 0.7410000000000001 4.47 0.7260000000000001 0
0 2.3005 4.49 0.7949999999999999 0
0 2.1455 4.475 0.2150000000000003 0
0 0.235 1.1275 0 0.45099999999999996
0 0.36 2.552 0 1.2379999999999998
0 0.425 1.2285 0 0.6769999999999999
0 0.43 1.8655 0 0.32699999999999996
0 0.43 2.6464999999999996 0 1.0230000000000001
0 0.44 4.282500000000001 0 0.43100000000000005
0 0.565 1.8920000000000001 0 0.42200000000000015
0 0.65 1.673 0 0.18999999999999995
0 0.675 4.2965 0 0.2889999999999997
0 0.685 2.505 0 0.6720000000000002
0 0.81 1.9085 0 0.20099999999999985
0 0.865 3.6805000000000003 0 0.5249999999999999
0 0.935 3.976 0 0.2560000000000002
0 0.94 1.4325 0 0.11300000000000021
0 1.015 3.8105 0 0.18500000000000005
0 1.065 0.7649999999999999 0 0.10999999999999999
0 1.06 1.5245000000000002 0 0.349
0 1.06 1.9355 0 0.2650000000000001
0 1.285 2.8895 0 0.395
0 1.395 1.102 0 0.2340000000000001
0 1.405 2.104 0 0.21999999999999997
0 1.47 2.9795 0 0.35699999999999976
0 1.48 2.1465 0 0.3069999999999997
0 1.5 3.127 0 0.17200000000000015
0 1.545 2.338 0 0.76
0 1.665 3.3325 0 0.40700000000000003
0 1.795 4.131 0 0.2400000000000002
0 1.89 1.3305 0 0.17899999999999983
0 1.895 3.832 0 0.5560000000000005
0 1.905 2.7975 0 0.11699999999999999
0 1.925 3.125 0 0.21199999999999974
0 1.975 3.7705 0 0.14500000000000002
0 1.985 1.652 0 0.22199999999999998
0 2.115 3.8245 0 0.21499999999999986
0 2.15 1.331 0 0.17999999999999994
0 2.24 3.6795 0 0.19899999999999984
0 2.335 3.648 0 0.28200000000000003
0 2.395 3.734 0 0.45399999999999974
0 2.4 3.6875 0 0.36099999999999977
0 2.41 3.162 0 0.20800000000000018
0 2.45 1.6495000000000002 0 0.11499999999999999
0 2.55 2.683 0 0.1519999999999997
0 2.555 4.129 0 0.2719999999999998
0 2.705 3.6195 0 0.601
0 2.705 4.463 0 0.15000000000000036
0 2.72 1.3925 0 0.18700000000000006
0 2.72 2.6275 0 0.17100000000000026
0 2.72 3.749 0 0.16800000000000015
0 2.76 2.5095 0 0.5110000000000001
0 3.285 1.5205000000000002 0 0.7030000000000001
0 1.1775 0.637 0.051000000000000156 0
0 2.0555 0.957 0.052999999999999936 0
0 2.1115 0.973 0.052999999999999936 0
0 2.1805 0.997 0.06700000000000017 0
0 1.0979999999999999 1.261 0.16399999999999992 0
0 0.6765 1.461 0.21500000000000008 0
0 0.7629999999999999 1.485 0.39 0
0 2.063 1.733 0.13800000000000012 0
0 2.402 1.741 0.1259999999999999 0
0 2.0635 1.757 0.1070000000000002 0
0 2.4295 1.757 0.05900000000000016 0
0 1.9064999999999999 1.765 0.05899999999999994 0
0 0.345 1.789 0.07200000000000001 0
0 0.4275 1.789 0.07300000000000001 0
0 0.226 1.797 0.07600000000000001 0
0 3.0125 2.053 0.06099999999999994 0
0 2.479 2.781 0.07200000000000006 0
0 1.9665 2.789 0.09899999999999998 0
0 2.127 2.789 0.06000000000000005 0
0 2.186 2.789 0.05400000000000027 0
0 2.253 2.789 0.06800000000000006 0
0 2.0445 2.797 0.05500000000000016 0
0 2.7465 2.821 0.07499999999999973 0
0 2.8179999999999996 2.821 0.052000000000000046 0
0 3.0125 2.997 0.06099999999999994 0
0 0.5125 3.229 0.07300000000000006 0
0 0.5125 3.253 0.07300000000000006 0
0 2.091 3.501 0.07999999999999963 0
0 2.105 3.509 0.05999999999999961 0
0 2.1605 3.557 0.47299999999999986 0
0 2.2275 3.765 0.31899999999999995 0
0 2.016 3.837 0.20000000000000018 0
0 2.026 3.845 0.18199999999999994 0
0 2.1814999999999998 3.861 0.12299999999999978 0
0 2.7350000000000003 3.861 0.053999999999999826 0
0 1.5975 4.085 0.10899999999999999 0
0 1.7215 4.093 0.15300000000000002 0
0 1.8595000000000002 4.101 0.07899999999999996 0
0 2.0065 4.101 0.11499999999999999 0
0 0.8420000000000001 4.165 0.10199999999999998 0
0 1.028 4.165 0.10000000000000009 0
0 1.7225000000000001 4.245 0.14300000000000002 0
0 1.5665 4.277 0.051000000000000156 0
0 1.6844999999999999 4.277 0.050999999999999934 0
0 1.9364999999999999 4.365 0.22699999999999987 0
0 1.8450000000000002 4.389 0.05800000000000005 0
0 1.9925 4.389 0.06699999999999973 0
0 2.0755 4.469 0.05699999999999994 0
0 2.433 4.469 0.09800000000000031 0
0 0.48 4.477 0.07200000000000001 0
0 0.597 4.477 0.16000000000000003 0
0 0.7165 4.477 0.07699999999999996 0
0 0.792 4.477 0.07199999999999995 0
0 0.9485 4.477 0.2390000000000001 0
0 2.5885 4.653 0.05699999999999994 0
0 0.477 0.6535 0 0.09699999999999998
0 0.541 1.7745 0 0.07299999999999995
0 0.541 3.2625 0 0.07299999999999995
0 0.557 1.9889999999999999 0 0.34799999999999986
0 0.557 3.0484999999999998 0 0.347
0 0.565 1.129 0 0.09799999999999986
0 0.685 4.318 0 0.05399999999999938
0 0.773 1.0735000000000001 0 0.061000000000000165
0 0.949 1.4460000000000002 0 0.07400000000000007
0 1.013 1.452 0 0.05800000000000005
0 1.029 3.63 0 0.18400000000000016
0 1.029 3.9895000000000005 0 0.18300000000000027
0 1.045 0.778 0 0.09199999999999997
0 1.045 0.9005 0 0.09099999999999997
0 1.173 1.4525000000000001 0 0.061000000000000165
0 1.333 1.452 0 0.062000000000000055
0 1.485 4.2415 0 0.051000000000000156
0 1.653 3.1399999999999997 0 0.7360000000000002
0 1.661 3.3194999999999997 0 0.3770000000000002
0 1.733 4.46 0 0.1460000000000008
0 1.917 3.6980000000000004 0 0.27
0 1.981 1.5750000000000002 0 0.06600000000000006
0 2.029 4.4355 0 0.08699999999999974
0 2.053 4.1305 0 0.05900000000000016
0 2.053 4.234 0 0.1460000000000008
0 2.061 4.407 0 0.08999999999999986
0 2.109 3.7975000000000003 0 0.07900000000000018
0 2.309 1.448 0 0.19599999999999995
0 2.381 3.63 0 0.12400000000000011
0 2.381 3.729 0 0.06800000000000006
0 2.405 3.7045000000000003 0 0.2829999999999999
0 2.485 1.6155 0 0.11699999999999999
0 2.509 1.458 0 0.12400000000000011
0 2.533 1.5939999999999999 0 0.10799999999999987
0 2.541 1.272 0 0.09600000000000009
1 2.258 3.843 0.04070626487409524 0.05
1 1.055 0.8375 0.04031128874149274 0.05
1 2.1425 0.985 0.025632011235952594 0.05
1 2.087 2.793 0.026248809496813377 0.05
1 2.497 1.535 0.04410215414239989 0.05
2 1.106 1.255 0.035 0.05
2 0.6154 1.48 0.035 0.05
2 0.7437999999999999 1.48 0.035 0.05
2 0.8722000000000001 1.48 0.035 0.05
2 1.0006 1.48 0.035 0.05
2 2.839 1.57 0.035 0.05
2 2.979 1.57 0.035 0.05
2 3.119 1.57 0.035 0.05
2 2.7805 1.745 0.035 0.05
2 1.2775 1.85 0.035 0.05
2 2.83425 2.295 0.035 0.05
2 2.9695 2.295 0.035 0.05
2 3.10475 2.295 0.035 0.05
2 2.04525 3.26 0.035 0.05
2 2.1665 3.26 0.035 0.05
2 2.28775 3.26 0.035 0.05
2 0.832 3.445 0.035 0.05
2 2.83075 3.475 0.035 0.05
2 2.9625 3.475 0.035 0.05
2 3.09425 3.475 0.035 0.05
2 2.838 3.595 0.035 0.05
2 2.977 3.595 0.035 0.05
2 3.116 3.595 0.035 0.05
2 1.517 4.245 0.035 0.05
2 1.64 4.245 0.035 0.05
2 2.192 4.31 0.035 0.05
2 2.328 4.31 0.035 0.05
2 2.0355 4.49 0.035 0.05
2 2.168 4.49 0.035 0.05
2 2.3005 4.49 0.035 0.05
2 2.433 4.49 0.035 0.05
2 2.5655 4.49 0.035 0.05
2 0.565 1.8216666666666668 0.035 0.05
2 0.565 1.9623333333333333 0.035 0.05
2 0.81 1.9085 0.035 0.05
2 1.795 4.131 0.035 0.05
2 1.895 3.693 0.035 0.05
2 1.895 3.832 0.035 0.05
2 1.895 3.971 0.035 0.05
2 2.335 3.648 0.035 0.05
2 2.395 3.6205 0.035 0.05
2 2.395 3.734 0.035 0.05
2 2.395 3.8475 0.035 0.05
2 2.705 4.463 0.035 0.05
2 2.76 2.38175 0.035 0.05
2 2.76 2.5095 0.035 0.05
2 2.76 2.63725 0.035 0.05
3 0.94875 1.617 1.5575 2.024
3 2.50625 1.617 1.5575 2.024
3 0.94875 3.641 1.5575 2.0239999999999996
3 2.50625 3.641 1.5575 2.0239999999999996