0 0.703 0.148 0 0.061999999999999986
0 0.1435 0.373 0 0.19199999999999995
0 0.1895 0.4225 0 0.131
0 0.5835 0.35750000000000004 0 0.08100000000000002
0 0.703 0.44200000000000006 0 0.23800000000000004
0 0.1565 0.397 0.137 0
0 0.22999999999999998 0.437 0.11599999999999999 0
0 0.1585 0.477 0.189 0
0 0.5655 0.477 0.387 0
0 0.233 0.517 0.066 0
0 0.36850000000000005 0.517 0.05499999999999999 0
0 0.618 0.517 0.36000000000000004 0
0 0.2505 0.557 0.10099999999999998 0
0 0.479 0.557 0.06 0
0 0.6839999999999999 0.557 0.2340000000000001 0
0 0.23850000000000002 0.597 0.07700000000000001 0
0 0.462375 0.5915 0 0.14300000000000002
0 0.543 0.618 0 0.09000000000000008
0 0.78 0.597 0.10599999999999998 0
0 0.23800000000000002 0.637 0.07600000000000001 0
0 0.4175 0.637 0.129 0
0 0.5755 0.637 0.10099999999999998 0
0 0.876 0.637 0.19599999999999995 0
0 0.224 0.5125 0 0.30100000000000005
0 0.264 0.202 0 0.14800000000000002
0 0.264 0.3385 0 0.059
0 0.264 0.5785 0 0.16900000000000004
0 0.384 0.5285 0 0.041000000000000036
0 0.424 0.4685 0 0.05299999999999999
0 0.424 0.6335 0 0.05900000000000005
0 0.464 0.471 0 0.05399999999999999
0 0.544 0.2735 0 0.07899999999999999
0 0.544 0.486 0 0.08400000000000002
0 0.584 0.5525 0 0.22100000000000003
0 0.624 0.5035000000000001 0 0.11700000000000005
0 0.664 0.1715 0 0.109
0 0.664 0.33999999999999997 0 0.04199999999999998
0 0.664 0.5760000000000001 0 0.039999999999999925
0 0.744 0.554 0 0.21800000000000003
0 0.784 0.5845 0 0.15700000000000003
0 0.824 0.6265000000000001 0 0.07300000000000006
0 0.864 0.6355 0 0.05500000000000005
0 0.904 0.6355 0 0.05500000000000005
0 0.944 0.6355 0 0.05500000000000005
1 0.56375 0.316 0.03970201506221063 0.05
1 0.58375 0.42 0.0440028408173836 0.05
1 0.6835 0.5585 0.039319206502675 0.05
1 0.417 0.517 0.042 0.05
1 0.5035 0.637 0.043 0.05
1 0.244 0.486 0.04044749683231337 0.05
1 0.264 0.2925 0.033 0.05
3 0.2915 0.2535 0.455 0.273
3 0.7464999999999999 0.2535 0.45499999999999996 0.273
3 0.2915 0.5265 0.455 0.273
3 0.7464999999999999 0.5265 0.45499999999999996 0.273