0 0.265109375 0.3425 0 0.11500000000000005
0 0.263 0.343 0.04799999999999999 0
0 0.305375 0.5355 0 0.06499999999999995
0 0.1435 0.703 0.079 0
0 0.222875 0.7115 0 0.04500000000000004
0 0.306125 0.733 0 0.06000000000000005
0 0.148875 0.7215 0 0.08099999999999996
0 0.3055 0.8045 0 0.04299999999999993
0 0.1235 0.823 0.197 0
0 0.3245 0.823 0.125 0
0 0.102 0.863 0.152 0
0 0.026875 1.026 0 0.08599999999999997
0 0.065375 1.0005 0 0.04499999999999993
0 0.20700000000000002 1.023 0.07399999999999998 0
0 0.06 1.063 0.07 0
0 0.1875 1.063 0.10499999999999998 0
0 0.2252421875 1.1625 0 0.20899999999999985
0 0.2652578125 1.169 0 0.19599999999999995
0 0.304671875 1.2005 0 0.133
0 0.3459375 1.187 0 0.08800000000000008
0 0.065 0.842 0 0.050000000000000044
0 0.105 0.8235 0 0.08099999999999996
0 0.145 0.8165 0 0.04899999999999993
0 0.185 0.7115 0 0.050999999999999934
0 0.185 0.842 0 0.052000000000000046
0 0.305 0.3125 0 0.05300000000000005
0 0.385 0.3115 0 0.05700000000000005
0 0.385 0.8374999999999999 0 0.04300000000000004
1 0.1469375 0.777 0.030249225196688923 0.05
1 0.242 0.823 0.04 0.05
1 0.115 1.063 0.04 0.05
3 0.11549999999999999 0.529 0.181 0.49200000000000005
3 0.2965 0.529 0.18100000000000002 0.49200000000000005
3 0.11549999999999999 1.021 0.181 0.4919999999999999
3 0.2965 1.021 0.18100000000000002 0.4919999999999999