0 0.172 0.276 0.26 0
0 0.3228125 0.2885 0 0.10500000000000004
0 0.4205 0.276 0.125 0
0 0.5634375 0.2825 0 0.09300000000000003
0 0.603375 0.273 0 0.07400000000000001
0 0.157 0.316 0.23 0
0 0.3620625 0.3425 0 0.09700000000000003
0 0.44 0.316 0.08599999999999997 0
0 0.211 0.356 0.338 0
0 0.44075 0.36850000000000005 0 0.069
0 0.5608125 0.41000000000000003 0 0.10800000000000004
0 0.601625 0.38549999999999995 0 0.059
0 0.29600000000000004 0.396 0.508 0
0 0.12200000000000001 0.436 0.16 0
0 0.2820859375 0.5660000000000001 0 0.446
0 0.12000000000000001 0.476 0.156 0
0 0.2439375 0.5169999999999999 0 0.09399999999999997
0 0.4420625 0.5135000000000001 0 0.09500000000000003
0 0.16 0.516 0.23600000000000002 0
0 0.5455 0.516 0.06299999999999994 0
0 0.12050000000000001 0.556 0.157 0
0 0.2835 0.556 0.065 0
0 0.402 0.556 0.05399999999999999 0
0 0.5115000000000001 0.556 0.05700000000000005 0
0 0.56215625 0.666 0 0.24
0 0.1835 0.596 0.28300000000000003 0
0 0.3619986572265625 0.9575 0 0.7610000000000001
0 0.40175 0.595 0 0.050000000000000044
0 0.4430625 0.631 0 0.07600000000000007
0 0.601875 0.6930000000000001 0 0.19400000000000006
0 0.174 0.636 0.264 0
0 0.322328125 0.9710000000000001 0 0.7340000000000001
0 0.482125 0.7110000000000001 0 0.17800000000000005
0 0.5565 0.636 0.09299999999999997 0
0 0.181 0.676 0.278 0
0 0.5455 0.676 0.193 0
0 0.342 0.716 0.6 0
0 0.342 0.756 0.6 0
0 0.3295 0.796 0.575 0
0 0.2045 0.836 0.325 0
0 0.44202734375 1.032 0 0.392
0 0.22449999999999998 0.876 0.365 0
0 0.52675 0.8554999999999999 0 0.041000000000000036
0 0.253 0.916 0.42200000000000004 0
0 0.4820205078125 1.09 0 0.40800000000000003
0 0.522 0.952 0 0.08399999999999996
0 0.563 0.9390000000000001 0 0.08999999999999997
0 0.342 0.956 0.6 0
0 0.3105 0.996 0.5369999999999999 0
0 0.2625 1.036 0.441 0
0 0.52153125 1.0935000000000001 0 0.11499999999999999
0 0.2585 1.076 0.433 0
0 0.28300000000000003 1.116 0.48200000000000004 0
0 0.2585 1.156 0.433 0
0 0.19449999999999998 1.196 0.305 0
0 0.4535 1.196 0.05099999999999999 0
0 0.565 1.2315 0 0.08299999999999996
0 0.6015 1.2149999999999999 0 0.05800000000000005
0 0.342 1.236 0.6 0
0 0.19699999999999998 1.276 0.31 0
0 0.223 1.316 0.36200000000000004 0
0 0.082 0.787 0 1.102
0 0.122 0.787 0 1.102
0 0.162 0.787 0 1.102
0 0.202 0.387 0 0.30200000000000005
0 0.202 0.9530000000000001 0 0.7700000000000001
0 0.242 0.2955 0 0.119
0 0.242 0.7005 0 0.19700000000000006
0 0.242 1.0835 0 0.5090000000000001
0 0.282 0.276 0 0.08000000000000002
0 0.282 1.0795 0 0.5170000000000001
0 0.322 0.556 0 0.051999999999999935
0 0.402 0.278 0 0.08400000000000002
0 0.402 0.49850000000000005 0 0.09900000000000003
0 0.402 1.0025 0 0.5329999999999999
0 0.442 0.272 0 0.07200000000000001
0 0.442 0.77 0 0.062000000000000055
0 0.482 0.3105 0 0.14900000000000002
0 0.482 0.48050000000000004 0 0.11300000000000004
0 0.522 0.259 0 0.045999999999999985
0 0.522 0.3745 0 0.05700000000000005
0 0.522 0.5335000000000001 0 0.04700000000000004
0 0.522 0.6445000000000001 0 0.06900000000000006
0 0.522 0.765 0 0.062000000000000055
0 0.522 1.209 0 0.050000000000000044
0 0.602 0.9735 0 0.06900000000000006
1 0.30244921875 0.342 0.04077564092772064 0.05
1 0.562125 0.3425 0.027127304049610237 0.05
1 0.421375 0.3195 0.04120148662366444 0.05
1 0.26204296875 0.5125 0.04184354651859599 0.05
1 0.28204296875 0.805 0.03200011539438422 0.05
1 0.22296875 0.566 0.042127828169156785 0.05
1 0.42190625 0.5655 0.04130493501084344 0.05
1 0.542078125 0.648 0.04163561473141114 0.05
1 0.34199932861328125 0.934 0.04030995633746135 0.05
1 0.442013671875 0.9835 0.03500001068115071 0.05
1 0.524375 0.893 0.03433019807691182 0.05
1 0.524375 0.805 0.039288197973437265 0.05
1 0.521765625 1.015 0.042002615710959 0.05
1 0.521765625 1.1675 0.0330033290224259 0.05
1 0.482 0.4045 0.039 0.05
3 0.192 0.5115000000000001 0.30000000000000004 0.551
3 0.492 0.5115000000000001 0.3 0.551
3 0.192 1.0625 0.30000000000000004 0.551
3 0.492 1.0625 0.3 0.551