0 0.094 0.365 0.15599999999999997 0
0 0.061 0.157 0.09 0
0 0.2655 0.157 0.273 0
0 0.46799999999999997 0.157 0.05199999999999999 0
0 0.044 0.165 0.055999999999999994 0
0 0.2245 0.165 0.08900000000000002 0
0 0.2955 0.165 0.05099999999999999 0
0 0.36450000000000005 0.165 0.07500000000000001 0
0 0.08650000000000001 0.397 0.10300000000000001 0
0 0.117 0.47 0 0.064
0 0.381 0.09000000000000001 0 0.16
1 0.422 0.157 0.04 0.05
2 0.094 0.365 0.035 0.05
3 0.1355 0.133 0.239 0.246
3 0.3745 0.133 0.239 0.246
3 0.1355 0.379 0.239 0.246
3 0.3745 0.379 0.239 0.246