0 0.094 0.272 0.09200000000000001 0
0 0.1 0.312 0.104 0
0 0.08399999999999999 0.352 0.072 0
0 0.16375 0.41500000000000004 0 0.045999999999999985
0 0.27 0.392 0.066 0
0 0.48875 0.4865 0 0.273
0 0.05025 0.64 0 0.8160000000000001
0 0.265 0.432 0.06399999999999997 0
0 0.0795 0.512 0.063 0
0 0.45699999999999996 0.512 0.07 0
0 0.07 0.552 0.044 0
0 0.08625 0.5925 0 0.06099999999999994
0 0.247984375 0.6715 0 0.269
0 0.086875 0.6985 0 0.133
0 0.1305 0.672 0.061 0
0 0.36650000000000005 0.672 0.059 0
0 0.52 0.672 0.188 0
0 0.48725 0.76 0 0.07600000000000007
0 0.22200000000000003 0.792 0.11200000000000002 0
0 0.6025 0.792 0.239 0
0 0.3235 0.872 0.069 0
0 0.611375 0.863 0 0.05800000000000005
0 0.285625 0.917 0 0.04399999999999993
0 0.38149999999999995 0.992 0.05499999999999999 0
0 0.0695 1.032 0.043 0
0 0.365625 1.0234999999999999 0 0.04500000000000015
0 0.5315000000000001 1.032 0.04300000000000004 0
0 0.7 1.032 0.04399999999999993 0
0 0.382 1.112 0.055999999999999994 0
0 0.49550000000000005 1.112 0.07900000000000001 0
0 0.35350000000000004 1.192 0.09900000000000003 0
0 0.610625 1.2035 0 0.05500000000000016
0 0.094 1.232 0.09200000000000001 0
0 0.210875 1.2335 0 0.04899999999999993
0 0.3175 1.232 0.061 0
0 0.405625 1.2335 0 0.04499999999999993
0 0.532 1.232 0.040000000000000036 0
0 0.088 1.0505 0 0.04499999999999993
0 0.128 0.306 0 0.148
0 0.168 0.79 0 0.04400000000000004
0 0.248 0.4265 0 0.15300000000000002
0 0.288 0.4405 0 0.041000000000000036
0 0.328 0.8305 0 0.05499999999999994
0 0.328 1.1905000000000001 0 0.08900000000000019
0 0.368 0.634 0 0.040000000000000036
0 0.368 1.177 0 0.052000000000000046
0 0.648 1.2335 0 0.04499999999999993
0 0.688 0.7545 0 0.06500000000000006
1 0.145875 0.335 0.0377102439663283 0.05
1 0.069125 1.038 0.04272075022749483 0.05
1 0.2479921875 0.578 0.03400000359030311 0.05
1 0.411 0.672 0.03 0.05
1 0.6293125 1.221 0.04238974669657746 0.05
1 0.3868125 1.2035 0.03846609708561554 0.05
3 0.2165 0.4885 0.337 0.513
3 0.5535 0.4885 0.33699999999999997 0.513
3 0.2165 1.0015 0.337 0.513
3 0.5535 1.0015 0.33699999999999997 0.513