0 0.117 0.258 0 0.040000000000000036
0 0.43525 0.278 0 0.08000000000000002
0 0.472 0.478 0.07600000000000001 0
0 0.079 0.4965 0 0.517
0 0.480125 0.5555 0 0.04699999999999993
0 0.5165 0.513 0 0.09000000000000002
0 0.517 0.7735000000000001 0 0.04700000000000004
0 0.198875 0.8025 0 0.04299999999999993
0 0.235875 0.8015 0 0.04499999999999993
0 0.32 0.8765000000000001 0 0.04700000000000004
0 0.27175 0.8495 0 0.137
0 0.07825 1.1095 0 0.3829999999999999
0 0.47525 0.9944999999999999 0 0.04700000000000004
0 0.5349999999999999 1.038 0.06399999999999995 0
0 0.4515 1.078 0.16500000000000004 0
0 0.4359375 1.2530000000000001 0 0.09999999999999987
0 0.20249999999999999 1.318 0.331 0
0 0.397 1.26 0 0.11399999999999988
0 0.437 0.631 0 0.31800000000000006
0 0.517 1.25 0 0.09399999999999986
0 0.557 0.8975 0 0.08499999999999996
1 0.4983125 0.5235 0.04471175041306256 0.05
3 0.16949999999999998 0.508 0.265 0.54
3 0.4345 0.508 0.26499999999999996 0.54
3 0.16949999999999998 1.048 0.265 0.54
3 0.4345 1.048 0.26499999999999996 0.54