0 0.172 0.595 0.15 0
0 0.43000000000000005 0.745 0.25000000000000006 0
0 0.7275 0.98 0.28300000000000003 0
0 0.54 1.075 0.16999999999999998 0
0 0.37 0.8425 0 0.21899999999999997
0 0.59 0.8899999999999999 0 0.30999999999999994
0 0.78 1.1605 0 0.125
0 0.9 0.5575 0 0.139
0 0.92 0.368 0 0.43799999999999994
0 0.461 1.111 0 0.06199999999999983
0 0.485 0.268 0 0.05199999999999999
0 0.485 0.6355 0 0.05300000000000005
2 0.7275 0.98 0.035 0.05
2 0.59 0.8383333333333334 0.035 0.05
2 0.59 0.9416666666666667 0.035 0.05
3 0.30274999999999996 0.41750000000000004 0.4115 0.537
3 0.71425 0.41750000000000004 0.4115000000000001 0.537
3 0.30274999999999996 0.9545000000000001 0.4115 0.537
3 0.71425 0.9545000000000001 0.4115000000000001 0.537