0 0.2985 0.625 0.163 0
0 0.39 0.4625 0 0.15100000000000002
0 0.2975 0.389 0.235 0
0 0.364 0.405 0.10199999999999998 0
0 0.364 0.429 0.10199999999999998 0
0 0.056499999999999995 0.501 0.069 0
0 0.056499999999999995 0.525 0.069 0
0 0.208 0.573 0.055999999999999994 0
0 0.318 0.701 0.19799999999999998 0
0 0.0575 0.717 0.073 0
0 0.181 0.429 0 0.07999999999999996
0 0.381 0.6545 0 0.15700000000000003
0 0.421 0.638 0 0.18799999999999994
1 0.3855 0.557 0.03905124837953327 0.05
3 0.121 0.47350000000000003 0.2 0.17300000000000004
3 0.321 0.47350000000000003 0.19999999999999998 0.17300000000000004
3 0.121 0.6465000000000001 0.2 0.17299999999999993
3 0.321 0.6465000000000001 0.19999999999999998 0.17299999999999993