0 0.12075 0.113 0 0.04000000000000001
0 0.24521875 0.1925 0 0.14300000000000002
0 0.2849375 0.1895 0 0.131
0 0.32225 0.14650000000000002 0 0.04500000000000001
0 0.37175 0.135 0 0.08399999999999999
0 0.432 0.133 0.04800000000000004 0
0 0.3085 0.173 0.056999999999999995 0
0 0.42500000000000004 0.173 0.07200000000000001 0
0 0.253 0.253 0.096 0
0 0.452 0.3055 0 0.10499999999999998
0 0.41700000000000004 0.333 0.09200000000000003 0
0 0.645875 0.383 0 0.09999999999999998
0 0.4175 0.373 0.09500000000000003 0
0 0.3145 0.413 0.05300000000000005 0
0 0.6415 0.413 0.08300000000000007 0
0 0.36875 0.47950000000000004 0 0.05299999999999999
0 0.484125 0.4525 0 0.04899999999999999
0 0.082625 0.5 0 0.06000000000000005
0 0.205 0.2585 0 0.06299999999999997
0 0.405 0.34650000000000003 0 0.10300000000000004
0 0.445 0.137 0 0.088
0 0.565 0.489 0 0.08200000000000002
3 0.23271875 0.20224999999999999 0.3001875 0.2185
3 0.53290625 0.20224999999999999 0.30018750000000005 0.2185
3 0.23271875 0.42075 0.3001875 0.21850000000000003
3 0.53290625 0.42075 0.30018750000000005 0.21850000000000003