0 1.4545625 0.258 0 0.094
0 1.7970000000000002 0.29 0.04200000000000004 0
0 0.3425 0.33 0.41700000000000004 0
0 1.455375 0.44899999999999995 0 0.23799999999999993
0 1.907 0.33 0.20999999999999996 0
0 0.25475 0.39749999999999996 0 0.07900000000000001
0 1.2095 0.37 0.052999999999999936 0
0 1.624 0.37 0.050000000000000044 0
0 0.3425 0.41 0.41700000000000004 0
0 1.9355 0.431 0 0.04200000000000004
0 0.3338125 0.487 0 0.19999999999999996
0 1.929 0.45 0.06000000000000005 0
0 1.854875 0.5365 0 0.06699999999999995
0 1.9545 0.53 0.11499999999999999 0
0 0.3075 0.57 0.04500000000000004 0
0 1.455 0.57 0.732 0
0 1.8275000000000001 0.65 0.05499999999999994 0
0 0.962 0.73 0.3959999999999999 0
0 1.5699999999999998 0.73 0.494 0
0 0.8400000000000001 0.77 0.15200000000000002 0
0 1.1015 0.77 0.11299999999999999 0
0 1.5815 0.743 0 0.05400000000000005
0 1.33325 0.804 0 0.17600000000000005
0 1.4175 0.81 0.05699999999999994 0
0 1.94125 0.8395 0 0.05899999999999994
0 1.9060000000000001 0.85 0.21199999999999997 0
0 1.3265 0.89 0.375 0
0 1.924 0.89 0.05400000000000005 0
0 0.309 0.97 0.052000000000000046 0
0 1.4304999999999999 0.97 0.06500000000000017 0
0 1.51 1.01 0.6240000000000001 0
0 1.33275 1.04 0 0.07200000000000006
0 0.8745 1.09 0.703 0
0 1.454 1.13 0.1200000000000001 0
0 0.134 0.3405 0 0.046999999999999986
0 0.134 0.5755 0 0.337
0 0.134 0.883 0 0.21199999999999997
0 0.134 1.166 0 0.04800000000000004
0 0.294 0.371 0 0.10399999999999998
0 0.334 0.33699999999999997 0 0.05399999999999999
0 0.534 0.6885 0 0.9570000000000001
0 0.774 0.7375 0 0.07700000000000007
0 0.814 0.7435 0 0.08900000000000008
0 0.854 0.7435 0 0.08900000000000008
0 0.894 0.728 0 0.04200000000000004
0 0.974 0.752 0 0.07600000000000007
0 1.054 0.751 0 0.07400000000000007
0 1.094 0.39099999999999996 0 0.362
0 1.094 0.742 0 0.052000000000000046
0 1.134 0.752 0 0.07200000000000006
0 1.214 0.9195 0 0.09099999999999997
0 1.214 1.0945 0 0.19099999999999995
0 1.254 0.9954999999999999 0 0.07899999999999996
0 1.294 0.9650000000000001 0 0.18200000000000005
0 1.374 0.9470000000000001 0 0.14600000000000002
0 1.414 0.708 0 0.05599999999999994
0 1.414 0.989 0 0.06600000000000006
0 1.454 0.9864999999999999 0 0.051000000000000045
0 1.534 0.23149999999999998 0 0.04100000000000001
0 1.814 0.3645 0 0.30900000000000005
0 1.814 0.6825 0 0.09299999999999997
0 1.814 0.9085000000000001 0 0.21099999999999997
0 1.894 0.8605 0 0.05700000000000005
1 1.45496875 0.3175 0.02501319964038987 0.05
1 1.81 0.31 0.04308131845707603 0.05
1 1.8344375 0.39 0.0438949384895343 0.05
1 1.313625 0.883 0.04318058012579266 0.05
1 1.353375 0.975 0.04424434992176968 0.05
1 0.134 0.3855 0.043 0.05
1 0.134 0.7605 0.033 0.05
1 1.214 0.982 0.034 0.05
3 0.6034999999999999 0.45499999999999996 0.939 0.49
3 1.5425 0.45499999999999996 0.9390000000000001 0.49
3 0.6034999999999999 0.945 0.939 0.49
3 1.5425 0.945 0.9390000000000001 0.49