0 2.2566875 0.31699999999999995 0 0.07
0 2.49675 0.344 0 0.14999999999999997
0 0.2435 0.384 0.135 0
0 2.336625 0.3665 0 0.04300000000000004
0 0.2435 0.424 0.135 0
0 1.5230000000000001 0.424 0.06399999999999983 0
0 0.2435 0.464 0.135 0
0 2.2355 0.464 0.3129999999999997 0
0 0.2435 0.504 0.135 0
0 1.49325 0.5535 0 0.09899999999999998
0 2.213625 0.533 0 0.05800000000000005
0 2.255125 0.532 0 0.05600000000000005
0 2.30325 0.532 0 0.05600000000000005
0 2.3760625 0.5225 0 0.07100000000000006
0 2.578125 0.531 0 0.05400000000000005
0 0.2435 0.544 0.135 0
0 0.61 0.544 0.052000000000000046 0
0 0.7335 0.544 0.05700000000000005 0
0 0.819 0.544 0.05399999999999994 0
0 0.9874999999999999 0.544 0.050999999999999934 0
0 1.134875 0.5535 0 0.04699999999999993
0 1.1869999999999998 0.544 0.05800000000000005 0
0 1.384 0.544 0.1359999999999999 0
0 1.61703125 0.583 0 0.10599999999999998
0 1.696 0.544 0.052000000000000046 0
0 1.7785 0.544 0.052999999999999936 0
0 1.8176875 0.589 0 0.118
0 2.1565000000000003 0.544 0.29899999999999993 0
0 2.4505 0.544 0.13100000000000023 0
0 2.5935 0.544 0.09299999999999997 0
0 0.2435 0.584 0.135 0
0 0.5735 0.584 0.06499999999999995 0
0 0.78075 0.5569999999999999 0 0.05399999999999994
0 0.94125 0.5595 0 0.04899999999999993
0 1.666 0.584 0.050000000000000044 0
0 1.73125 0.558 0 0.051999999999999935
0 2.41175 0.5509999999999999 0 0.06599999999999995
0 0.266 0.624 0.18 0
0 0.532 0.624 0.06000000000000005 0
0 0.8145 0.624 0.05899999999999994 0
0 1.69375 0.581 0 0.09799999999999998
0 0.2435 0.664 0.135 0
0 0.54 0.664 0.07199999999999995 0
0 1.7515 0.664 0.06899999999999995 0
0 2.4385 0.664 0.06899999999999995 0
0 0.2425 0.704 0.133 0
0 0.524 0.704 0.052000000000000046 0
0 1.746 0.704 0.053999999999999826 0
0 0.2425 0.744 0.133 0
0 1.61675 0.784 0 0.09999999999999998
0 1.7735 0.744 0.10899999999999999 0
0 0.2425 0.784 0.133 0
0 1.536625 0.7935 0 0.07299999999999995
0 2.414125 0.789 0 0.04400000000000004
0 2.45475 0.7665 0 0.08900000000000008
0 0.266 0.824 0.18 0
0 1.217875 0.8255 0 0.07299999999999995
0 1.25825 0.8305 0 0.06099999999999994
0 1.49 0.824 0.08999999999999986 0
0 1.7465 0.824 0.137 0
0 2.0885 0.824 0.04500000000000037 0
0 0.2425 0.864 0.133 0
0 0.938375 0.9005000000000001 0 0.07300000000000006
0 1.4155625 0.9844999999999999 0 0.2909999999999999
0 1.6425 0.864 0.04499999999999993 0
0 0.258 0.904 0.16400000000000003 0
0 1.4555625 0.966 0 0.17600000000000005
0 1.4975625 0.96 0 0.11199999999999999
0 0.2425 0.944 0.133 0
0 0.576875 0.9945 0 0.14300000000000002
0 0.9753125 0.9595 0 0.07299999999999995
0 1.2956875 0.9865 0 0.127
0 1.4385 0.944 0.06900000000000017 0
0 1.895875 0.9515 0 0.08499999999999996
0 2.256 0.9575 0 0.06899999999999995
0 0.2425 0.984 0.133 0
0 1.3353125 1.0255 0 0.10100000000000009
0 1.373 1.0275 0 0.1050000000000001
0 1.451 0.984 0.09000000000000008 0
0 1.877 0.984 0.04999999999999982 0
0 2.564 0.984 0.15200000000000014 0
0 0.26049999999999995 1.024 0.16899999999999998 0
0 0.5269999999999999 1.024 0.10399999999999998 0
0 1.279 1.024 0.11999999999999988 0
0 1.498 1.024 0.17200000000000015 0
0 1.702 1.024 0.04800000000000004 0
0 2.066 1.024 0.052000000000000046 0
0 2.4165 1.029 0 0.07599999999999996
0 2.545 1.024 0.11799999999999988 0
0 0.2415 1.064 0.131 0
0 0.7909999999999999 1.064 0.18400000000000005 0
0 1.09675 1.0819999999999999 0 0.10399999999999987
0 1.4405000000000001 1.064 0.07700000000000018 0
0 2.0795000000000003 1.064 0.07900000000000018 0
0 0.2415 1.104 0.131 0
0 0.394 1.104 0.04799999999999999 0
0 0.795 1.104 0.246 0
0 1.1185 1.104 0.119 0
0 1.6365 1.104 0.040999999999999925 0
0 1.7774999999999999 1.104 0.06699999999999995 0
0 2.5105 1.104 0.14900000000000002 0
0 0.2415 1.144 0.131 0
0 0.775 1.144 0.246 0
0 1.5465 1.144 0.09499999999999997 0
0 2.4615 1.144 0.051000000000000156 0
0 0.2495 1.184 0.14700000000000002 0
0 0.41400000000000003 1.184 0.04999999999999999 0
0 0.765 1.184 0.18199999999999994 0
0 1.264 1.184 0.22999999999999998 0
0 0.2415 1.224 0.131 0
0 0.577125 1.2334999999999998 0 0.15100000000000002
0 0.813 1.224 0.08799999999999997 0
0 1.3010000000000002 1.224 0.1260000000000001 0
0 1.735625 1.298 0 0.15399999999999991
0 2.3105 1.224 0.040999999999999925 0
0 0.2415 1.264 0.131 0
0 0.563 1.264 0.04799999999999993 0
0 0.660625 1.2934999999999999 0 0.05899999999999994
0 0.697875 1.2945 0 0.06099999999999994
0 0.8575 1.2945 0 0.06099999999999994
0 1.101 1.3225 0 0.11699999999999999
0 1.335625 1.292 0 0.08000000000000007
0 1.4184999999999999 1.264 0.061000000000000165 0
0 1.50075 1.284 0 0.040000000000000036
0 1.817875 1.2835 0 0.06299999999999994
0 2.38025 1.2915 0 0.05499999999999994
0 2.4974375 1.2715 0 0.08099999999999996
0 2.6145 1.264 0.051000000000000156 0
0 0.2415 1.304 0.131 0
0 0.415125 1.324 0 0.040000000000000036
0 0.6025 1.304 0.127 0
0 0.812625 1.301 0 0.04800000000000004
0 0.977 1.304 0.23199999999999998 0
0 1.3279999999999998 1.304 0.1319999999999999 0
0 1.461 1.304 0.07200000000000006 0
0 1.613 1.304 0.09200000000000008 0
0 1.7755 1.304 0.08099999999999996 0
0 2.2439999999999998 1.304 0.31000000000000005 0
0 2.545 1.304 0.11399999999999988 0
0 0.2445 1.344 0.137 0
0 0.42000000000000004 1.344 0.04999999999999999 0
0 0.7695000000000001 1.344 0.07500000000000007 0
0 0.975625 1.383 0 0.1299999999999999
0 1.2045 1.344 0.09899999999999998 0
0 1.531 1.344 0.04400000000000004 0
0 1.6554375 1.341 0 0.08000000000000007
0 1.6995 1.344 0.04300000000000015 0
0 2.2880000000000003 1.344 0.06000000000000005 0
0 2.5789999999999997 1.344 0.050000000000000266 0
0 0.2415 1.384 0.131 0
0 1.5485 1.384 0.06700000000000017 0
0 1.7105000000000001 1.384 0.131 0
0 2.061 1.384 0.041999999999999815 0
0 2.1915 1.384 0.11899999999999977 0
0 2.468 1.384 0.2320000000000002 0
0 0.2415 1.424 0.131 0
0 0.2415 1.464 0.131 0
0 0.176 0.9335 0 1.1310000000000002
0 0.216 0.9335 0 1.1310000000000002
0 0.256 0.9345000000000001 0 1.129
0 0.296 0.9345000000000001 0 1.129
0 0.496 0.6194999999999999 0 0.04700000000000004
0 0.536 0.6559999999999999 0 0.12
0 0.536 0.9825 0 0.127
0 0.616 0.556 0 0.041999999999999926
0 0.696 1.129 0 0.1080000000000001
0 0.736 0.556 0 0.041999999999999926
0 0.736 1.1219999999999999 0 0.17199999999999993
0 0.736 1.308 0 0.08400000000000007
0 0.776 1.13 0 0.19199999999999995
0 0.816 1.1445 0 0.20500000000000007
0 0.856 1.137 0 0.18000000000000016
0 0.896 0.5549999999999999 0 0.039999999999999925
0 0.896 1.1095 0 0.07299999999999995
0 0.936 0.6675 0 0.06899999999999995
0 1.016 0.5535 0 0.04699999999999993
0 1.056 0.9875 0 0.129
0 1.176 0.5535 0 0.04699999999999993
0 1.176 1.0955 0 0.06099999999999994
0 1.176 1.2605 0 0.06299999999999994
0 1.256 1.1735000000000002 0 0.11099999999999999
0 1.256 1.3075 0 0.05300000000000016
0 1.296 1.2195 0 0.20299999999999985
0 1.336 1.1905000000000001 0 0.07499999999999996
0 1.376 1.166 0 0.10399999999999987
0 1.376 1.28 0 0.06000000000000005
0 1.416 1.2805 0 0.052999999999999936
0 1.456 0.6930000000000001 0 0.31599999999999995
0 1.536 1.113 0 0.06400000000000006
0 1.576 0.583 0 0.10599999999999998
0 1.576 1.011 0 0.039999999999999925
0 1.616 1.0795 0 0.08699999999999997
0 1.656 0.8434999999999999 0 0.05500000000000005
0 1.656 1.1595 0 0.23899999999999988
0 1.696 1.01 0 0.04999999999999993
0 1.696 1.33 0 0.1060000000000001
0 1.736 0.7025 0 0.08099999999999996
0 1.736 0.843 0 0.05800000000000005
0 1.776 0.5605 0 0.05699999999999994
0 1.776 1.1075 0 0.052999999999999936
0 1.816 0.7695000000000001 0 0.06300000000000006
0 1.816 1.0045 0 0.051000000000000045
0 1.816 1.1444999999999999 0 0.15900000000000003
0 2.096 0.6505000000000001 0 0.28900000000000003
0 2.096 0.9285 0 0.15500000000000003
0 2.096 1.178 0 0.268
0 2.296 1.309 0 0.04800000000000004
0 2.336 0.9605 0 0.07499999999999996
0 2.336 1.3075 0 0.04500000000000015
0 2.456 0.94 0 0.04599999999999993
0 2.456 1.123 0 0.053999999999999826
0 2.456 1.2149999999999999 0 0.07000000000000006
0 2.496 0.985 0 0.12399999999999989
0 2.536 0.28900000000000003 0 0.03999999999999998
0 2.536 0.986 0 0.1259999999999999
0 2.576 0.978 0 0.10999999999999988
0 2.576 1.3165 0 0.06700000000000017
0 2.616 0.531 0 0.04600000000000004
0 2.616 0.9585 0 0.07099999999999995
0 2.616 1.2705000000000002 0 0.131
1 0.777 0.544 0.03 0.05
1 1.737 0.544 0.03 0.05
1 2.5315 0.544 0.031 0.05
1 1.636375 0.825 0.04318058012579266 0.05
1 1.7175 0.844 0.042059481689626185 0.05
1 0.95684375 0.93 0.03950163169098208 0.05
1 1.39578125 1.122 0.04267541922758346 0.05
1 1.43578125 0.8325 0.04218046237596264 0.05
1 0.83675 1.1835 0.044846961992982305 0.05
1 1.3555 1.284 0.04044749683231337 0.05
1 1.8169375 1.19 0.028062708796550626 0.05
1 2.564 1.284 0.042059481689626185 0.05
1 1.4095 1.304 0.031 0.05
1 1.2745 1.324 0.040792156108742275 0.05
1 1.503 1.324 0.0417612260356422 0.05
1 1.584 1.324 0.04237924020083418 0.05
1 1.6685 1.324 0.04428317965096906 0.05
1 1.747 1.324 0.04237924020083418 0.05
1 2.225 1.364 0.040607881008493905 0.05
1 1.376 1.234 0.032 0.05
1 1.596 1.0335 0.04031128874149274 0.05
1 1.676 1.132 0.04031128874149274 0.05
1 1.816 1.0475 0.035 0.05
1 2.096 1.025 0.038 0.05
1 2.456 1.165 0.03 0.05
3 0.7919999999999999 0.5765 1.232 0.615
3 2.024 0.5765 1.2320000000000002 0.615
3 0.7919999999999999 1.1915 1.232 0.6150000000000001
3 2.024 1.1915 1.2320000000000002 0.6150000000000001