0 0.06225 0.398 0 0.558
0 0.66 0.2135 0 0.15099999999999997
0 0.6765 0.199 0.04899999999999993 0
0 0.380125 0.28049999999999997 0 0.04299999999999998
0 0.2545 0.359 0.385 0
0 0.7215 0.359 0.30100000000000005 0
0 0.6984999999999999 0.399 0.255 0
0 0.379 0.44799999999999995 0 0.04799999999999999
0 0.70575 0.5145 0 0.07100000000000006
0 0.624 0.519 0.15599999999999992 0
0 0.505 0.559 0.13599999999999995 0
0 0.7030000000000001 0.559 0.19800000000000006 0
0 0.8205 0.599 0.04499999999999993 0
0 0.5760000000000001 0.639 0.11599999999999999 0
0 0.771 0.639 0.07400000000000007 0
0 0.908 0.639 0.04800000000000004 0
0 0.542 0.6225 0 0.05700000000000005
0 0.582 0.1745 0 0.11100000000000002
0 0.582 0.39149999999999996 0 0.07100000000000001
0 0.582 0.5840000000000001 0 0.18600000000000005
0 0.622 0.567 0 0.15200000000000002
0 0.662 0.5860000000000001 0 0.18200000000000005
0 0.702 0.2435 0 0.10099999999999998
0 0.702 0.6455 0 0.06300000000000006
0 0.742 0.5675 0 0.14500000000000002
0 0.782 0.387 0 0.062
0 0.782 0.5295 0 0.06899999999999995
0 0.822 0.569 0 0.05599999999999994
0 0.862 0.5609999999999999 0 0.15000000000000002
0 0.902 0.652 0 0.050000000000000044
1 0.5885 0.559 0.031 0.05
1 0.8 0.579 0.04019950248448356 0.05
1 0.882 0.6315 0.041 0.05
3 0.27949999999999997 0.2585 0.435 0.279
3 0.7145 0.2585 0.43500000000000005 0.279
3 0.27949999999999997 0.5375000000000001 0.435 0.279
3 0.7145 0.5375000000000001 0.43500000000000005 0.279