0 1.5135 0.367 0 0.15000000000000002
0 0.5780000000000001 0.332 0.656 0
0 0.575 0.372 0.638 0
0 0.5905 0.412 0.603 0
0 0.5995 0.452 0.621 0
0 0.48949999999999994 0.492 0.40099999999999997 0
0 0.8855 0.492 0.04300000000000004 0
0 1.6715 0.492 0.040999999999999925 0
0 0.6035 0.532 0.629 0
0 1.264 0.532 0.040000000000000036 0
0 0.5685 0.572 0.597 0
0 0.99 0.5405 0 0.06299999999999994
0 1.282 0.572 0.19199999999999995 0
0 1.499 0.572 0.17400000000000015 0
0 1.6985000000000001 0.572 0.04100000000000015 0
0 0.577 0.612 0.5760000000000001 0
0 0.9185 0.612 0.04299999999999993 0
0 1.19775 0.5245 0 0.175
0 1.2814999999999999 0.612 0.10299999999999998 0
0 1.619 0.612 0.20000000000000018 0
0 0.6325000000000001 0.652 0.747 0
0 1.0345625 0.6905 0 0.137
0 1.2734999999999999 0.652 0.08699999999999997 0
0 1.47675 0.6799999999999999 0 0.07799999999999996
0 1.566 0.652 0.10000000000000009 0
0 1.67325 0.6625 0 0.15900000000000003
0 0.5565 0.692 0.7110000000000001 0
0 1.267 0.692 0.16200000000000014 0
0 1.4620000000000002 0.692 0.04600000000000004 0
0 1.5899999999999999 0.692 0.1359999999999999 0
0 0.448 0.732 0.11399999999999999 0
0 0.6505 0.732 0.10099999999999998 0
0 0.79225 0.6975 0 0.06899999999999995
0 0.888 0.732 0.04800000000000004 0
0 1.287 0.732 0.04200000000000004 0
0 1.3535 0.7175 0 0.049000000000000044
0 1.4660000000000002 0.732 0.05400000000000005 0
0 1.623 0.732 0.10400000000000009 0
0 0.138 0.772 0.048 0
0 0.5245 0.772 0.29500000000000004 0
0 0.9095 0.772 0.08099999999999996 0
0 1.022 0.772 0.08400000000000007 0
0 0.4340107421875 0.9535 0 0.30500000000000005
0 0.474017578125 0.919 0 0.23599999999999988
0 0.5745 0.812 0.137 0
0 0.89 0.812 0.04200000000000004 0
0 0.892 0.852 0.04600000000000004 0
0 1.1946875 0.8785000000000001 0 0.1110000000000001
0 1.3553125 0.883 0 0.12
0 1.39725 0.8454999999999999 0 0.04500000000000004
0 0.5605 0.892 0.10899999999999999 0
0 0.8905000000000001 0.892 0.04300000000000004 0
0 1.2635 0.892 0.17700000000000005 0
0 0.4535 0.932 0.125 0
0 0.5515 0.913 0 0.06599999999999995
0 0.889 0.932 0.040000000000000036 0
0 1.2785000000000002 0.932 0.17500000000000004 0
0 0.5555 1.051 0 0.15799999999999992
0 0.895 0.972 0.052000000000000046 0
0 0.8635 1.012 0.10899999999999999 0
0 0.223 1.052 0.06 0
0 0.4535 1.052 0.125 0
0 0.892 1.052 0.04600000000000004 0
0 0.20750000000000002 1.092 0.07899999999999999 0
0 0.5895 1.092 0.397 0
0 0.892 1.092 0.04600000000000004 0
0 1.5670000000000002 1.092 0.09000000000000008 0
0 0.47428125 1.1735 0 0.18500000000000005
0 0.8925000000000001 1.132 0.04700000000000004 0
0 0.14200000000000002 1.172 0.04200000000000001 0
0 0.397 1.172 0.062 0
0 0.891 1.172 0.04400000000000004 0
0 0.397 1.212 0.062 0
0 0.542 1.212 0.138 0
0 0.635 1.2015 0 0.08700000000000019
0 0.8825000000000001 1.212 0.05300000000000005 0
0 1.4155 1.212 0.07299999999999995 0
0 1.517 1.212 0.06799999999999984 0
0 0.242 1.252 0.09399999999999997 0
0 0.503 1.252 0.22399999999999998 0
0 0.895 1.252 0.052000000000000046 0
0 1.456 1.252 0.17199999999999993 0
0 1.59875 1.2315 0 0.040999999999999925
0 0.39 1.292 0.04799999999999999 0
0 0.435375 1.3525 0 0.121
0 0.4745625 1.3555000000000001 0 0.127
0 0.51375 1.3445 0 0.21300000000000008
0 0.895 1.292 0.052000000000000046 0
0 0.4435 1.332 0.15500000000000003 0
0 0.8925000000000001 1.332 0.04700000000000004 0
0 0.393 1.372 0.05399999999999999 0
0 0.5715 1.372 0.08099999999999996 0
0 0.8705 1.372 0.09100000000000008 0
0 1.3014999999999999 1.372 0.07099999999999995 0
0 0.2485 1.412 0.05700000000000002 0
0 0.4335 1.412 0.125 0
0 0.726 1.412 0.39 0
0 1.3944999999999999 1.412 0.5330000000000001 0
0 1.689 1.452 0.06000000000000005 0
0 0.503 1.572 0.08600000000000002 0
0 1.4375 1.6035 0 0.05899999999999994
0 0.114 1.3875000000000002 0 0.050999999999999934
0 0.154 0.6905 0 0.06499999999999995
0 0.154 1.1629999999999998 0 0.05800000000000005
0 0.194 1.0955 0 0.08899999999999997
0 0.234 0.51 0 0.040000000000000036
0 0.234 0.6945 0 0.06899999999999995
0 0.234 1.0225 0 0.13500000000000012
0 0.234 1.3820000000000001 0 0.07800000000000007
0 0.274 0.33199999999999996 0 0.08000000000000002
0 0.274 0.5680000000000001 0 0.08399999999999996
0 0.274 1.3835 0 0.08099999999999996
0 0.314 0.5 0 0.416
0 0.354 0.5075 0 0.431
0 0.394 0.8475 0 1.111
0 0.434 0.493 0 0.40199999999999997
0 0.434 1.2315 0 0.04699999999999993
0 0.474 0.5335 0 0.48300000000000004
0 0.514 0.7175 0 0.851
0 0.554 0.573 0 0.562
0 0.554 1.383 0 0.053999999999999826
0 0.594 0.7795 0 0.9749999999999999
0 0.594 1.3835000000000002 0 0.04299999999999993
0 0.634 0.5539999999999999 0 0.524
0 0.634 1.1135000000000002 0 0.04299999999999993
0 0.634 1.3835000000000002 0 0.04299999999999993
0 0.674 0.5095 0 0.435
0 0.674 1.3825 0 0.040999999999999925
0 0.714 0.38349999999999995 0 0.183
0 0.714 0.6214999999999999 0 0.21299999999999997
0 0.714 1.3825 0 0.040999999999999925
0 0.754 0.38049999999999995 0 0.177
0 0.754 0.616 0 0.20199999999999996
0 0.754 1.059 0 0.07600000000000007
0 0.754 1.3825 0 0.040999999999999925
0 0.794 0.377 0 0.16000000000000003
0 0.794 0.5860000000000001 0 0.10999999999999999
0 0.794 1.041 0 0.040000000000000036
0 0.794 1.385 0 0.04599999999999982
0 0.834 0.47350000000000003 0 0.36300000000000004
0 0.834 1.005 0 0.04600000000000004
0 0.834 1.3875000000000002 0 0.050999999999999934
0 0.874 0.8495 0 1.115
0 0.914 0.8635 0 1.143
0 0.954 0.6405000000000001 0 0.05900000000000005
0 1.034 0.8620000000000001 0 0.11199999999999999
0 1.034 1.0035 0 0.1090000000000001
0 1.034 1.113 0 0.04599999999999982
0 1.154 0.562 0 0.08999999999999997
0 1.154 0.8155 0 0.10699999999999998
0 1.234 0.7575 0 0.381
0 1.274 0.384 0 0.184
0 1.274 0.5435 0 0.06899999999999995
0 1.274 1.004 0 0.07200000000000006
0 1.274 1.1135000000000002 0 0.07499999999999996
0 1.274 1.4205 0 0.4690000000000001
0 1.314 0.59 0 0.04600000000000004
0 1.314 0.7145 0 0.05899999999999994
0 1.314 0.8959999999999999 0 0.08599999999999997
0 1.394 0.573 0 0.04599999999999993
0 1.394 1.2229999999999999 0 0.09000000000000008
0 1.434 0.354 0 0.07
0 1.434 0.5720000000000001 0 0.04799999999999993
0 1.434 0.8225 0 0.08699999999999997
0 1.434 1.2105000000000001 0 0.06500000000000017
0 1.474 0.8755 0 0.051000000000000045
0 1.474 1.2435 0 0.05499999999999994
0 1.474 1.6145 0 0.08099999999999996
0 1.514 0.6795 0 0.04899999999999993
0 1.514 0.829 0 0.04599999999999993
0 1.514 1.2374999999999998 0 0.05899999999999994
0 1.514 1.5995 0 0.050999999999999934
0 1.554 0.6415 0 0.139
0 1.594 0.6359999999999999 0 0.128
0 1.634 0.5795 0 0.05899999999999994
0 1.674 1.442 0 0.08400000000000007
0 1.714 0.653 0 0.17800000000000005
0 1.714 1.409 0 0.05600000000000005
1 1.395 0.572 0.034 0.05
1 0.881 0.612 0.032 0.05
1 1.5035 0.692 0.037 0.05
1 0.813125 0.512 0.04250955774881691 0.05
1 0.965 0.772 0.03 0.05
1 0.4741494140625 1.059 0.04400079002538098 0.05
1 0.4740087890625 0.6645 0.02600000594212391 0.05
1 0.503 0.912 0.04123105625617661 0.05
1 0.5535 0.959 0.02630589287593181 0.05
1 0.55275 0.619 0.026119915773217955 0.05
1 0.474421875 1.279 0.026001521139396824 0.05
1 1.4675 1.212 0.031 0.05
1 0.526 1.352 0.04123105625617661 0.05
1 0.5135 1.412 0.035 0.05
1 1.66 1.432 0.04004996878900158 0.05
1 0.174 1.1215 0.04044749683231337 0.05
1 0.254 0.528 0.04019950248448356 0.05
1 0.714 0.495 0.04 0.05
1 0.814 1.0215 0.040607881008493905 0.05
1 1.034 0.9335 0.031 0.05
1 1.034 1.074 0.032 0.05
1 1.254 0.7285 0.041484937025383084 0.05
1 1.254 0.958 0.044721359549995794 0.05
1 1.274 0.4925 0.033 0.05
1 1.294 0.5725 0.041484937025383084 0.05
1 1.274 1.058 0.036 0.05
1 1.274 1.1685 0.035 0.05
1 1.454 0.858 0.04308131845707603 0.05
3 0.51525 0.63275 0.8025 0.6815
3 1.31775 0.63275 0.8025000000000001 0.6815
3 0.51525 1.31425 0.8025 0.6815
3 1.31775 1.31425 0.8025000000000001 0.6815