0 0.3315 0.205 0.375 0
0 0.285 0.13 0 0.15
0 0.37 0.276 0 0.176
0 0.45 0.402 0 0.14399999999999996
0 0.53 0.3385 0 0.301
0 0.22449999999999998 0.189 0.151 0
0 0.4315 0.189 0.20700000000000002 0
0 0.149 0.2185 0 0.05499999999999999
0 0.149 0.2915 0 0.05099999999999999
0 0.157 0.357 0 0.07800000000000001
0 0.533 0.2565 0 0.05699999999999997
1 0.314 0.189 0.028 0.05
2 0.269 0.205 0.035 0.05
2 0.394 0.205 0.035 0.05
2 0.53 0.28833333333333333 0.035 0.05
2 0.53 0.3886666666666666 0.035 0.05
3 0.24175000000000002 0.1635 0.19550000000000003 0.21700000000000003
3 0.43725 0.1635 0.1955 0.21700000000000003
3 0.24175000000000002 0.3805 0.19550000000000003 0.21699999999999997
3 0.43725 0.3805 0.1955 0.21699999999999997