0 0.438125 0.194 0 0.13
0 0.1205625 0.21450000000000002 0 0.10300000000000001
0 0.45599999999999996 0.169 0.05399999999999999 0
0 0.559 0.1865 0 0.044999999999999984
0 0.1215625 0.3425 0 0.10700000000000004
0 0.440875 0.314 0 0.04800000000000004
0 0.126 0.44099999999999995 0 0.064
0 0.477875 0.4 0 0.043999999999999984
0 0.131 0.449 0.16999999999999998 0
0 0.2405 0.5135 0 0.15699999999999997
0 0.437625 0.47150000000000003 0 0.044999999999999984
0 0.48325 0.521 0 0.14399999999999996
0 0.10999999999999999 0.489 0.132 0
0 0.20125 0.5255000000000001 0 0.07300000000000006
0 0.559375 0.485 0 0.04199999999999998
0 0.122875 0.5755 0 0.04699999999999993
0 0.4425 0.609 0.08299999999999996 0
0 0.35925 0.6799999999999999 0 0.061999999999999944
0 0.20350000000000001 0.689 0.04500000000000001 0
0 0.331 0.729 0.19399999999999998 0
0 0.08 0.567 0 0.33399999999999996
0 0.28 0.45899999999999996 0 0.04799999999999999
0 0.44 0.394 0 0.045999999999999985
0 0.44 0.636 0 0.08200000000000007
1 0.4395 0.2745 0.031121736776728897 0.05
1 0.10078125 0.398 0.04175453755282173 0.05
1 0.4404375 0.3545 0.033011598340583266 0.05
1 0.4805625 0.4355 0.02752981338476525 0.05
1 0.461625 0.594 0.04329621807964294 0.05
1 0.23 0.709 0.040792156108742275 0.05
3 0.17284375 0.28025 0.2576875 0.3025
3 0.43053125 0.28025 0.25768749999999996 0.3025
3 0.17284375 0.58275 0.2576875 0.3025
3 0.43053125 0.58275 0.25768749999999996 0.3025