0 0.995 0.545 0.3659999999999999 0
0 0.2885 0.605 0.317 0
0 0.9675 0.82 0.33099999999999996 0
0 0.41700000000000004 0.84 0.25600000000000006 0
0 0.13 0.6345000000000001 0 0.34700000000000003
0 0.815 0.3865 0 0.3430000000000001
0 0.192 0.221 0.19999999999999998 0
0 0.477 0.221 0.08600000000000002 0
0 0.8065 0.221 0.05699999999999994 0
0 0.192 0.245 0.19999999999999998 0
0 0.477 0.245 0.08600000000000002 0
0 0.8065 0.245 0.05699999999999994 0
0 1.0034999999999998 0.565 0.377 0
0 0.14 0.621 0.096 0
0 1.155 0.765 0.07399999999999984 0
0 0.1565 0.845 0.129 0
0 0.2605 0.845 0.06899999999999998 0
0 0.093 0.4325 0 0.42300000000000004
0 0.093 0.7845 0 0.121
0 0.117 0.4315 0 0.42100000000000004
0 0.117 0.7845 0 0.121
0 0.149 0.817 0 0.051999999999999935
0 0.461 0.336 0 0.23
0 0.461 0.5775 0 0.07499999999999996
0 0.805 0.7989999999999999 0 0.08199999999999996
0 0.837 0.39049999999999996 0 0.345
0 0.973 0.616 0 0.08200000000000007
0 0.973 0.7785 0 0.05900000000000005
0 1.117 0.8029999999999999 0 0.07399999999999995
0 1.173 0.6925 0 0.29499999999999993
1 0.1395 0.7995 0.025495097567963924 0.05
2 0.934 0.545 0.035 0.05
2 1.056 0.545 0.035 0.05
2 0.815 0.3293333333333333 0.035 0.05
2 0.815 0.44366666666666665 0.035 0.05
3 0.367 0.3725 0.55 0.31500000000000006
3 0.917 0.3725 0.5499999999999999 0.31500000000000006
3 0.367 0.6875 0.55 0.31499999999999995
3 0.917 0.6875 0.5499999999999999 0.31499999999999995