0 0.47550000000000003 0.174 0.04099999999999998 0
0 0.585 0.174 0.051999999999999935 0
0 0.697375 0.16749999999999998 0 0.05100000000000002
0 0.25075 0.154 0 0.12
0 0.41725 0.20750000000000002 0 0.049000000000000016
0 0.254 0.274 0 0.04999999999999999
0 0.3165 0.254 0.04700000000000004 0
0 0.1905 0.294 0.273 0
0 0.497 0.294 0.10600000000000004 0
0 0.29025 0.4215 0 0.175
0 0.367 0.374 0.07600000000000001 0
0 0.6135 0.435 0 0.04200000000000004
0 0.6060000000000001 0.454 0.40800000000000003 0
0 0.381 0.514 0 0.040000000000000036
0 0.294 0.2605 0 0.05899999999999997
0 0.334 0.444 0 0.18000000000000005
0 0.374 0.38 0 0.04800000000000004
0 0.454 0.1345 0 0.08099999999999999
0 0.454 0.3215 0 0.059
0 0.454 0.459 0 0.15000000000000002
0 0.494 0.14400000000000002 0 0.1
0 0.534 0.4255 0 0.04299999999999998
1 0.252375 0.2315 0.03515056898543749 0.05
1 0.435625 0.163 0.037610670028596936 0.05
1 0.292125 0.37 0.04415951199911521 0.05
1 0.454 0.3675 0.033 0.05
3 0.243 0.20400000000000001 0.378 0.22
3 0.621 0.20400000000000001 0.37800000000000006 0.22
3 0.243 0.42400000000000004 0.378 0.22000000000000003
3 0.621 0.42400000000000004 0.37800000000000006 0.22000000000000003