0 0.042 0.20600000000000002 0 0.09
0 0.51928125 0.22149999999999997 0 0.12099999999999997
0 0.04175 0.375 0 0.18799999999999994
0 0.159125 0.323 0 0.08399999999999996
0 0.49650000000000005 0.361 0.056999999999999995 0
0 0.20275 0.4685 0 0.05499999999999999
0 0.320625 0.45699999999999996 0 0.08400000000000002
0 0.520875 0.6405 0 0.121
0 0.081625 0.659 0 0.05400000000000005
0 0.201625 0.6705 0 0.07699999999999996
0 0.2405625 0.6595 0 0.05300000000000005
0 0.325 0.681 0.274 0
0 0.55925 0.716 0 0.07599999999999996
0 0.400375 0.7270000000000001 0 0.09599999999999997
0 0.52475 0.783 0 0.04400000000000004
0 0.081375 0.8315 0 0.06099999999999994
0 0.40325 0.8475 0 0.09299999999999997
0 0.4418125 0.8220000000000001 0 0.06999999999999995
0 0.56065625 0.855 0 0.122
0 0.320625 0.833 0 0.04599999999999993
0 0.234 0.883 0 0.06600000000000006
0 0.24 0.45799999999999996 0 0.03999999999999998
0 0.28 0.883 0 0.06600000000000006
0 0.36 0.478 0 0.03999999999999998
0 0.44 0.478 0 0.04199999999999998
0 0.48 0.478 0 0.04199999999999998
0 0.52 0.505 0 0.09600000000000003
0 0.6 0.21000000000000002 0 0.04000000000000001
0 0.6 0.6715 0 0.08099999999999996
1 0.041875 0.266 0.0300010416485828 0.05
1 0.5400625 0.6895 0.04473969853497004 0.05
1 0.5204375 0.579 0.027014174520055206 0.05
1 0.542 0.7575 0.03520298282816387 0.05
1 0.4018125 0.788 0.02615847138117975 0.05
1 0.3003125 0.853 0.0410656867104399 0.05
3 0.18131250000000002 0.34975 0.279125 0.37749999999999995
3 0.4604375 0.34975 0.27912499999999996 0.37749999999999995
3 0.18131250000000002 0.72725 0.279125 0.37750000000000006
3 0.4604375 0.72725 0.27912499999999996 0.37750000000000006