0 0.059 0.38349999999999995 0 0.046999999999999986
0 0.292 0.4 0.142 0
0 0.5845 0.4 0.04699999999999993 0
0 0.7230000000000001 0.4 0.15000000000000002 0
0 0.1645 0.44 0.131 0
0 0.36650000000000005 0.44 0.07300000000000001 0
0 0.5820000000000001 0.44 0.041999999999999926 0
0 0.8105 0.44 0.10699999999999998 0
0 0.256 0.48 0.040000000000000036 0
0 0.397 0.48 0.09800000000000003 0
0 0.61625 0.5715 0 0.42300000000000004
0 0.317 0.52 0.17600000000000002 0
0 0.0895 0.56 0.040999999999999995 0
0 0.326 0.56 0.19399999999999998 0
0 0.5900000000000001 0.56 0.05799999999999994 0
0 0.378 0.6 0.15600000000000003 0
0 0.5900000000000001 0.6 0.05799999999999994 0
0 0.1205 0.64 0.127 0
0 0.396 0.64 0.06 0
0 0.8105 0.64 0.10699999999999998 0
0 0.12000000000000001 0.68 0.10200000000000001 0
0 0.259 0.68 0.05999999999999997 0
0 0.6969375 0.7545 0 0.16299999999999992
0 0.1 0.72 0.041999999999999996 0
0 0.17725 0.7915000000000001 0 0.21699999999999997
0 0.0845 0.76 0.055 0
0 0.7795 0.815 0 0.10999999999999999
0 0.2485 0.8 0.383 0
0 0.7945 0.8 0.04499999999999993 0
0 0.1785 0.84 0.243 0
0 0.7545 0.84 0.21899999999999997 0
0 0.088 0.88 0.06199999999999999 0
0 0.3035 0.88 0.04899999999999999 0
0 0.6975 0.88 0.09899999999999998 0
0 0.088 0.92 0.06199999999999999 0
0 0.41000000000000003 0.92 0.07800000000000001 0
0 0.535 0.9079999999999999 0 0.06999999999999995
0 0.5781875 0.9835 0 0.1269999999999999
0 0.8105 0.96 0.10699999999999998 0
0 0.61725 1.059 0 0.18400000000000005
0 0.675 1 0.05399999999999994 0
0 0.375 1.034 0 0.052000000000000046
0 0.817 1.04 0.09399999999999997 0
0 0.53525 1.0710000000000002 0 0.09000000000000008
0 0.8385 1.08 0.051000000000000045 0
0 0.092 1.16 0.046 0
0 0.7444999999999999 1.16 0.239 0
0 0.583 1.2265 0 0.052999999999999936
0 0.752 1.2 0.22399999999999998 0
0 0.5095000000000001 1.24 0.04300000000000004 0
0 0.756 1.24 0.21599999999999997 0
0 0.14375 1.3965 0 0.23299999999999987
0 0.29375 1.3005 0 0.040999999999999925
0 0.756 1.28 0.21599999999999997 0
0 0.2665 1.32 0.419 0
0 0.7125 1.32 0.30299999999999994 0
0 0.1025 1.36 0.091 0
0 0.2145 1.36 0.063 0
0 0.7935 1.36 0.09299999999999997 0
0 0.127 1.44 0.039999999999999994 0
0 0.31999999999999995 1.44 0.04999999999999999 0
0 0.619 1.44 0.05400000000000005 0
0 0.295 1.456 0 0.04800000000000004
0 0.533 1.48 0.040000000000000036 0
0 0.10049999999999999 1.52 0.087 0
0 0.5945 1.52 0.5389999999999999 0
0 0.088 1.56 0.06199999999999999 0
0 0.602 1.56 0.524 0
0 0.095 1.6 0.068 0
0 0.6114999999999999 1.6 0.42499999999999993 0
0 0.08449999999999999 1.64 0.047 0
0 0.611 1.64 0.42399999999999993 0
0 0.0895 1.68 0.065 0
0 0.602 1.68 0.524 0
0 0.095 1.72 0.068 0
0 0.6275000000000001 1.72 0.36700000000000005 0
0 0.0895 1.76 0.065 0
0 0.606 1.76 0.516 0
0 0.41975 1.6425 0 0.31499999999999995
0 0.097 0.8625 0 0.273
0 0.097 1.1975 0 0.2570000000000001
0 0.097 1.6139999999999999 0 0.28400000000000003
0 0.137 0.6635 0 0.05699999999999994
0 0.177 1.304 0 0.04400000000000004
0 0.217 0.7675000000000001 0 0.05700000000000005
0 0.217 1.1965 0 0.04699999999999993
0 0.217 1.3399999999999999 0 0.09000000000000008
0 0.217 1.6480000000000001 0 0.08799999999999986
0 0.257 0.5365 0 0.052999999999999936
0 0.257 0.6405000000000001 0 0.09300000000000008
0 0.257 0.77 0 0.062000000000000055
0 0.257 1.3325 0 0.07500000000000018
0 0.297 0.84 0 0.20199999999999996
0 0.337 0.393 0 0.066
0 0.337 0.5355 0 0.07499999999999996
0 0.337 0.863 0 0.16199999999999992
0 0.377 0.4085 0 0.09100000000000003
0 0.377 0.531 0 0.04200000000000004
0 0.377 0.6125 0 0.05700000000000005
0 0.377 0.773 0 0.06800000000000006
0 0.377 1.637 0 0.3039999999999998
0 0.417 0.54 0 0.182
0 0.417 0.7749999999999999 0 0.07799999999999996
0 0.417 0.903 0 0.04400000000000004
0 0.457 0.624 0 0.05400000000000005
0 0.457 1.061 0 0.5319999999999999
0 0.457 1.6155 0 0.2609999999999999
0 0.497 1.624 0 0.2779999999999998
0 0.537 1.6245 0 0.2829999999999999
0 0.577 0.4905 0 0.261
0 0.577 1.6205 0 0.2709999999999999
0 0.617 1.306 0 0.04200000000000004
0 0.617 1.5745 0 0.17899999999999983
0 0.617 1.726 0 0.06000000000000005
0 0.657 1.0185 0 0.6310000000000001
0 0.657 1.6155 0 0.2609999999999999
0 0.697 1.4465 0 0.639
0 0.737 0.40049999999999997 0 0.07500000000000001
0 0.737 0.8205 0 0.10299999999999998
0 0.737 1.307 0 0.04400000000000004
0 0.737 1.6164999999999998 0 0.2889999999999999
0 0.777 0.3825 0 0.04500000000000004
0 0.777 0.6174999999999999 0 0.05700000000000005
0 0.777 0.9744999999999999 0 0.05500000000000005
0 0.777 1.181 0 0.1080000000000001
0 0.777 1.3175 0 0.06500000000000017
0 0.777 1.6115 0 0.2829999999999999
0 0.817 0.6085 0 0.07500000000000007
0 0.817 0.7975 0 0.06099999999999994
0 0.817 0.9490000000000001 0 0.039999999999999925
0 0.817 1.0474999999999999 0 0.05899999999999994
0 0.817 1.217 0 0.17999999999999994
0 0.817 1.369 0 0.052000000000000046
0 0.817 1.5125 0 0.08499999999999996
0 0.817 1.6320000000000001 0 0.09000000000000008
0 0.857 1.2015 0 1.6830000000000003
1 0.231 0.42 0.041 0.05
1 0.628 0.4 0.04 0.05
1 0.157125 0.7675 0.04124393894865038 0.05
1 0.1655 1.36 0.035 0.05
1 0.257 0.5785 0.031 0.05
1 0.357 0.5785 0.041484937025383084 0.05
1 0.397 0.4515 0.04031128874149274 0.05
1 0.437 0.8045 0.04428317965096906 0.05
1 0.617 1.68 0.032 0.05
1 0.797 1.01 0.04308131845707603 0.05
1 0.797 1.3465 0.040607881008493905 0.05
1 0.817 1.571 0.032 0.05
3 0.25875000000000004 0.78075 0.4035 0.8415
3 0.66225 0.78075 0.40349999999999997 0.8415
3 0.25875000000000004 1.6222500000000002 0.4035 0.8415000000000001
3 0.66225 1.6222500000000002 0.40349999999999997 0.8415000000000001