0 1.8895 0.28 0.07299999999999995 0
0 1.8555 0.32 0.052999999999999936 0
0 1.895875 0.318 0 0.10199999999999998
0 1.177 0.36 0.8660000000000001 0
0 1.835 0.36 0.13200000000000012 0
0 2.7984999999999998 0.36 0.8169999999999997 0
0 1.2214999999999998 0.4 0.17500000000000004 0
0 1.5034999999999998 0.4 0.14300000000000002 0
0 3.1715 0.4 0.07099999999999973 0
0 1.57425 0.423 0 0.14
0 1.7595 0.44 0.06499999999999995 0
0 1.81425 0.46299999999999997 0 0.09400000000000003
0 1.755 0.48 0.11599999999999988 0
0 1.97275 0.45399999999999996 0 0.05199999999999999
0 2.3209999999999997 0.48 0.06199999999999983 0
0 2.1755 0.52 0.381 0
0 2.998 0.52 0.09200000000000008 0
0 0.4715 0.56 0.487 0
0 2.255875 0.5449999999999999 0 0.061999999999999944
0 2.8075 0.56 0.051000000000000156 0
0 2.7945 0.6 0.08099999999999996 0
0 1.859 0.6995 0 0.119
0 1.89325 0.6795 0 0.08099999999999996
0 1.935 0.6685 0 0.05699999999999994
0 1.911 0.68 0.04800000000000004 0
0 2.0535 0.6735 0 0.06499999999999995
0 2.091 0.6759999999999999 0 0.06999999999999995
0 2.1315 0.6955 0 0.10899999999999999
0 2.1915 0.68 0.0730000000000004 0
0 2.757 0.68 0.041999999999999815 0
0 2.0525 0.72 0.14500000000000002 0
0 2.79 0.72 0.11800000000000033 0
0 1.2254999999999998 0.76 0.15900000000000003 0
0 1.8525 0.76 0.040999999999999925 0
0 1.478 0.8 0.10999999999999988 0
0 1.575 0.8280000000000001 0 0.05599999999999994
0 1.7725 0.806 0 0.039999999999999925
0 2.3545 0.8 0.04700000000000015 0
0 2.6785 0.8 0.08499999999999996 0
0 2.8324999999999996 0.8 0.10499999999999998 0
0 3.0374999999999996 0.8 0.06300000000000017 0
0 0.21325 0.8345 0 0.11099999999999999
0 0.570625 0.8634999999999999 0 0.04700000000000004
0 1.45375 0.875 0 0.09000000000000008
0 1.5105 0.84 0.050999999999999934 0
0 1.7755 0.8625 0 0.04500000000000004
0 1.931 0.8634999999999999 0 0.04700000000000004
0 2.7335 0.8640000000000001 0 0.11599999999999999
0 3.062 0.84 0.07200000000000006 0
0 3.1735 0.8554999999999999 0 0.07100000000000006
0 0.6679999999999999 0.88 0.132 0
0 1.3195000000000001 0.88 0.06900000000000017 0
0 1.495 0.88 0.08399999999999985 0
0 2.2575000000000003 0.88 0.2330000000000001 0
0 3.0355 0.88 0.06499999999999995 0
0 3.1445 0.88 0.07900000000000018 0
0 1.2229999999999999 0.92 0.04200000000000004 0
0 1.3895 0.92 0.04499999999999993 0
0 1.4794999999999998 0.92 0.05899999999999994 0
0 1.6115 1.072 0 0.31800000000000006
0 1.7765 0.9415 0 0.04299999999999993
0 2.8484999999999996 0.92 0.11299999999999999 0
0 3.052 0.9525 0 0.353
0 1.4 0.96 0.16799999999999993 0
0 3.1605 0.96 0.04499999999999993 0
0 1.291375 1.025 0 0.050000000000000044
0 1.339 1 0.04600000000000004 0
0 1.439 1 0.07000000000000006 0
0 1.5955 1 0.04299999999999993 0
0 1.862 1 0.07000000000000006 0
0 2.372 1.0825 0 0.18900000000000006
0 1.2614999999999998 1.04 0.16700000000000004 0
0 1.57725 1.016 0 0.04800000000000004
0 1.7240000000000002 1.04 0.050000000000000044 0
0 1.893 1.046 0 0.09399999999999997
0 3.1325000000000003 1.04 0.05500000000000016 0
0 1.846 1.08 0.22799999999999998 0
0 2.6025 1.08 0.41100000000000003 0
0 3.145 1.08 0.07399999999999984 0
0 1.13125 1.1475 0 0.05499999999999994
0 2.409875 1.145 0 0.04999999999999982
0 2.49525 1.1465 0 0.052999999999999936
0 2.6995 1.142 0 0.04399999999999982
0 0.771375 1.1415000000000002 0 0.050999999999999934
0 1.012625 1.1509999999999998 0 0.04200000000000004
0 1.094125 1.1509999999999998 0 0.04200000000000004
0 1.407 1.16 0.3820000000000001 0
0 2.5425 1.16 0.08699999999999974 0
0 2.74125 1.229 0 0.19000000000000017
0 2.773875 1.1675 0 0.06700000000000017
0 3.0655 1.16 0.2829999999999999 0
0 2.92725 1.288 0 0.09600000000000009
0 2.7705 1.3425 0 0.04499999999999993
0 3.0795 1.36 0.2549999999999999 0
0 0.213 0.56 0 0.05599999999999994
0 0.373 0.8694999999999999 0 0.04300000000000004
0 0.533 0.8685 0 0.041000000000000036
0 0.653 0.867 0 0.04600000000000004
0 1.053 1.1509999999999998 0 0.04200000000000004
0 1.173 0.376 0 0.040000000000000036
0 1.173 0.7735000000000001 0 0.051000000000000045
0 1.213 1.1524999999999999 0 0.04100000000000015
0 1.253 0.3795 0 0.04300000000000004
0 1.253 1.1535 0 0.04300000000000015
0 1.333 0.867 0 0.052000000000000046
0 1.333 1.0015 0 0.08699999999999997
0 1.333 1.1524999999999999 0 0.04100000000000015
0 1.373 0.8035 0 0.08299999999999996
0 1.373 0.9615 0 0.1389999999999999
0 1.373 1.1515 0 0.04300000000000015
0 1.413 0.976 0 0.04600000000000004
0 1.453 0.782 0 0.04800000000000004
0 1.453 0.999 0 0.07800000000000007
0 1.453 1.1484999999999999 0 0.04299999999999993
0 1.493 0.3805 0 0.041000000000000036
0 1.493 0.884 0 0.16799999999999993
0 1.493 1.1484999999999999 0 0.04299999999999993
0 1.533 0.39949999999999997 0 0.07900000000000001
0 1.533 0.8465 0 0.09299999999999997
0 1.533 1.147 0 0.040000000000000036
0 1.573 1.146 0 0.04200000000000004
0 1.733 0.382 0 0.244
0 1.773 0.47250000000000003 0 0.11700000000000005
0 1.813 0.3415 0 0.04099999999999998
0 1.853 0.3345 0 0.125
0 1.893 0.8400000000000001 0 0.09399999999999997
0 1.973 0.853 0 0.07400000000000007
0 2.173 0.6665 0 0.050999999999999934
0 2.173 0.8685 0 0.041000000000000036
0 2.213 0.6725 0 0.127
0 2.213 0.8594999999999999 0 0.05500000000000005
0 2.293 0.483 0 0.10200000000000004
0 2.333 0.395 0 0.064
0 2.333 0.5115000000000001 0 0.061000000000000054
0 2.373 0.863 0 0.04800000000000004
0 2.733 0.7295 0 0.10699999999999998
0 2.773 0.8215 0 0.05699999999999994
0 2.813 0.5815 0 0.08499999999999996
0 2.813 0.7705 0 0.09499999999999997
0 2.813 0.9015 0 0.06500000000000006
0 2.813 1.0165 0 0.08499999999999996
0 2.853 0.5775 0 0.04899999999999993
0 2.893 1.23 0 0.04800000000000004
0 3.013 0.514 0 0.04200000000000004
0 3.013 0.7955 0 0.04699999999999993
0 3.013 1.1405 0 0.04899999999999993
0 3.133 0.978 0 0.19799999999999995
0 3.173 0.3805 0 0.041000000000000036
0 3.173 1.035 0 0.09999999999999998
1 1.833625 0.391 0.043157415353563516 0.05
1 2.2744375 0.504 0.0421694868951473 0.05
1 1.453375 0.94 0.040007030632127655 0.05
1 1.776 0.9025 0.035014282800023194 0.05
1 3.1015 0.86 0.040607881008493905 0.05
1 3.15325 0.885 0.04224038352098617 0.05
1 1.3605 0.9 0.042059481689626185 0.05
1 3.0325 1.1225 0.04110960958218893 0.05
1 1.383 1 0.042 0.05
1 1.7405 1.06 0.04346262762420146 0.05
1 2.755875 1.322 0.029522237381336802 0.05
1 2.910125 1.271 0.03700084458495508 0.05
1 1.353 0.8275 0.04019950248448356 0.05
1 1.473 0.803 0.04044749683231337 0.05
1 2.313 0.4485 0.04031128874149274 0.05
1 2.753 0.788 0.04123105625617661 0.05
1 2.793 0.8595 0.04428317965096906 0.05
1 2.813 0.954 0.04 0.05
3 0.9615 0.53625 1.4969999999999999 0.5525
3 2.4585 0.53625 1.4969999999999999 0.5525
3 0.9615 1.08875 1.4969999999999999 0.5525
3 2.4585 1.08875 1.4969999999999999 0.5525