0 0.0645 0.278 0 0.14999999999999997
0 0.26393359375 0.344 0 0.282
0 0.10515625 0.2815 0 0.12699999999999997
0 0.21250000000000002 0.243 0.12500000000000003 0
0 0.30275 0.23650000000000002 0 0.067
0 0.3435625 0.2855 0 0.161
0 0.1955 0.283 0.34299999999999997 0
0 0.055999999999999994 0.323 0.064 0
0 0.2395 0.323 0.17500000000000002 0
0 0.185375 0.388 0 0.124
0 0.303625 0.3795 0 0.07699999999999996
0 0.203 0.403 0.04600000000000001 0
0 0.20450000000000002 0.443 0.091 0
0 0.107125 0.48 0 0.04199999999999998
0 0.1460625 0.47950000000000004 0 0.056999999999999995
0 0.1925 0.523 0.065 0
0 0.26400067138671873 0.7250000000000001 0 0.42000000000000004
0 0.103875 0.5615 0 0.052999999999999936
0 0.2245 0.624 0 0.04800000000000004
0 0.214 0.643 0.08400000000000002 0
0 0.1448125 0.702 0 0.09799999999999998
0 0.303796875 0.7210000000000001 0 0.122
0 0.1745 0.723 0.12099999999999998 0
0 0.1025 0.9199999999999999 0 0.23399999999999987
0 0.203 0.843 0.092 0
0 0.2235 0.883 0.07500000000000001 0
0 0.136 0.923 0.216 0
0 0.136 0.963 0.212 0
0 0.14325 1.0270000000000001 0 0.12200000000000011
0 0.14100000000000001 1.043 0.234 0
0 0.342375 1.0755 0 0.08699999999999997
0 0.2475 1.083 0.239 0
0 0.223375 1.1219999999999999 0 0.06600000000000006
0 0.261625 1.1004999999999998 0 0.06299999999999994
0 0.064 0.8055 0 0.04299999999999993
0 0.064 0.97 0 0.20999999999999996
0 0.144 0.2515 0 0.095
0 0.144 0.873 0 0.1399999999999999
0 0.184 0.253 0 0.09999999999999998
0 0.184 0.567 0 0.16000000000000003
0 0.184 0.812 0 0.22000000000000008
0 0.184 1.0234999999999999 0 0.135
0 0.224 0.38499999999999995 0 0.36
0 0.224 0.883 0 0.3660000000000001
0 0.264 1.0255 0 0.04100000000000015
0 0.304 0.8865000000000001 0 0.05500000000000005
0 0.304 1.0705 0 0.10899999999999999
1 0.26396713256835935 0.5 0.030000074990062072 0.05
1 0.16571875 0.4505 0.039325216544222615 0.05
1 0.1055 0.518 0.03415497767529647 0.05
1 0.16440625 0.619 0.03964416925917354 0.05
1 0.2036875 1.0555 0.039425760931147545 0.05
1 0.2428125 0.916 0.037744411838045645 0.05
1 0.064 0.846 0.038 0.05
1 0.164 0.9495 0.042059481689626185 0.05
3 0.10975 0.44100000000000006 0.1715 0.47600000000000003
3 0.28125 0.44100000000000006 0.17149999999999999 0.47600000000000003
3 0.10975 0.917 0.1715 0.476
3 0.28125 0.917 0.17149999999999999 0.476