0 0.051 0.275 0 0.094
0 0.610625 0.265 0 0.07399999999999998
0 0.107 0.268 0.10600000000000001 0
0 0.35150000000000003 0.268 0.061 0
0 0.691 0.2605 0 0.05699999999999997
0 0.3295 0.44299999999999995 0 0.05399999999999999
0 0.683 0.548 0.07199999999999995 0
0 0.38 0.588 0.068 0
0 0.6895 0.588 0.08499999999999996 0
0 0.37649999999999995 0.628 0.061 0
0 0.2121875 0.7015 0 0.06699999999999995
0 0.570375 0.7305 0 0.125
0 0.377 0.708 0.062 0
0 0.376 0.748 0.06000000000000005 0
0 0.567 0.748 0.04799999999999993 0
0 0.7324999999999999 0.748 0.049000000000000044 0
0 0.4115 0.7625 0 0.133
0 0.7324999999999999 0.788 0.049000000000000044 0
0 0.39249999999999996 0.828 0.09300000000000003 0
0 0.725 0.828 0.06400000000000006 0
0 0.413375 0.893 0 0.050000000000000044
0 0.7210000000000001 0.868 0.07199999999999995 0
0 0.7165 0.908 0.08099999999999996 0
0 0.4085 0.948 0.125 0
0 0.647 0.988 0.12 0
0 0.649 1.028 0.124 0
0 0.6285000000000001 1.068 0.20699999999999996 0
0 0.078 1.108 0.052 0
0 0.2405 1.108 0.21299999999999997 0
0 0.371625 1.1215 0 0.07299999999999995
0 0.6114999999999999 1.108 0.06500000000000006 0
0 0.702 1.108 0.051999999999999935 0
0 0.094 1.148 0.08800000000000001 0
0 0.393 1.148 0.16399999999999998 0
0 0.602 1.148 0.04200000000000004 0
0 0.7224999999999999 1.148 0.06900000000000006 0
0 0.053125 1.1655 0 0.08099999999999996
0 0.13025 1.1575 0 0.06499999999999995
0 0.489 1.181 0 0.1120000000000001
0 0.09 0.27549999999999997 0 0.065
0 0.13 0.2995 0 0.07500000000000001
0 0.17 1.1455 0 0.040999999999999925
0 0.21 0.28400000000000003 0 0.043999999999999984
0 0.21 1.1280000000000001 0 0.04399999999999982
0 0.25 0.7025 0 0.06499999999999995
0 0.25 1.1455 0 0.040999999999999925
0 0.29 1.1455 0 0.040999999999999925
0 0.33 0.28400000000000003 0 0.045999999999999985
0 0.33 1.1360000000000001 0 0.05999999999999983
0 0.37 0.29200000000000004 0 0.06
0 0.37 0.6154999999999999 0 0.05500000000000005
0 0.37 0.766 0 0.11599999999999999
0 0.41 0.257 0 0.04999999999999996
0 0.41 0.629 0 0.08200000000000007
0 0.41 1.06 0 0.20200000000000007
0 0.45 0.257 0 0.04999999999999996
0 0.45 0.9535 0 0.07899999999999996
0 0.45 1.1280000000000001 0 0.050000000000000044
0 0.49 0.2595 0 0.054999999999999966
0 0.53 0.257 0 0.04999999999999996
0 0.57 0.2765 0 0.089
0 0.61 1.051 0 0.18400000000000005
0 0.65 0.2605 0 0.05699999999999997
0 0.65 0.5765 0 0.052999999999999936
0 0.65 0.984 0 0.11599999999999999
0 0.65 1.117 0 0.05600000000000005
0 0.69 0.5645 0 0.040999999999999925
0 0.69 0.8385 0 0.06299999999999994
0 0.69 1.048 0 0.19000000000000006
0 0.73 0.2595 0 0.054999999999999966
0 0.73 0.5655 0 0.04499999999999993
0 0.73 0.8185 0 0.17700000000000005
0 0.73 1.008 0 0.06599999999999995
0 0.73 1.1059999999999999 0 0.06600000000000006
1 0.4124375 0.8485 0.039045046100625876 0.05
1 0.41075 0.7085 0.026043233286210835 0.05
1 0.4116875 0.9385 0.041138675537746715 0.05
1 0.119 1.108 0.03 0.05
1 0.1985 1.128 0.04019950248448356 0.05
1 0.66 1.108 0.032 0.05
1 0.39 0.277 0.044721359549995794 0.05
1 0.73 1.057 0.032 0.05
3 0.22675 0.48025 0.35350000000000004 0.5045000000000001
3 0.58025 0.48025 0.3535 0.5045000000000001
3 0.22675 0.98475 0.35350000000000004 0.5045000000000001
3 0.58025 0.98475 0.3535 0.5045000000000001