0 0.40975 0.2425 0 0.06500000000000003
0 0.44975 0.2305 0 0.07900000000000001
0 0.5249999999999999 0.21 0.09399999999999997 0
0 0.6074375 0.2555 0 0.10899999999999999
0 0.494 0.25 0.40199999999999997 0
0 0.48750000000000004 0.33 0.11100000000000004 0
0 0.445 0.36650000000000005 0 0.05099999999999999
0 0.7 0.69 0.05999999999999994 0
0 0.3325 0.77 0.059 0
0 0.5693125 0.7755000000000001 0 0.07100000000000006
0 0.6455 0.7495 0 0.041000000000000036
0 0.5295 0.865 0 0.10999999999999999
0 0.32925 0.8705 0 0.041000000000000036
0 0.5505 0.85 0.04499999999999993 0
0 0.20825 0.9145 0 0.09699999999999998
0 0.3365 0.89 0.04899999999999999 0
0 0.368 0.771 0 0.062000000000000055
0 0.368 0.9035 0 0.119
0 0.488 0.24 0 0.05600000000000002
0 0.528 0.36550000000000005 0 0.07100000000000001
0 0.568 0.2425 0 0.145
0 0.728 0.2205 0 0.056999999999999995
1 0.54940625 0.8105 0.039825056889476004 0.05
1 0.368 0.823 0.042 0.05
1 0.548 0.2855 0.04272001872658766 0.05
3 0.33868750000000003 0.36825 0.260875 0.39649999999999996
3 0.5995625 0.36825 0.26087499999999997 0.39649999999999996
3 0.33868750000000003 0.76475 0.260875 0.39649999999999996
3 0.5995625 0.76475 0.26087499999999997 0.39649999999999996