0 0.35125 0.2025 0 0.047000000000000014
0 0.5409999999999999 0.189 0.06999999999999995 0
0 0.549375 0.277 0 0.05399999999999999
0 0.536 0.429 0.05999999999999994 0
0 0.66925 0.37 0 0.118
0 0.7526875 0.4605 0 0.09100000000000003
0 0.9930000000000001 0.429 0.17800000000000005 0
0 0.6765 0.546 0 0.15400000000000003
0 0.7505 0.469 0.08300000000000007 0
0 0.833 0.5215 0 0.175
0 0.6859999999999999 0.509 0.04999999999999993 0
0 0.8195 0.509 0.10299999999999998 0
0 0.5405 0.549 0.06899999999999995 0
0 0.81 0.549 0.06999999999999995 0
0 0.9105000000000001 0.549 0.049000000000000044 0
0 0.95825 0.5695 0 0.309
0 0.6910000000000001 0.589 0.07799999999999996 0
0 0.9135 0.589 0.07499999999999996 0
0 0.429875 0.6335 0 0.04300000000000004
0 0.83675 0.654 0 0.050000000000000044
0 0.9255 0.629 0.040999999999999925 0
0 0.1515 0.6615 0 0.049000000000000044
0 0.8105 0.669 0.06299999999999994 0
0 0.577 0.709 0.05799999999999994 0
0 0.9875 0.709 0.18900000000000006 0
0 0.3375 0.789 0.04099999999999998 0
0 0.472 0.7745 0 0.06500000000000006
0 0.552 0.723 0 0.052000000000000046
0 0.592 0.763 0 0.16199999999999992
0 0.712 0.6545 0 0.10099999999999998
0 0.792 0.46199999999999997 0 0.055999999999999994
0 0.792 0.55 0 0.041999999999999926
0 0.872 0.5045 0 0.061000000000000054
0 0.912 0.45299999999999996 0 0.05199999999999999
0 0.912 0.5545 0 0.06899999999999995
0 0.952 0.2855 0 0.04099999999999998
1 0.672875 0.449 0.04065172198074763 0.05
1 0.69425 0.6135 0.04026474885057648 0.05
1 0.7265 0.489 0.04004996878900158 0.05
1 0.8785 0.529 0.04272001872658766 0.05
1 0.792 0.5095 0.039 0.05
3 0.384125 0.34524999999999995 0.46525000000000005 0.33249999999999996
3 0.849375 0.34524999999999995 0.46525000000000005 0.33249999999999996
3 0.384125 0.67775 0.46525000000000005 0.3325
3 0.849375 0.67775 0.46525000000000005 0.3325