0 0.669 0.273 1.108 0
0 1.63325 0.3105 0 0.155
0 0.51675 0.40249999999999997 0 0.32699999999999996
0 1.474875 0.3375 0 0.061
0 0.595001953125 0.78 0 1.0819999999999999
0 1.4565000000000001 0.353 0.5650000000000002 0
0 0.8614999999999999 0.393 0.06300000000000006 0
0 1.355 0.39649999999999996 0 0.09900000000000003
0 1.43625 0.39649999999999996 0 0.09900000000000003
0 1.68225 0.37 0 0.04600000000000004
0 1.076 0.433 0.2300000000000001 0
0 1.2085 0.473 0.09099999999999997 0
0 1.536 0.473 0.06800000000000006 0
0 1.091 0.513 0.33799999999999997 0
0 0.6665 0.553 0.451 0
0 1.185 0.553 0.04400000000000004 0
0 1.238875 0.5475 0 0.15899999999999997
0 1.5295 0.553 0.07499999999999996 0
0 1.629 0.553 0.06400000000000006 0
0 0.64375 0.571 0 0.04399999999999993
0 1.105 0.593 0.28800000000000014 0
0 1.594375 0.7215 0 0.30900000000000005
0 0.26349999999999996 0.633 0.04899999999999999 0
0 0.75475 0.6615 0 0.09899999999999998
0 0.873 0.633 0.05400000000000005 0
0 1.206 0.633 0.06400000000000006 0
0 1.5735000000000001 0.633 0.04699999999999993 0
0 1.685 0.633 0.1080000000000001 0
0 0.28700000000000003 0.673 0.34400000000000003 0
0 1.31775 0.6930000000000001 0 0.039999999999999925
0 1.35175 0.6930000000000001 0 0.039999999999999925
0 1.5725 0.673 0.040999999999999925 0
0 1.6875 0.673 0.05500000000000016 0
0 0.28375 0.6859999999999999 0 0.05399999999999994
0 1.07625 0.735 0 0.07800000000000007
0 1.39375 0.7304999999999999 0 0.05300000000000005
0 1.698 0.713 0.08200000000000007 0
0 0.23275 0.7085 0 0.09899999999999998
0 0.4635 0.753 0.044999999999999984 0
0 1.0614999999999999 0.753 0.22099999999999997 0
0 1.353875 0.773 0 0.05400000000000005
0 1.5975000000000001 0.753 0.09499999999999997 0
0 0.876 0.7795 0 0.07299999999999995
0 1.1115 0.772 0 0.04200000000000004
0 1.4355 0.793 0.6070000000000002 0
0 0.713125 0.849 0 0.07999999999999996
0 1.302 0.833 0.04600000000000004 0
0 1.6195 0.833 0.2390000000000001 0
0 0.41200000000000003 0.873 0.09400000000000003 0
0 1.23775 0.8955 0 0.04500000000000004
0 1.6255000000000002 0.873 0.11499999999999999 0
0 0.27525 0.9975 0 0.08900000000000008
0 0.635375 0.9515 0 0.04899999999999993
0 1.1115 1.132 0 0.378
0 0.526 0.993 0.16999999999999998 0
0 0.7155 0.993 0.07499999999999996 0
0 1.4020000000000001 0.993 0.062000000000000055 0
0 1.51575 1.099 0 0.22199999999999998
0 0.7350000000000001 1.033 0.11399999999999999 0
0 0.8925 1.033 0.119 0
0 1.3995000000000002 1.033 0.050999999999999934 0
0 0.835 1.095 0 0.13600000000000012
0 1.314125 1.1655 0 0.2410000000000001
0 1.5535 1.076 0 0.05600000000000005
0 0.64375 1.1455 0 0.06499999999999995
0 0.698 1.113 0.039999999999999925 0
0 0.4485 1.153 0.667 0
0 1.21 1.153 0.04600000000000004 0
0 0.23475 1.2225000000000001 0 0.19699999999999984
0 0.473 1.1585 0 0.06899999999999995
0 0.51775 1.1585 0 0.06899999999999995
0 0.6890000000000001 1.193 0.06399999999999995 0
0 1.2085 1.193 0.049000000000000155 0
0 1.4609999999999999 1.193 0.10200000000000009 0
0 1.7045 1.193 0.06900000000000017 0
0 0.316 1.2225000000000001 0 0.19699999999999984
0 0.6625 1.233 0.127 0
0 0.9684999999999999 1.233 0.051000000000000045 0
0 1.21 1.233 0.04600000000000004 0
0 1.3285 1.233 0.040999999999999925 0
0 0.8069999999999999 1.273 0.32199999999999995 0
0 1.4529999999999998 1.273 0.08600000000000008 0
0 1.5805 1.273 0.07299999999999995 0
0 0.7090000000000001 1.313 0.10399999999999998 0
0 0.9595 1.313 0.33299999999999985 0
0 1.572 1.313 0.3340000000000001 0
0 0.115 0.6995 0 0.9209999999999999
0 0.195 0.6405000000000001 0 0.07700000000000007
0 0.195 1.1525 0 0.05699999999999994
0 0.235 0.254 0 0.04200000000000001
0 0.315 0.681 0 0.04399999999999993
0 0.355 0.6915 0 0.05899999999999994
0 0.395 0.6855 0 0.06899999999999995
0 0.435 0.6519999999999999 0 0.15400000000000003
0 0.435 0.883 0 0.122
0 0.475 0.261 0 0.043999999999999984
0 0.475 0.7555000000000001 0 0.041000000000000036
0 0.515 0.7915 0 0.05499999999999994
0 0.515 0.9795 0 0.041000000000000036
0 0.675 1.2225000000000001 0 0.19699999999999984
0 0.715 0.255 0 0.04400000000000001
0 0.715 1.127 0 0.2839999999999999
0 0.755 0.998 0 0.10400000000000009
0 0.755 1.2934999999999999 0 0.05499999999999994
0 0.795 0.28300000000000003 0 0.08200000000000002
0 0.795 1.2934999999999999 0 0.05499999999999994
0 0.835 0.26149999999999995 0 0.044999999999999984
0 0.835 1.2934999999999999 0 0.05499999999999994
0 0.875 0.5525 0 0.31699999999999995
0 0.875 1.295 0 0.052000000000000046
0 0.915 1.2675 0 0.10699999999999998
0 0.955 0.7375 0 0.06700000000000006
0 0.955 1.229 0 0.10399999999999987
0 1.115 0.255 0 0.04400000000000001
0 1.115 0.513 0 0.16399999999999998
0 1.195 0.309 0 0.152
0 1.195 0.6114999999999999 0 0.05700000000000005
0 1.195 1.126 0 0.14600000000000013
0 1.195 1.254 0 0.04400000000000004
0 1.235 0.7375 0 0.041000000000000036
0 1.275 0.35550000000000004 0 0.059
0 1.275 0.772 0 0.052000000000000046
0 1.315 0.354 0 0.062
0 1.395 0.39649999999999996 0 0.09900000000000003
0 1.475 1.232 0 0.08400000000000007
0 1.515 0.5945 0 0.04300000000000004
0 1.515 0.806 0 0.09399999999999997
0 1.555 0.603 0 0.512
0 1.555 1.2645 0 0.11299999999999999
0 1.595 0.39649999999999996 0 0.09900000000000003
0 1.635 0.8029999999999999 0 0.14
0 1.675 0.8195 0 0.127
0 1.715 0.3675 0 0.041000000000000036
0 1.715 0.8089999999999999 0 0.05799999999999994
1 1.4555625 0.3575 0.043964651994528516 0.05
1 1.582 0.553 0.03 0.05
1 1.614 0.633 0.034 0.05
1 1.37275 0.7085 0.04295346318982906 0.05
1 1.093875 0.7625 0.04208993347583244 0.05
1 1.6445 0.733 0.0417612260356422 0.05
1 0.213875 0.68 0.04272075022749483 0.05
1 0.8755 0.605 0.032015621187164243 0.05
1 1.535375 1.209 0.03930092238103325 0.05
1 0.8125 1.033 0.041 0.05
1 0.777 1.313 0.032 0.05
1 0.455 0.732 0.04044749683231337 0.05
1 1.195 1.2155 0.033 0.05
1 1.255 0.752 0.0417612260356422 0.05
3 0.521 0.505 0.812 0.544
3 1.3330000000000002 0.505 0.812 0.544
3 0.521 1.049 0.812 0.5439999999999999
3 1.3330000000000002 1.049 0.812 0.5439999999999999