0 0.2815 0.306 0.063 0
0 0.548 0.325 0 0.132
0 0.6645 0.306 0.05899999999999994 0
0 0.505 0.346 0.07600000000000001 0
0 0.499 0.386 0.064 0
0 0.8655 0.35750000000000004 0 0.056999999999999995
0 0.5045000000000001 0.426 0.07500000000000001 0
0 0.78775 0.436 0 0.050000000000000044
0 0.86725 0.487 0 0.12200000000000005
0 0.5486875 0.5105 0 0.15299999999999997
0 0.505 0.546 0.07600000000000001 0
0 0.8380000000000001 0.546 0.11599999999999999 0
0 0.7929999999999999 0.586 0.14400000000000002 0
0 0.45199999999999996 0.626 0.06 0
0 0.54825 0.6815 0 0.11099999999999999
0 0.7965 0.626 0.15100000000000002 0
0 0.7955 0.666 0.14900000000000002 0
0 0.1365 0.706 0.12300000000000001 0
0 0.78875 0.7250000000000001 0 0.08199999999999996
0 0.1535 0.7184999999999999 0 0.05500000000000005
0 0.19125 0.7184999999999999 0 0.05500000000000005
0 0.507 0.746 0.04800000000000004 0
0 0.4294375 0.8245 0 0.11299999999999999
0 0.191125 0.841 0 0.08999999999999997
0 0.31 0.833 0 0.07999999999999996
0 0.4515 0.826 0.18500000000000005 0
0 0.26675 0.899 0 0.06600000000000006
0 0.495 0.866 0.272 0
0 0.387 0.906 0.04999999999999999 0
0 0.4695 0.9019999999999999 0 0.08199999999999996
0 0.593 0.8835 0 0.04500000000000004
0 0.712 0.906 0.14600000000000002 0
0 0.91275 0.9015 0 0.08099999999999996
0 0.9794999999999999 0.906 0.05899999999999994 0
0 0.74 0.946 0.06000000000000005 0
0 0.9435 0.946 0.04699999999999993 0
0 0.49949999999999994 0.986 0.13499999999999995 0
0 0.6759999999999999 0.986 0.05999999999999994 0
0 0.612 1.026 0.21599999999999997 0
0 0.9215 1.026 0.10099999999999998 0
0 0.39349999999999996 1.066 0.063 0
0 0.5889609375 1.151 0 0.19200000000000017
0 0.1455 1.0710000000000002 0 0.07400000000000007
0 0.298 1.106 0.144 0
0 0.42921875 1.174 0 0.15999999999999992
0 0.51075 1.1909999999999998 0 0.18799999999999994
0 0.549125 1.2175 0 0.06899999999999995
0 0.5840000000000001 1.266 0.04799999999999993 0
0 0.229 0.8395 0 0.08699999999999997
0 0.229 1.064 0 0.05600000000000005
0 0.269 1.088 0 0.10399999999999987
0 0.349 1.0339999999999998 0 0.06600000000000006
0 0.389 0.884 0 0.04600000000000004
0 0.389 1.0975 0 0.19300000000000006
0 0.469 0.46499999999999997 0 0.478
0 0.469 1.1135 0 0.281
0 0.509 0.45799999999999996 0 0.22599999999999998
0 0.509 0.6565 0 0.09499999999999997
0 0.549 1.1055 0 0.09699999999999998
0 0.629 1.138 0 0.22799999999999998
0 0.669 0.884 0 0.04600000000000004
0 0.749 0.6399999999999999 0 0.128
0 0.789 0.591 0 0.128
0 0.789 0.9455 0 0.17300000000000004
0 0.829 0.6085 0 0.16699999999999993
0 0.869 0.2585 0 0.054999999999999966
0 0.869 0.644 0 0.07000000000000006
0 0.869 1.017 0 0.050000000000000044
0 0.989 0.898 0 0.07400000000000007
1 0.54834375 0.4125 0.043005495651718746 0.05
1 0.866375 0.406 0.04003826294933385 0.05
1 0.86725 0.3085 0.043142206712220924 0.05
1 0.848125 0.5365 0.04463252737634292 0.05
1 0.54846875 0.6065 0.03900245384908493 0.05
1 0.768875 0.671 0.04449789320855539 0.05
1 0.44946875 0.871 0.04477726997316831 0.05
1 0.288375 0.8695 0.04381281205309698 0.05
1 0.635 0.886 0.040792156108742275 0.05
1 0.46925 0.958 0.030004166377354993 0.05
1 0.9645 0.926 0.04346262762420146 0.05
1 0.708 0.966 0.04019950248448356 0.05
1 0.3255 1.086 0.040792156108742275 0.05
1 0.5490625 1.1545 0.02900026939530045 0.05
3 0.3085 0.49074999999999996 0.467 0.5295
3 0.7755 0.49074999999999996 0.46699999999999986 0.5295
3 0.3085 1.0202499999999999 0.467 0.5295
3 0.7755 1.0202499999999999 0.46699999999999986 0.5295