0 0.53775 0.276 0 0.08200000000000002
0 0.619 0.35150000000000003 0 0.065
0 0.61875 0.496 0 0.05400000000000005
0 0.18 0.549 0.24 0
0 0.478 0.549 0.14000000000000007 0
0 0.097 0.589 0.07600000000000001 0
0 0.495125 0.5785 0 0.06499999999999995
0 0.5905 0.629 0.07299999999999995 0
0 0.09975 0.6875 0 0.06699999999999995
0 0.2575 0.6890000000000001 0 0.039999999999999925
0 0.096 0.21350000000000002 0 0.12900000000000003
0 0.536 0.5515 0 0.119
3 0.201 0.292 0.28400000000000003 0.28600000000000003
3 0.485 0.292 0.284 0.28600000000000003
3 0.201 0.578 0.28400000000000003 0.286
3 0.485 0.578 0.284 0.286