0 0.11125 0.27449999999999997 0 0.056999999999999995
0 0.87075 0.266 0 0.03999999999999998
0 0.911875 0.276 0 0.06
0 0.6705 0.35550000000000004 0 0.177
0 0.474 0.326 0.09800000000000003 0
0 1.198 0.326 0.04600000000000004 0
0 0.3115 0.41800000000000004 0 0.08000000000000002
0 0.43175 0.43300000000000005 0 0.05399999999999999
0 1.18775 0.43000000000000005 0 0.04799999999999999
0 0.8095 0.446 0.04699999999999993 0
0 0.951375 0.434 0 0.040000000000000036
0 1.12 0.446 0.09999999999999987 0
0 1.4075 0.446 0.04300000000000015 0
0 1.470875 0.6555 0 0.09299999999999997
0 1.38975 0.7050000000000001 0 0.04799999999999993
0 1.1925 0.726 0.05700000000000016 0
0 1.428 0.726 0.050000000000000044 0
0 1.1869999999999998 0.766 0.04600000000000004 0
0 1.232125 0.77 0 0.062000000000000055
0 1.3899375 0.8725 0 0.20099999999999996
0 0.6005 0.846 0.09899999999999998 0
0 1.399 0.846 0.08199999999999985 0
0 1.404 0.886 0.08600000000000008 0
0 1.512 1.14 0 0.5079999999999999
0 0.195 0.926 0.17000000000000004 0
0 0.5635 0.926 0.21500000000000002 0
0 0.888 0.926 0.20599999999999996 0
0 1.2745000000000002 0.926 0.32499999999999996 0
0 1.5825 0.926 0.16100000000000003 0
0 0.191 0.9550000000000001 0 0.061999999999999944
0 0.513875 0.9615 0 0.07299999999999995
0 0.651 0.966 0.07599999999999996 0
0 0.91125 0.9450000000000001 0 0.041999999999999926
0 0.947875 0.9495 0 0.050999999999999934
0 1.30775 0.9585 0 0.06899999999999995
0 1.4025 0.966 0.10499999999999998 0
0 0.46475 0.9655 0 0.08099999999999996
0 0.6665 1.006 0.04899999999999993 0
0 0.8180000000000001 1.006 0.06399999999999995 0
0 1.5215 1.006 0.04299999999999993 0
0 0.178 1.046 0.096 0
0 0.46425 1.2080000000000002 0 0.32400000000000007
0 1.6325 1.046 0.06099999999999994 0
0 0.47 1.086 0.043999999999999984 0
0 0.6695 1.086 0.050999999999999934 0
0 0.948625 1.109 0 0.04599999999999982
0 0.9905 1.111 0 0.04999999999999982
0 1.0445 1.086 0.052999999999999936 0
0 0.1115 1.168 0 0.08400000000000007
0 0.3893125 1.1625 0 0.11699999999999999
0 0.602 1.126 0.05400000000000005 0
0 0.8320000000000001 1.126 0.09799999999999998 0
0 1.5825 1.126 0.16100000000000003 0
0 0.359 1.166 0.045999999999999985 0
0 0.8319375 1.169 0 0.1160000000000001
0 0.20750000000000002 1.206 0.04300000000000001 0
0 0.3755 1.206 0.07899999999999996 0
0 0.5914375 1.2205 0 0.06899999999999995
0 0.841 1.206 0.10999999999999999 0
0 0.9895 1.2265 0 0.04899999999999993
0 0.871375 1.2375 0 0.06499999999999995
0 0.9545 1.246 0.07299999999999995 0
0 0.5555 1.286 0.09099999999999997 0
0 0.6795 1.286 0.052999999999999936 0
0 0.831375 1.327 0 0.1339999999999999
0 0.229125 1.3295 0 0.07099999999999995
0 0.4475 1.326 0.09299999999999997 0
0 0.5145 1.308 0 0.11799999999999988
0 0.8675 1.3599999999999999 0 0.06799999999999984
0 0.34825 1.248 0 0.2360000000000002
0 0.8135 1.366 0.05499999999999994 0
0 0.9515 1.366 0.06699999999999995 0
0 1.1485 1.366 0.10899999999999999 0
0 1.4075000000000002 1.366 0.06699999999999995 0
0 1.5825 1.366 0.16100000000000003 0
0 0.15 1.029 0 0.05999999999999994
0 0.19 0.437 0 0.04200000000000004
0 0.27 0.437 0 0.04200000000000004
0 0.47 0.438 0 0.04400000000000004
0 0.55 0.438 0 0.04400000000000004
0 0.55 1.2205 0 0.06899999999999995
0 0.59 0.438 0 0.04400000000000004
0 0.63 0.9325 0 0.10899999999999999
0 0.63 1.1375000000000002 0 0.06699999999999995
0 0.79 0.877 0 1.0339999999999998
0 0.83 0.432 0 0.040000000000000036
0 0.83 1.033 0 0.06799999999999995
0 0.87 0.434 0 0.040000000000000036
0 0.87 0.96 0 0.07199999999999995
0 0.91 0.434 0 0.040000000000000036
0 0.91 1.0234999999999999 0 0.04100000000000015
0 0.99 0.434 0 0.040000000000000036
0 0.99 0.952 0 0.05999999999999994
0 1.03 0.434 0 0.040000000000000036
0 1.07 0.434 0 0.040000000000000036
0 1.07 1.065 0 0.052000000000000046
0 1.19 0.766 0 0.05400000000000005
0 1.19 0.9219999999999999 0 0.12
0 1.27 0.433 0 0.04200000000000004
0 1.27 0.9005 0 0.07699999999999996
0 1.31 0.434 0 0.040000000000000036
0 1.35 0.434 0 0.040000000000000036
0 1.35 0.9259999999999999 0 0.128
0 1.43 0.9039999999999999 0 0.98
0 1.55 0.9265 0 0.04499999999999993
0 1.59 0.9239999999999999 0 0.039999999999999925
0 1.59 1.081 0 0.1200000000000001
0 1.63 1.1115 0 0.05499999999999994
1 1.38984375 0.7505 0.043000408791661504 0.05
1 0.1705 0.9925 0.04301162633521314 0.05
1 0.910625 0.9845 0.03702110884346929 0.05
1 1.288875 0.9275 0.04062096133771332 0.05
1 0.4645 1.026 0.04000312487793922 0.05
1 0.635 1.106 0.04272001872658766 0.05
1 0.83165625 1.2435 0.03300479368591781 0.05
1 0.83096875 1.113 0.04404263736710144 0.05
1 0.61071875 1.1795 0.041377124190185084 0.05
1 0.501 1.306 0.04308131845707603 0.05
1 0.85 0.9955 0.04011234224026316 0.05
3 0.49824999999999997 0.5329999999999999 0.7765 0.574
3 1.27475 0.5329999999999999 0.7765000000000001 0.574
3 0.49824999999999997 1.107 0.7765 0.574
3 1.27475 1.107 0.7765000000000001 0.574