0 0.40950000000000003 0.228 0.717 0
0 0.40950000000000003 0.268 0.717 0
0 0.40950000000000003 0.308 0.717 0
0 0.40950000000000003 0.348 0.717 0
0 0.40950000000000003 0.388 0.717 0
0 0.40950000000000003 0.428 0.717 0
0 0.40950000000000003 0.468 0.717 0
0 0.40950000000000003 0.508 0.717 0
0 0.40950000000000003 0.548 0.717 0
0 0.40950000000000003 0.588 0.717 0
0 0.40950000000000003 0.628 0.717 0
0 0.40950000000000003 0.668 0.717 0
0 0.40950000000000003 0.708 0.717 0
0 0.41000000000000003 0.748 0.716 0
0 0.40950000000000003 0.788 0.717 0
0 0.40950000000000003 0.828 0.717 0
0 0.40950000000000003 0.868 0.717 0
0 0.40950000000000003 0.908 0.717 0
0 0.40950000000000003 0.948 0.717 0
0 0.40950000000000003 0.988 0.717 0
0 0.40950000000000003 1.028 0.717 0
0 0.40950000000000003 1.068 0.717 0
0 0.091 0.629 0 0.8820000000000001
0 0.131 0.629 0 0.8820000000000001
0 0.171 0.629 0 0.8820000000000001
0 0.211 0.629 0 0.8820000000000001
0 0.251 0.629 0 0.8820000000000001
0 0.291 0.629 0 0.8820000000000001
0 0.331 0.629 0 0.8820000000000001
0 0.371 0.629 0 0.8820000000000001
0 0.411 0.629 0 0.8820000000000001
0 0.451 0.629 0 0.8820000000000001
0 0.491 0.629 0 0.8820000000000001
0 0.531 0.629 0 0.8820000000000001
0 0.571 0.629 0 0.8820000000000001
0 0.611 0.629 0 0.8820000000000001
0 0.651 0.629 0 0.8820000000000001
0 0.691 0.629 0 0.8820000000000001
0 0.731 0.629 0 0.8820000000000001
3 0.23024999999999998 0.4085 0.3585 0.441
3 0.58875 0.4085 0.35850000000000004 0.441
3 0.23024999999999998 0.8495 0.3585 0.44100000000000006
3 0.58875 0.8495 0.35850000000000004 0.44100000000000006