0 0.401046875 0.664 0 0.752
0 0.28 0.408 0.07200000000000001 0
0 0.27949999999999997 0.648 0.056999999999999995 0
0 0.3203125 0.7565 0 0.29300000000000004
0 0.598125 0.7155 0 0.05500000000000005
0 0.124875 0.8 0 0.06399999999999995
0 0.28500000000000003 0.768 0.062 0
0 0.28175 0.774 0 0.07799999999999996
0 0.319375 1.2355 0 0.6149999999999999
0 0.383 0.968 0.062 0
0 0.47450000000000003 0.968 0.04099999999999998 0
0 0.085 1.0285 0 0.05500000000000016
0 0.282625 1.02 0 0.040000000000000036
0 0.076 1.048 0.066 0
0 0.084625 1.1125 0 0.04899999999999993
0 0.07250000000000001 1.128 0.051000000000000004 0
0 0.3635 1.2069999999999999 0 0.07800000000000007
0 0.1765 1.328 0.04500000000000001 0
0 0.119 1.4969999999999999 0 0.09800000000000009
0 0.11549999999999999 1.488 0.133 0
0 0.29900000000000004 1.488 0.08800000000000002 0
0 0.240125 1.5474999999999999 0 0.08500000000000019
0 0.283 1.5394999999999999 0 0.04500000000000015
0 0.571 1.528 0.10999999999999999 0
0 0.535 1.568 0.182 0
0 0.5409999999999999 1.608 0.04399999999999993 0
0 0.081 1.553 0 0.15799999999999992
0 0.201 1.326 0 0.050000000000000044
0 0.201 1.5605 0 0.04899999999999993
0 0.281 0.633 0 0.04400000000000004
0 0.321 0.4195 0 0.07500000000000001
0 0.361 0.9744999999999999 0 0.051000000000000045
0 0.481 1.5635 0 0.05300000000000016
0 0.521 1.4985 0 0.040999999999999925
0 0.521 1.5815000000000001 0 0.04699999999999993
0 0.561 1.0265 0 0.051000000000000156
0 0.561 1.3845 0 0.06099999999999994
0 0.561 1.595 0 0.07399999999999984
0 0.601 1.5234999999999999 0 0.09099999999999997
1 0.31984375 0.9155 0.025017571949531792 0.05
1 0.3011875 1.53 0.04471175041306256 0.05
1 0.434 0.968 0.04 0.05
1 0.0848125 1.072 0.03200219719019305 0.05
1 0.501 1.534 0.043863424398922615 0.05
1 0.581 1.555 0.041484937025383084 0.05
3 0.18875 0.624 0.29150000000000004 0.6719999999999999
3 0.48025 0.624 0.2915 0.6719999999999999
3 0.18875 1.2959999999999998 0.29150000000000004 0.6719999999999999
3 0.48025 1.2959999999999998 0.2915 0.6719999999999999