0 0.15928125 0.194 0 0.094
0 0.118625 0.2445 0 0.127
0 0.1795 0.187 0.05099999999999999 0
0 0.4 0.187 0.062 0
0 0.256 0.227 0.07399999999999998 0
0 0.520375 0.2495 0 0.06499999999999997
0 0.558625 0.226 0 0.064
0 0.136 0.267 0.06000000000000001 0
0 0.2405 0.2485 0 0.05500000000000002
0 0.0645 0.347 0.051 0
0 0.279 0.22949999999999998 0 0.04100000000000001
0 0.399 0.1875 0 0.044999999999999984
1 0.212 0.207 0.04237924020083418 0.05
3 0.16890624999999998 0.197 0.2598125 0.1
3 0.42871875000000004 0.197 0.25981250000000006 0.1
3 0.16890624999999998 0.297 0.2598125 0.09999999999999998
3 0.42871875000000004 0.297 0.25981250000000006 0.09999999999999998