0 0.7815 0.25 0.32499999999999996 0
0 1.2685 0.25 0.4950000000000001 0
0 0.66175 0.636 0 0.39999999999999997
0 0.1935 0.65 0.18499999999999997 0
0 0.617 0.65 0.06800000000000006 0
0 1.2633125 0.7050000000000001 0 0.07599999999999996
0 0.34375 0.981 0 0.42199999999999993
0 0.5005625 0.8260000000000001 0 0.11199999999999999
0 0.57975 0.788 0 0.09599999999999997
0 0.86225 0.9380000000000001 0 0.3360000000000001
0 0.78175 0.813 0 0.06599999999999995
0 0.89975 0.798 0 0.04399999999999993
0 0.5845 0.85 0.49699999999999994 0
0 0.498625 0.9265 0 0.07299999999999995
0 0.6205 0.89 0.07100000000000006 0
0 0.701 0.8899999999999999 0 0.10599999999999998
0 1.179875 0.991 0 0.04200000000000004
0 1.1615000000000002 1.01 0.07499999999999996 0
0 1.161 1.05 0.07399999999999984 0
0 1.26825 1.121 0 0.1419999999999999
0 0.552 1.09 0.07599999999999996 0
0 0.8634999999999999 1.09 0.04500000000000004 0
0 0.5225 1.13 0.10499999999999998 0
0 0.581 0.4525 0 0.044999999999999984
0 0.581 1.1484999999999999 0 0.08699999999999997
0 0.621 0.6475 0 0.04500000000000004
0 0.981 0.8035 0 0.07699999999999996
0 1.141 1.0645 0 0.040999999999999925
0 1.181 1.0665 0 0.040999999999999925
1 0.681375 0.8365 0.03926273678693323 0.05
1 1.1804375 1.029 0.03401860704085339 0.05
3 0.45475 0.4855 0.7075 0.471
3 1.16225 0.4855 0.7075 0.471
3 0.45475 0.9564999999999999 0.7075 0.471
3 1.16225 0.9564999999999999 0.7075 0.471