0 0.1885 0.406 0.044999999999999984 0
0 1.424 0.406 0.06600000000000006 0
0 1.673 0.406 0.20999999999999996 0
0 0.1905 0.446 0.04899999999999999 0
0 1.112 0.446 0.06600000000000006 0
0 1.678 0.446 0.19999999999999996 0
0 1.548 0.486 0.27 0
0 1.71425 0.5449999999999999 0 0.15200000000000002
0 1.758 0.486 0.040000000000000036 0
0 1.5955 0.526 0.365 0
0 1.1164999999999998 0.566 0.07099999999999995 0
0 1.5845 0.566 0.387 0
0 0.182 0.606 0.062 0
0 1.3445 0.606 0.04499999999999993 0
0 1.5955 0.606 0.365 0
0 1.552 0.646 0.278 0
0 1.7525 0.646 0.050999999999999934 0
0 1.17 0.686 0.07400000000000007 0
0 1.591 0.686 0.21399999999999997 0
0 1.7535 0.686 0.04899999999999993 0
0 1.1125 0.726 0.08499999999999996 0
0 1.631 0.726 0.29400000000000004 0
0 0.189 0.766 0.06 0
0 0.4345 0.766 0.07299999999999995 0
0 1.5525 0.766 0.2749999999999999 0
0 1.7570000000000001 0.766 0.04200000000000004 0
0 0.1935 0.806 0.05099999999999999 0
0 0.47150000000000003 0.806 0.12900000000000006 0
0 0.8245 0.806 0.05499999999999994 0
0 1.5955 0.806 0.365 0
0 0.1925 0.846 0.04899999999999999 0
0 0.43300000000000005 0.846 0.23400000000000004 0
0 0.9359999999999999 0.846 0.09799999999999998 0
0 1.041875 0.864 0 0.09600000000000009
0 1.08025 0.8654999999999999 0 0.09900000000000009
0 1.5685 0.846 0.371 0
0 0.1905 0.886 0.044999999999999984 0
0 0.2425 0.9075 0 0.04300000000000004
0 0.4615 0.886 0.299 0
0 1.5795 0.886 0.32899999999999996 0
0 0.22100000000000003 0.926 0.10200000000000001 0
0 1.0670000000000002 0.926 0.05800000000000005 0
0 1.6720000000000002 0.926 0.21199999999999997 0
0 0.2425 0.966 0.145 0
0 0.3725 0.966 0.05500000000000005 0
0 1.6440000000000001 0.966 0.268 0
0 0.202 1.006 0.064 0
0 0.27775 1.0495 0 0.30899999999999994
0 1.6245 1.006 0.2290000000000001 0
0 0.399 1.052 0 0.08000000000000007
0 0.4795 1.0565 0 0.09299999999999997
0 1.1235 1.046 0.06699999999999995 0
0 1.6440000000000001 1.046 0.268 0
0 0.183 1.086 0.043999999999999984 0
0 0.8685 1.086 0.1389999999999999 0
0 1.072 1.086 0.16200000000000003 0
0 1.3425 1.086 0.06099999999999994 0
0 0.984 1.126 0.374 0
0 0.1905 1.166 0.056999999999999995 0
0 0.400375 1.1644999999999999 0 0.07300000000000018
0 0.8660000000000001 1.166 0.14200000000000002 0
0 1.075 1.166 0.16800000000000004 0
0 0.1925 1.206 0.04100000000000001 0
0 0.383 1.206 0.132 0
0 0.8705 1.206 0.1429999999999999 0
0 1.117 1.206 0.10199999999999987 0
0 1.5135 1.25 0 0.08800000000000008
0 0.975 1.246 1.606 0
0 0.5924999999999999 1.286 0.8489999999999999 0
0 1.234 1.286 0.18599999999999994 0
0 1.5015 1.286 0.11299999999999999 0
0 1.714 1.286 0.06000000000000005 0
0 0.573 1.326 0.16800000000000004 0
0 0.7164999999999999 1.326 0.051000000000000045 0
0 0.9605 1.326 0.04699999999999993 0
0 1.1084999999999998 1.326 0.18300000000000005 0
0 0.3975 1.3965 0 0.06299999999999994
0 0.492 1.366 0.04999999999999999 0
0 0.75803125 1.399 0 0.1419999999999999
0 0.8614999999999999 1.366 0.05300000000000005 0
0 0.919375 1.3304999999999998 0 0.09899999999999998
0 0.998875 1.2645 0 0.41500000000000004
0 1.135 1.366 0.1120000000000001 0
0 0.41900000000000004 1.406 0.05399999999999999 0
0 0.79875 1.3555000000000001 0 0.24499999999999988
0 0.9725 1.406 0.19100000000000006 0
0 1.1495000000000002 1.406 0.10299999999999998 0
0 0.6885 1.446 0.399 0
0 0.92075 1.466 0 0.040000000000000036
0 1.0745 1.446 0.2330000000000001 0
0 0.847 1.486 0.7160000000000001 0
0 0.8580000000000001 1.566 0.10999999999999999 0
0 0.7215 1.606 0.05700000000000005 0
0 1.04 1.6225 0 0.07299999999999995
0 0.9225 1.6375000000000002 0 0.04699999999999993
0 1.0035 1.646 0.08100000000000007 0
0 1.7535 1.926 0.04899999999999993 0
0 1.5975000000000001 1.966 0.04699999999999993 0
0 1.531 2.046 0.06000000000000005 0
0 1.687 2.046 0.18199999999999994 0
0 1.60025 2.1045 0 0.10699999999999976
0 1.7075 2.086 0.14100000000000001 0
0 1.7105000000000001 2.126 0.135 0
0 1.6 2.2335000000000003 0 0.13500000000000023
0 0.198 0.7230000000000001 0 0.634
0 0.198 1.2225000000000001 0 0.15900000000000003
0 0.238 1.2655 0 0.08499999999999996
0 0.278 1.266 0 0.04800000000000004
0 0.318 0.8625 0 0.09300000000000008
0 0.318 1.23 0 0.11799999999999988
0 0.358 0.862 0 0.09200000000000008
0 0.358 1.236 0 0.14400000000000013
0 0.398 0.8574999999999999 0 0.08300000000000007
0 0.398 1.266 0 0.05600000000000005
0 0.438 0.8285 0 0.137
0 0.438 1.2355 0 0.10699999999999998
0 0.438 1.4005 0 0.05899999999999994
0 0.478 0.8360000000000001 0 0.15200000000000002
0 0.478 1.2635 0 0.050999999999999934
0 0.478 1.3904999999999998 0 0.05899999999999994
0 0.518 0.849 0 0.10599999999999998
0 0.518 1.363 0 0.242
0 0.558 1.3005 0 0.11299999999999999
0 0.558 1.4575 0 0.052999999999999936
0 0.598 1.3565 0 0.2250000000000001
0 0.638 1.28 0 0.07200000000000006
0 0.638 1.4745 0 0.08699999999999997
0 0.678 1.278 0 0.06800000000000006
0 0.678 1.4565000000000001 0 0.050999999999999934
0 0.718 1.3395000000000001 0 0.19500000000000006
0 0.718 1.4954999999999998 0 0.04699999999999993
0 0.758 1.271 0 0.05800000000000005
0 0.798 0.63 0 0.44799999999999995
0 0.798 1.0979999999999999 0 0.07800000000000007
0 0.838 0.8045 0 0.05899999999999994
0 0.838 1.2675 0 0.41300000000000003
0 0.838 1.5765 0 0.08300000000000018
0 0.878 0.8005 0 0.06299999999999994
0 0.878 1.2725 0 0.42300000000000004
0 0.878 1.5474999999999999 0 0.05899999999999994
0 0.918 0.812 0 0.07799999999999996
0 0.918 1.141 0 0.22399999999999998
0 0.918 1.5535 0 0.07099999999999995
0 0.958 0.8069999999999999 0 0.06799999999999995
0 0.958 1.361 0 0.246
0 0.958 1.6225 0 0.07299999999999995
0 0.998 1.6185 0 0.06499999999999995
0 1.038 1.0845 0 0.04700000000000015
0 1.038 1.1640000000000001 0 0.04600000000000004
0 1.038 1.3535 0 0.2649999999999999
0 1.078 1.1885 0 0.2590000000000001
0 1.078 1.409 0 0.12199999999999989
0 1.118 0.7949999999999999 0 0.051999999999999935
0 1.118 1.2715 0 0.42500000000000004
0 1.158 0.7945 0 0.052999999999999936
0 1.158 1.1315 0 0.44699999999999995
0 1.158 1.4375 0 0.09699999999999998
0 1.198 1.363 0 0.242
0 1.238 1.268 0 0.052000000000000046
0 1.278 0.798 0 0.04599999999999993
0 1.278 1.268 0 0.052000000000000046
0 1.318 0.798 0 0.04599999999999993
0 1.318 1.2705 0 0.05699999999999994
0 1.358 0.798 0 0.04599999999999993
0 1.358 1.2685 0 0.04899999999999993
0 1.398 1.2715 0 0.05499999999999994
0 1.438 0.505 0 0.192
0 1.438 0.8085 0 0.2230000000000001
0 1.438 1.266 0 0.04400000000000004
0 1.478 0.528 0 0.15199999999999997
0 1.478 0.8345 0 0.17100000000000004
0 1.478 1.278 0 0.07200000000000006
0 1.518 0.697 0 0.48999999999999994
0 1.558 0.6755 0 0.451
0 1.558 1.0125 0 0.10099999999999998
0 1.558 1.2730000000000001 0 0.062000000000000055
0 1.598 0.734 0 0.656
0 1.598 1.2685 0 0.04899999999999993
0 1.598 1.9055 0 0.23299999999999987
0 1.638 0.7315 0 0.6509999999999999
0 1.638 1.272 0 0.05600000000000005
0 1.678 0.7745 0 0.7229999999999999
0 1.678 1.274 0 0.06000000000000005
0 1.678 2.082 0 0.10400000000000009
0 1.718 0.42600000000000005 0 0.03999999999999998
0 1.718 0.6965 0 0.07899999999999996
0 1.718 0.8915 0 0.22899999999999998
0 1.718 1.074 0 0.06400000000000006
0 1.718 1.263 0 0.050000000000000044
0 1.718 2.1075 0 0.05699999999999994
0 1.758 0.492 0 0.17199999999999993
0 1.758 0.782 0 0.14
0 1.758 0.9275 0 0.07299999999999995
0 1.758 1.174 0 0.248
0 1.758 1.6135 0 0.052999999999999936
0 1.758 2.051 0 0.04599999999999982
1 1.716125 0.639 0.03619478553604096 0.05
1 1.099125 0.842 0.03807968618568173 0.05
1 0.33 0.966 0.03 0.05
1 0.257875 1.2135 0.04405749085002458 0.05
1 0.3996875 1.11 0.036026249110891355 0.05
1 0.3991875 1.2195 0.03707614630729574 0.05
1 1.017 1.306 0.04 0.05
1 0.674 1.326 0.034 0.05
1 0.738015625 1.471 0.04008117982997133 0.05
1 0.758015625 1.356 0.02800001743861064 0.05
1 0.8825 1.386 0.041484937025383084 0.05
1 0.9186875 1.2045 0.028033740831362484 0.05
1 1.034 1.386 0.041484937025383084 0.05
1 0.919375 1.502 0.03211794669651221 0.05
1 0.92025 1.5895 0.025401771591761074 0.05
1 1.5785 2.046 0.035 0.05
1 1.599125 1.9735 0.0290871535217869 0.05
1 1.038 1.1245 0.033 0.05
1 1.038 1.204 0.034 0.05
1 1.078 1.333 0.03 0.05
1 1.158 1.372 0.034 0.05
1 1.538 0.952 0.044721359549995794 0.05
1 1.718 0.7565 0.041 0.05
1 1.718 1.024 0.036 0.05
1 1.738 2.082 0.04031128874149274 0.05
1 1.758 0.8715 0.039 0.05
3 0.55775 0.87975 0.8135 0.9474999999999999
3 1.37125 0.87975 0.8135 0.9474999999999999
3 0.55775 1.82725 0.8135 0.9475000000000002
3 1.37125 1.82725 0.8135 0.9475000000000002