0 0.7845 0.72 0.42500000000000004 0
0 0.07 0.1665 0 0.181
0 0.37 0.3065 0 0.451
0 0.435 0.194 0 0.22999999999999998
0 0.851 0.253 0.05800000000000005 0
0 0.9695 0.253 0.05300000000000005 0
0 0.7235 0.269 0.11699999999999999 0
0 0.40800000000000003 0.397 0.08200000000000002 0
0 0.491 0.405 0.08000000000000002 0
0 0.3055 0.709 0.065 0
0 0.077 0.157 0 0.14400000000000002
0 0.093 0.185 0 0.17600000000000002
0 0.269 0.6845 0 0.07299999999999995
0 0.365 0.364 0 0.07200000000000001
0 0.565 0.136 0 0.08399999999999999
0 0.581 0.486 0 0.238
0 0.613 0.20850000000000002 0 0.07499999999999998
0 0.981 0.563 0 0.10799999999999998
0 0.981 0.6655 0 0.05699999999999994
1 0.7725 0.261 0.04308131845707603 0.05
2 0.7136666666666667 0.72 0.035 0.05
2 0.8553333333333333 0.72 0.035 0.05
2 0.07 0.1665 0.035 0.05
2 0.37 0.19375 0.035 0.05
2 0.37 0.3065 0.035 0.05
2 0.37 0.41925 0.035 0.05
3 0.30174999999999996 0.23725000000000002 0.46349999999999997 0.3225
3 0.76525 0.23725000000000002 0.4635 0.3225
3 0.30174999999999996 0.55975 0.46349999999999997 0.32249999999999995
3 0.76525 0.55975 0.4635 0.32249999999999995