0 0.28375 0.72 0 0.040000000000000036
0 0.377 0.7 0.08799999999999997 0
0 0.633 0.7 0.06400000000000006 0
0 1.045375 0.7575 0 0.11499999999999999
0 0.35150000000000003 0.74 0.04299999999999998 0
0 0.84571875 0.7625 0 0.11699999999999999
0 0.348 0.78 0.03999999999999998 0
0 0.64475 1.1225 0 0.685
0 1.576 0.78 0.052000000000000046 0
0 0.6715 0.82 0.05899999999999994 0
0 0.8685 0.82 0.07100000000000006 0
0 1.175 0.82 0.47799999999999987 0
0 0.263 0.86 0.04199999999999998 0
0 0.35 0.86 0.03999999999999998 0
0 2.0175 0.86 0.05699999999999972 0
0 0.3695 0.9 0.07899999999999996 0
0 0.35750000000000004 0.94 0.046999999999999986 0
0 0.2845 1.408 0 0.8560000000000001
0 0.357 0.98 0.043999999999999984 0
0 0.763 0.98 0.04800000000000004 0
0 1.41375 1.0394999999999999 0 0.119
0 1.483125 1.018 0 0.07600000000000007
0 0.764 1.02 0.05400000000000005 0
0 0.9155 1.02 0.07099999999999995 0
0 0.9695 1.0255 0 0.050999999999999934
0 1.4635 1.02 0.052999999999999936 0
0 0.35750000000000004 1.06 0.04299999999999998 0
0 0.9325 1.0314999999999999 0 0.05700000000000016
0 1.045375 1.0835 0 0.04699999999999993
0 1.421 1.06 0.040000000000000036 0
0 0.44875 1.0865 0 0.040999999999999925
0 0.6595 1.1 0.05500000000000005 0
0 1.2075 1.1 0.543 0
0 0.4485 1.1705 0 0.061000000000000165
0 0.84525 1.302 0 0.3380000000000001
0 1.045375 1.339 0 0.39800000000000013
0 1.3305 1.16 0 0.040000000000000036
0 1.4455 1.14 0.05699999999999994 0
0 1.5975 1.14 0.08899999999999997 0
0 0.383 1.18 0.09399999999999997 0
0 1.24425 1.206 0 0.052000000000000046
0 1.40975 1.1724999999999999 0 0.04500000000000015
0 0.357 1.22 0.03999999999999998 0
0 1.127625 1.234 0 0.08199999999999985
0 1.645125 1.217 0 0.062000000000000055
0 0.357 1.26 0.03999999999999998 0
0 1.0845 1.2705 0 0.040999999999999925
0 1.195 1.26 0.052000000000000046 0
0 1.3585 1.26 0.06099999999999994 0
0 1.3666875 1.359 0 0.09399999999999986
0 2.123875 1.3525 0 0.04899999999999993
0 1.3285 1.38 0.08899999999999997 0
0 0.35450000000000004 1.42 0.04099999999999998 0
0 1.2448125 1.524 0 0.20799999999999996
0 1.452 1.42 0.10199999999999987 0
0 1.5975000000000001 1.42 0.09099999999999997 0
0 0.386 1.46 0.13 0
0 0.92525 1.5025 0 0.10299999999999998
0 0.97075 1.492 0 0.08400000000000007
0 1.08625 1.5030000000000001 0 0.1060000000000001
0 1.178 1.46 0.08400000000000007 0
0 1.3225 1.5154999999999998 0 0.131
0 1.451 1.46 0.07800000000000007 0
0 0.167625 1.496 0 0.053999999999999826
0 0.2463125 1.509 0 0.07400000000000007
0 0.3775 1.5 0.11299999999999999 0
0 0.44925 1.4965 0 0.08099999999999996
0 1.1935 1.5 0.569 0
0 0.377 1.54 0.10999999999999999 0
0 0.767 1.5699999999999998 0 0.13400000000000012
0 1.217 1.54 0.582 0
0 0.38 1.58 0.11599999999999999 0
0 1.36225 1.5445 0 0.07100000000000017
0 0.24825 1.6084999999999998 0 0.04699999999999993
0 0.649375 1.6475 0 0.05499999999999994
0 1.124 1.6295 0 0.06899999999999995
0 0.92725 1.635 0 0.08599999999999985
0 1.0790000000000002 1.66 0.09000000000000008 0
0 1.165 1.6405 0 0.07299999999999995
0 1.4478125 1.6905000000000001 0 0.1010000000000002
0 2.365375 1.6789999999999998 0 0.05800000000000005
0 0.56675 1.6835 0 0.09299999999999997
0 0.247375 1.726 0 0.05799999999999983
0 1.0554999999999999 1.74 0.07899999999999996 0
0 0.491 1.78 0.04200000000000004 0
0 1.085 1.7574999999999998 0 0.05499999999999994
0 1.0015 1.82 0.05899999999999994 0
0 2.1325 1.844 0 0.04800000000000004
0 0.4455 1.9045 0 0.08899999999999997
0 0.512 1.86 0.08000000000000007 0
0 0.96525 1.8635000000000002 0 0.06299999999999994
0 1.04475 1.827 0 0.10400000000000009
0 1.6949999999999998 1.86 0.42999999999999994 0
0 1.963375 1.8985 0 0.11699999999999999
0 2.0460000000000003 1.86 0.1080000000000001 0
0 2.2315 1.86 0.09499999999999975 0
0 2.46 1.86 0.07200000000000006 0
0 0.64825 1.9235 0 0.052999999999999936
0 1.489 1.866 0 0.06799999999999984
0 1.607 1.9100000000000001 0 0.1279999999999999
0 1.643 1.8744999999999998 0 0.050999999999999934
0 1.7029999999999998 1.9 0.04600000000000004 0
0 1.893 1.875 0 0.04999999999999982
0 1.9665 1.9 0.05499999999999994 0
0 2.04725 1.8940000000000001 0 0.07000000000000006
0 0.166625 1.9689999999999999 0 0.11999999999999988
0 1.7149999999999999 1.94 0.08600000000000008 0
0 1.12875 1.9745 0 0.04500000000000015
0 1.604125 2.018 0 0.07600000000000007
0 1.7345 1.98 0.17700000000000005 0
0 1.9929999999999999 1.98 0.039999999999999813 0
0 0.44525 2.4715 0 0.903
0 0.3715 2.06 0.14700000000000002 0
0 1.927 2.1325000000000003 0 0.14500000000000002
0 0.2466875 2.1135 0 0.06899999999999995
0 0.372 2.1 0.15200000000000002 0
0 0.52625 2.1265 0 0.052999999999999936
0 0.9584999999999999 2.1 0.1529999999999999 0
0 1.55 2.1 0.06000000000000005 0
0 1.7085 2.1 0.05700000000000016 0
0 1.765625 2.112 0 0.07600000000000007
0 1.8424999999999998 2.1 0.08299999999999996 0
0 2.186 2.1 0.09600000000000009 0
0 0.4095 2.14 0.22500000000000003 0
0 1.086375 2.1265 0 0.06099999999999994
0 2.1605 2.14 0.04499999999999993 0
0 0.372 2.18 0.14600000000000002 0
0 1.60525 2.15 0 0.08800000000000008
0 2.00775 2.1685 0 0.04499999999999993
0 0.2065625 2.2545 0 0.07299999999999995
0 0.3725 2.22 0.15100000000000002 0
0 1.696 2.22 0.040000000000000036 0
0 1.80625 2.289 0 0.19399999999999995
0 1.9295 2.253 0 0.06599999999999984
0 1.968 2.224 0 0.06000000000000005
0 2.0468125 2.2355 0 0.08099999999999996
0 0.166125 2.2595 0 0.08699999999999974
0 0.368 2.26 0.14200000000000002 0
0 1.667 2.26 0.08599999999999985 0
0 1.845953125 2.339 0 0.16000000000000014
0 2.3 2.26 0.31999999999999984 0
0 0.42200000000000004 2.3 0.25200000000000006 0
0 1.69 2.3 0.040000000000000036 0
0 1.96646875 2.362 0 0.14800000000000013
0 2.0095 2.326 0 0.09799999999999986
0 2.0495 2.339 0 0.07800000000000029
0 0.3645 2.34 0.14100000000000001 0
0 1.6925 2.34 0.04500000000000015 0
0 1.7755 2.34 0.05499999999999994 0
0 2.0215 2.34 0.04300000000000015 0
0 2.364 2.3655 0 0.051000000000000156
0 0.3675 2.38 0.14700000000000002 0
0 2.083 2.38 0.8260000000000001 0
0 0.366 2.42 0.14200000000000002 0
0 1.6965 2.42 0.049000000000000155 0
0 1.9435 2.42 0.12700000000000022 0
0 2.0446875 2.449 0 0.07200000000000006
0 2.1014999999999997 2.42 0.05899999999999972 0
0 0.373 2.46 0.15800000000000003 0
0 1.768875 2.496 0 0.07200000000000006
0 2.1635 2.46 0.04499999999999993 0
0 2.289375 2.4625 0 0.04499999999999993
0 0.375 2.5 0.15600000000000003 0
0 1.8119999999999998 2.5 0.264 0
0 0.304 2.54 0.276 0
0 1.0625 2.54 0.06499999999999995 0
0 1.127 2.5525 0 0.04500000000000037
0 1.643 2.54 0.09799999999999986 0
0 1.706 2.6965 0 1.687
0 1.805625 2.537 0 0.07799999999999985
0 1.84025 2.518 0 0.04400000000000004
0 2.468 2.54 0.05600000000000005 0
0 0.3745 2.58 0.15300000000000002 0
0 1.04625 2.5675 0 0.06300000000000017
0 1.6965 2.58 0.049000000000000155 0
0 0.3765 2.62 0.14900000000000002 0
0 1.366625 2.6399999999999997 0 0.04599999999999982
0 1.6935 2.62 0.04300000000000015 0
0 1.88625 2.6155 0 0.040999999999999925
0 0.352 2.66 0.2 0
0 1.694 2.66 0.04800000000000004 0
0 0.1695 2.7335000000000003 0 0.06699999999999973
0 0.378 2.7 0.14800000000000002 0
0 1.6715 2.7 0.05900000000000016 0
0 2.075 2.7 0.06400000000000006 0
0 0.378 2.74 0.14600000000000002 0
0 1.207375 2.784 0 0.08799999999999963
0 1.4785 2.74 0.44500000000000006 0
0 1.727 3.1265 0 0.7729999999999997
0 2.009125 2.7345 0 0.04499999999999993
0 0.944 2.78 1.556 0
0 1.9695 2.7745 0 0.06099999999999994
0 2.04675 2.8765 0 0.2649999999999997
0 0.7645625 2.814 0 0.1379999999999999
0 1.08625 2.7809999999999997 0 0.07799999999999985
0 1.48175 2.7794999999999996 0 0.08099999999999996
0 1.567 2.793 0 0.1080000000000001
0 1.6855 2.82 0.08700000000000019 0
0 0.4045 2.7154999999999996 0 1.323
0 0.7805 2.86 0.06699999999999995 0
0 1.6945000000000001 2.86 0.07700000000000018 0
0 1.6955 2.9 0.07500000000000018 0
0 0.371 2.94 0.055999999999999994 0
0 1.6960000000000002 2.94 0.07400000000000007 0
0 2.1470000000000002 2.94 0.12200000000000033 0
0 1.4845 3.0075000000000003 0 0.05500000000000016
0 1.851 2.98 0.3840000000000001 0
0 2.214 2.98 0.17799999999999994 0
0 0.39449999999999996 3.02 0.10100000000000003 0
0 1.846 3.02 0.3739999999999999 0
0 2.245 3.0060000000000002 0 0.06000000000000005
0 2.3095 3.02 0.07500000000000018 0
0 1.068 3.06 0.10200000000000009 0
0 1.7189999999999999 3.06 0.11999999999999988 0
0 1.805875 3.0375 0 0.11699999999999999
0 1.8845 3.06 0.06099999999999994 0
0 2.159 3.06 0.06800000000000006 0
0 2.206515625 3.1425 0 0.23499999999999988
0 2.3255 3.06 0.06499999999999995 0
0 0.508 3.1 0.05400000000000005 0
0 1.7040000000000002 3.1 0.09000000000000008 0
0 2.311 3.1 0.0860000000000003 0
0 0.3295 3.14 0.04899999999999999 0
0 0.527625 3.151 0 0.07999999999999963
0 0.56675 3.16 0 0.08599999999999985
0 0.8075625 3.1550000000000002 0 0.08599999999999985
0 1.6995 3.14 0.08499999999999996 0
0 2.298 3.14 0.05600000000000005 0
0 1.4845 3.2175000000000002 0 0.07499999999999973
0 1.702 3.18 0.08600000000000008 0
0 2.202 3.18 0.05400000000000027 0
0 2.3165 3.18 0.04699999999999971 0
0 0.7655625 3.2685000000000004 0 0.09699999999999998
0 1.702 3.22 0.08400000000000007 0
0 2.089375 3.2425 0 0.052999999999999936
0 2.1755 3.22 0.05900000000000016 0
0 2.3150000000000004 3.22 0.04400000000000004 0
0 0.5245 3.26 0.08899999999999997 0
0 1.7025000000000001 3.26 0.08299999999999996 0
0 2.0585 3.26 0.05900000000000016 0
0 2.1665 3.26 0.040999999999999925 0
0 2.3175 3.26 0.04899999999999993 0
0 2.408 3.26 0.05400000000000027 0
0 0.5489999999999999 3.3 0.039999999999999925 0
0 1.7029999999999998 3.3 0.08200000000000007 0
0 2.357 3.3 0.12799999999999967 0
0 1.7035 3.34 0.08300000000000018 0
0 2.303 3.34 0.08199999999999985 0
0 0.567875 3.3819999999999997 0 0.07600000000000007
0 1.689 3.38 0.08600000000000008 0
0 2.3200000000000003 3.38 0.052000000000000046 0
0 0.2605 3.42 0.18899999999999997 0
0 0.406875 3.44 0 0.040000000000000036
0 1.9665 3.42 0.609 0
0 2.3265000000000002 3.42 0.04700000000000015 0
0 0.7655 3.636 0 0.3679999999999999
0 1.5445 3.46 0.04899999999999993 0
0 2.08 3.46 0.8320000000000001 0
0 0.1669375 3.5564999999999998 0 0.11299999999999999
0 2.08 3.5 0.8320000000000001 0
0 0.3805 3.54 0.04700000000000004 0
0 0.448375 3.5655 0 0.051000000000000156
0 1.885 3.5549999999999997 0 0.27
0 0.36150000000000004 3.58 0.044999999999999984 0
0 0.4063125 3.6035 0 0.125
0 0.80825 3.59 0 0.06000000000000005
0 2.174 3.58 0.04999999999999982 0
0 0.32499999999999996 3.62 0.07400000000000001 0
0 0.38349999999999995 3.66 0.046999999999999986 0
0 0.7785 3.66 0.373 0
0 1.359 3.66 0.06800000000000006 0
0 1.461 3.66 0.052000000000000046 0
0 1.1995 3.7 0.06899999999999995 0
0 1.32625 3.729 0 0.05799999999999983
0 1.375 3.7 0.04800000000000004 0
0 1.7395 3.7 0.5510000000000002 0
0 2.3724999999999996 3.7 0.07299999999999995 0
0 0.1685 3.7415000000000003 0 0.06300000000000017
0 0.2345 3.74 0.05300000000000002 0
0 0.4525 3.7605000000000004 0 0.040999999999999925
0 0.7324999999999999 3.74 0.04700000000000004 0
0 1.5195 3.74 0.15700000000000003 0
0 2.1835 3.74 0.09499999999999975 0
0 0.46499999999999997 3.78 0.09200000000000003 0
0 0.33899999999999997 3.82 0.062 0
0 1.3980000000000001 3.82 0.05800000000000005 0
0 2.207125 3.8325 0 0.04499999999999993
0 0.4055 3.8495 0 0.06299999999999972
0 1.5715 3.86 0.050999999999999934 0
0 1.5354999999999999 3.9 0.10699999999999998 0
0 0.166 0.9465 0 0.052999999999999936
0 0.166 1.597 0 0.08800000000000008
0 0.166 1.81 0 0.04400000000000004
0 0.206 3.564 0 0.0940000000000003
0 0.206 3.737 0 0.053999999999999826
0 0.246 0.7909999999999999 0 0.17400000000000004
0 0.246 1.91 0 0.040000000000000036
0 0.246 3.5890000000000004 0 0.04400000000000004
0 0.246 3.7325 0 0.04499999999999993
0 0.326 1.522 0 0.1299999999999999
0 0.326 2.419 0 0.7400000000000002
0 0.326 2.977 0 0.04999999999999982
0 0.326 3.6225 0 0.07699999999999996
0 0.366 1.131 0 0.8620000000000001
0 0.366 2.1855 0 0.30699999999999994
0 0.366 2.614 0 0.3700000000000001
0 0.366 3.578 0 0.08000000000000007
0 0.366 3.85 0 0.06400000000000006
0 0.406 0.8075 0 0.040999999999999925
0 0.406 0.9595 0 0.08499999999999996
0 0.406 1.5150000000000001 0 0.1180000000000001
0 0.486 1.5955 0 0.050999999999999934
0 0.486 1.8145 0 0.13099999999999978
0 0.486 2.7815 0 0.06899999999999995
0 0.486 3.0945 0 0.06099999999999994
0 0.526 2.7809999999999997 0 0.06800000000000006
0 0.566 1.8755000000000002 0 0.050999999999999934
0 0.566 2.7785 0 0.06499999999999995
0 0.566 3.2875 0 0.05900000000000016
0 0.606 2.776 0 0.06399999999999961
0 0.646 2.776 0 0.06399999999999961
0 0.686 1.084 0 0.040000000000000036
0 0.686 1.611 0 0.07600000000000007
0 0.686 2.776 0 0.06399999999999961
0 0.726 2.7750000000000004 0 0.06000000000000005
0 0.726 3.7325 0 0.05699999999999994
0 0.766 0.9525 0 0.07899999999999996
0 0.806 1.5005000000000002 0 0.07099999999999995
0 0.806 2.3295 0 0.051000000000000156
0 0.806 2.801 0 0.11399999999999988
0 0.846 2.7735000000000003 0 0.05899999999999972
0 0.886 1.028 0 0.05600000000000005
0 0.886 2.774 0 0.05999999999999961
0 0.926 2.1189999999999998 0 0.04400000000000004
0 0.926 2.774 0 0.05999999999999961
0 0.966 2.1189999999999998 0 0.04400000000000004
0 0.966 2.7729999999999997 0 0.06199999999999983
0 1.006 1.5125 0 0.125
0 1.006 2.1245 0 0.06099999999999994
0 1.006 2.77 0 0.06400000000000006
0 1.046 2.7725 0 0.06099999999999994
0 1.086 1.6285 0 0.06899999999999995
0 1.086 2.5585 0 0.04499999999999993
0 1.126 1.5025 0 0.10499999999999998
0 1.126 1.903 0 0.04600000000000004
0 1.126 2.7720000000000002 0 0.06000000000000005
0 1.166 1.206 0 0.050000000000000044
0 1.166 1.5030000000000001 0 0.1100000000000001
0 1.166 2.771 0 0.06000000000000005
0 1.206 1.504 0 0.1080000000000001
0 1.246 2.7725 0 0.06299999999999972
0 1.286 1.518 0 0.14000000000000012
0 1.286 2.77 0 0.06599999999999984
0 1.326 2.558 0 0.04400000000000004
0 1.326 2.77 0 0.06599999999999984
0 1.366 1.2650000000000001 0 0.050000000000000044
0 1.366 2.769 0 0.06400000000000006
0 1.366 3.784 0 0.04200000000000026
0 1.406 1.476 0 0.20000000000000018
0 1.406 2.7695 0 0.06099999999999994
0 1.446 1.073 0 0.1299999999999999
0 1.446 1.488 0 0.17600000000000016
0 1.446 2.767 0 0.05600000000000005
0 1.486 1.5025 0 0.16300000000000003
0 1.526 2.1165000000000003 0 0.04700000000000015
0 1.526 2.7685 0 0.05900000000000016
0 1.526 3.7350000000000003 0 0.06999999999999984
0 1.526 3.8845 0 0.040999999999999925
0 1.566 0.8140000000000001 0 0.136
0 1.566 1.8675000000000002 0 0.04299999999999993
0 1.566 3.7145 0 0.10099999999999998
0 1.566 3.8795 0 0.05899999999999972
0 1.606 2.768 0 0.06000000000000005
0 1.646 1.3355000000000001 0 0.061000000000000165
0 1.646 1.9635 0 0.040999999999999925
0 1.646 2.775 0 0.07399999999999984
0 1.726 1.877 0 0.04599999999999982
0 1.726 3.7315 0 0.07099999999999973
0 1.766 1.8900000000000001 0 0.07999999999999985
0 1.766 2.3609999999999998 0 0.06000000000000005
0 1.766 3.009 0 0.12199999999999989
0 1.766 3.4589999999999996 0 0.08599999999999985
0 1.806 1.874 0 0.04200000000000004
0 1.806 1.975 0 0.04600000000000004
0 1.806 2.1189999999999998 0 0.09399999999999986
0 1.806 3.464 0 0.0940000000000003
0 1.846 1.8719999999999999 0 0.04399999999999982
0 1.846 2.1064999999999996 0 0.06499999999999995
0 1.846 3.0084999999999997 0 0.05699999999999994
0 1.846 3.4625 0 0.08499999999999996
0 1.886 0.9225 0 0.040999999999999925
0 1.886 2.1115 0 0.1070000000000002
0 1.886 2.462 0 0.21799999999999997
0 1.886 2.7030000000000003 0 0.04599999999999982
0 1.886 3.035 0 0.11399999999999988
0 1.926 2.3515 0 0.04499999999999993
0 1.926 3.0195 0 0.08700000000000019
0 1.926 3.463 0 0.08599999999999985
0 1.966 3.0060000000000002 0 0.06000000000000005
0 1.966 3.4604999999999997 0 0.08700000000000019
0 2.006 1.8685 0 0.052999999999999936
0 2.006 1.9585 0 0.04500000000000015
0 2.006 3.0065 0 0.05699999999999994
0 2.006 3.1849999999999996 0 0.052000000000000046
0 2.006 3.4585 0 0.08499999999999996
0 2.046 2.1310000000000002 0 0.07799999999999985
0 2.046 3.089 0 0.040000000000000036
0 2.046 3.2155 0 0.05900000000000016
0 2.046 3.4610000000000003 0 0.08400000000000007
0 2.086 2.391 0 0.07800000000000029
0 2.086 3.46 0 0.08399999999999963
0 2.126 2.363 0 0.04600000000000026
0 2.126 2.5255 0 0.04300000000000015
0 2.126 3.073 0 0.07200000000000006
0 2.126 3.4615 0 0.08699999999999974
0 2.166 2.129 0 0.09600000000000009
0 2.166 2.3375 0 0.08300000000000018
0 2.166 2.45 0 0.050000000000000266
0 2.166 2.753 0 0.08000000000000007
0 2.166 3.09 0 0.10599999999999987
0 2.166 3.23 0 0.09199999999999964
0 2.166 3.465 0 0.09399999999999986
0 2.166 3.5665 0 0.04499999999999993
0 2.166 3.723 0 0.053999999999999826
0 2.206 2.1494999999999997 0 0.042999999999999705
0 2.206 2.374 0 0.040000000000000036
0 2.206 3.46 0 0.0860000000000003
0 2.206 3.6965000000000003 0 0.04899999999999993
0 2.246 2.088 0 0.04400000000000004
0 2.246 2.5095 0 0.04899999999999993
0 2.246 3.4325 0 0.12699999999999978
0 2.286 3.4459999999999997 0 0.09200000000000008
0 2.326 2.464 0 0.08000000000000007
0 2.326 3.2344999999999997 0 0.5169999999999999
0 2.366 3.4715 0 0.07100000000000017
0 2.406 2.3689999999999998 0 0.04599999999999982
0 2.406 3.105 0 0.043999999999999595
0 2.406 3.4715 0 0.06899999999999995
0 2.446 2.1995 0 0.21699999999999964
0 2.446 2.3674999999999997 0 0.042999999999999705
0 2.446 3.4725 0 0.06899999999999995
0 2.486 2.13 0 0.06000000000000005
0 2.486 2.3659999999999997 0 0.04400000000000004
0 2.486 3.0825 0 0.05900000000000016
0 2.486 3.474 0 0.06800000000000006
1 0.92 0.82 0.032 0.05
1 1.4455 1.04 0.04019950248448356 0.05
1 1.045375 1.1235 0.033 0.05
1 0.448625 1.1235 0.033000946956110215 0.05
1 0.825625 1.468 0.039705950435671475 0.05
1 1.427875 1.1015 0.03818458458592944 0.05
1 0.92625 1.573 0.038052595180880895 0.05
1 1.086125 1.575 0.03800082235952269 0.05
1 0.1668125 1.538 0.03004397818199181 0.05
1 0.24728125 1.5655 0.0390480973448131 0.05
1 1.064875 1.78 0.04147363620422014 0.05
1 2.0195 1.88 0.04004996878900158 0.05
1 1.6445 1.9215 0.04310452412450461 0.05
1 2.026625 1.9325 0.04183972394746409 0.05
1 1.127375 1.9385 0.026145028208055157 0.05
1 1.6250625 1.9995 0.042065610954792984 0.05
1 1.9475 2.1995 0.042449970553582246 0.05
1 1.806125 2.229 0.02600120189529707 0.05
1 1.947984375 2.287 0.037022810219680784 0.05
1 2.02815625 2.2765 0.03732589792958771 0.05
1 2.04709375 2.3955 0.035329310158139234 0.05
1 1.7315 2.34 0.033 0.05
1 2.136 2.44 0.04123105625617661 0.05
1 2.2676875 2.485 0.043375 0.05
1 1.769 2.52 0.0417612260356422 0.05
1 1.682 2.56 0.044721359549995794 0.05
1 1.886125 2.658 0.04400071022154074 0.05
1 1.9893125 2.7505 0.04170300498765047 0.05
1 0.4056875 3.3985 0.043065538717169206 0.05
1 2.2257578125 3.0305 0.040025580809535104 0.05
1 0.5068125 3.1275 0.043916291111613694 0.05
1 2.3615 3.26 0.039 0.05
1 0.5669375 3.339 0.027065025863649197 0.05
1 2.287 3.42 0.032 0.05
1 0.361 3.64 0.04004996878900158 0.05
1 1.414 3.66 0.042 0.05
1 1.346125 3.7605 0.040063231272577104 0.05
1 2.166 3.1635 0.041 0.05
1 2.166 3.528 0.032 0.05
1 2.226 2.1185 0.043863424398922615 0.05
1 2.446 2.327 0.038 0.05
3 0.7484999999999999 1.50225 1.165 1.6045
3 1.9135 1.50225 1.165 1.6045
3 0.7484999999999999 3.10675 1.165 1.6044999999999998
3 1.9135 3.10675 1.165 1.6044999999999998