0 0.2935 0.458 0.185 0
0 0.1819375 0.5730000000000001 0 0.21200000000000002
0 0.224125 0.48350000000000004 0 0.07100000000000001
0 0.37925 0.47150000000000003 0 0.05299999999999999
0 0.10400000000000001 0.538 0.039999999999999994 0
0 0.5269999999999999 0.538 0.10399999999999998 0
0 0.622 0.6299999999999999 0 0.132
0 0.821375 0.6325000000000001 0 0.04300000000000004
0 0.224 0.6785 0 0.040999999999999925
0 0.37925 0.6779999999999999 0 0.039999999999999925
0 0.42325 0.7185 0 0.129
0 0.782625 0.696 0 0.07599999999999996
0 0.341 0.698 0.406 0
0 0.7565 0.698 0.22099999999999997 0
0 0.14175 1.1755 0 1.0270000000000001
0 0.43025 1.021 0 0.08600000000000008
0 0.904375 0.9749999999999999 0 0.06399999999999995
0 0.4445 1.058 0.08499999999999996 0
0 0.30300000000000005 1.098 0.05199999999999999 0
0 0.7105 1.098 0.16300000000000003 0
0 0.917 1.098 0.040000000000000036 0
0 0.22949999999999998 1.138 0.241 0
0 0.7085 1.1055000000000001 0 0.09099999999999997
0 0.8495 1.138 0.131 0
0 0.86425 1.119 0 0.11799999999999988
0 0.3395 1.298 0.283 0
0 0.6990000000000001 1.298 0.14400000000000002 0
0 0.20750000000000002 1.338 0.05100000000000002 0
0 0.783 1.338 0.30800000000000005 0
0 0.23075 1.337 0 0.08199999999999985
0 0.341 1.395 0 0.06599999999999984
0 0.6759999999999999 1.378 0.07599999999999996 0
0 0.74125 1.369 0 0.06999999999999984
0 0.107 1.466 0 0.09600000000000009
0 0.8380000000000001 1.418 0.10199999999999998 0
0 0.1175 1.458 0.056999999999999995 0
0 0.78575 1.5030000000000001 0 0.09000000000000008
0 0.1115 1.498 0.05100000000000002 0
0 0.62 1.538 0.336 0
0 0.087 1.578 0.05 0
0 0.50175 1.5615 0 0.10299999999999998
0 0.6174999999999999 1.578 0.07900000000000007 0
0 0.694 1.618 0.18800000000000006 0
0 0.49 1.658 0.07600000000000001 0
0 0.6315 1.658 0.06300000000000006 0
0 0.74075 1.6665 0 0.04500000000000015
0 0.102 0.5225 0 0.11299999999999993
0 0.102 0.641 0 0.052000000000000046
0 0.182 1.3375 0 0.049000000000000155
0 0.262 1.151 0 0.040000000000000036
0 0.262 1.3515 0 0.15300000000000002
0 0.302 1.0985 0 0.07499999999999996
0 0.302 1.3250000000000002 0 0.07800000000000007
0 0.342 1.0935000000000001 0 0.06699999999999995
0 0.342 1.3039999999999998 0 0.07000000000000006
0 0.422 1.326 0 0.06000000000000005
0 0.462 1.3359999999999999 0 0.09999999999999987
0 0.462 1.5070000000000001 0 0.04600000000000004
0 0.582 1.218 0 0.040000000000000036
0 0.582 1.5545 0 0.08099999999999996
0 0.622 0.5025 0 0.06700000000000006
0 0.622 1.5474999999999999 0 0.04100000000000015
0 0.662 0.9824999999999999 0 0.05500000000000005
0 0.662 1.113 0 0.10599999999999987
0 0.662 1.3605 0 0.052999999999999936
0 0.662 1.608 0 0.16200000000000014
0 0.702 1.3695 0 0.07499999999999996
0 0.742 0.7010000000000001 0 0.07799999999999996
0 0.782 1.326 0 0.04200000000000004
0 0.822 0.5275000000000001 0 0.041000000000000036
0 0.822 0.7995 0 0.22100000000000009
0 0.822 1.04 0 0.09399999999999997
0 0.822 1.3479999999999999 0 0.14600000000000013
0 0.862 1.014 0 0.041999999999999926
0 0.902 1.0945 0 0.06899999999999995
0 0.902 1.3685 0 0.06899999999999995
1 0.16184375 0.6705 0.0436352513027025 0.05
1 0.622 0.5825 0.028 0.05
1 0.802 0.656 0.03895590455887272 0.05
1 0.121875 1.152 0.040063231272577104 0.05
1 0.8831875 1 0.04462780103254024 0.05
1 0.788 1.118 0.040792156108742275 0.05
1 0.8605 1.118 0.043863424398922615 0.05
1 0.3215 1.357 0.03905124837953327 0.05
1 0.761625 1.3545 0.04277338541663496 0.05
1 0.481875 1.5485 0.04449789320855539 0.05
1 0.102 0.597 0.036 0.05
1 0.282 1.116 0.04031128874149274 0.05
3 0.28075 0.756 0.4375 0.6219999999999999
3 0.71825 0.756 0.43750000000000006 0.6219999999999999
3 0.28075 1.3780000000000001 0.4375 0.6220000000000001
3 0.71825 1.3780000000000001 0.43750000000000006 0.6220000000000001