0 0.47925 0.1805 0 0.139
0 0.198125 0.2425 0 0.04100000000000001
0 0.521625 0.42700000000000005 0 0.043999999999999984
0 0.2385 0.4645 0 0.059
0 0.36075 0.5755 0 0.10699999999999998
0 0.40075 0.5475 0 0.050999999999999934
0 0.5485 0.551 0.050999999999999934 0
0 0.3225 0.591 0.04899999999999999 0
0 0.318 0.32999999999999996 0 0.055999999999999994
0 0.318 0.5755 0 0.10699999999999998
0 0.558 0.2505 0 0.05100000000000002
0 0.558 0.4265 0 0.04299999999999998
0 0.558 0.5985 0 0.061000000000000054
3 0.29209375 0.2405 0.18793749999999998 0.259
3 0.48003124999999996 0.2405 0.18793749999999998 0.259
3 0.29209375 0.4995 0.18793749999999998 0.259
3 0.48003124999999996 0.4995 0.18793749999999998 0.259