0 1.1 0.91 0.23199999999999998 0
0 0.225 0.1915 0 0.31699999999999995
0 0.385 1.115 0 0.1160000000000001
0 0.48 1.0405 0 0.22299999999999986
0 0.58 1.0135 0 0.279
0 1.012 0.565 0.06000000000000005 0
0 1.1785 0.573 0.17299999999999982 0
0 0.5860000000000001 0.677 0.07199999999999995 0
0 0.651 0.885 0.17000000000000004 0
0 0.608 0.893 0.05800000000000005 0
0 0.9410000000000001 1.037 0.05399999999999994 0
0 1.1720000000000002 1.037 0.06600000000000006 0
0 0.197 0.6665 0 0.09099999999999997
0 0.205 0.4175 0 0.05099999999999999
0 0.213 0.1895 0 0.056999999999999995
0 0.213 0.487 0 0.05399999999999999
0 0.213 0.9265 0 0.06499999999999995
0 0.581 1.0315 0 0.15300000000000014
0 0.613 0.7375 0 0.133
0 0.717 0.9319999999999999 0 0.07799999999999996
0 0.717 1.0765 0 0.0950000000000002
0 0.733 0.1325 0 0.145
0 0.733 0.4865 0 0.17699999999999994
0 0.733 0.9415 0 0.05899999999999994
0 0.877 0.7455 0 0.08100000000000007
0 0.877 0.9575 0 0.16100000000000003
2 1.1 0.91 0.035 0.05
2 0.48 1.0405 0.035 0.05
2 0.58 1.0135 0.035 0.05
3 0.46399999999999997 0.318 0.534 0.57
3 0.998 0.318 0.5339999999999999 0.57
3 0.46399999999999997 0.888 0.534 0.5700000000000001
3 0.998 0.888 0.5339999999999999 0.5700000000000001