0 0.41000000000000003 0.245 0.718 0
0 0.41000000000000003 0.285 0.718 0
0 0.41000000000000003 0.325 0.718 0
0 0.41000000000000003 0.365 0.718 0
0 0.41000000000000003 0.405 0.718 0
0 0.41000000000000003 0.445 0.718 0
0 0.41000000000000003 0.485 0.718 0
0 0.41000000000000003 0.525 0.718 0
0 0.41000000000000003 0.565 0.718 0
0 0.41000000000000003 0.605 0.718 0
0 0.41000000000000003 0.645 0.718 0
0 0.41000000000000003 0.685 0.718 0
0 0.41000000000000003 0.725 0.718 0
0 0.41000000000000003 0.765 0.718 0
0 0.41000000000000003 0.805 0.718 0
0 0.41000000000000003 0.845 0.718 0
0 0.41000000000000003 0.885 0.718 0
0 0.41000000000000003 0.925 0.718 0
0 0.41000000000000003 0.965 0.718 0
0 0.41000000000000003 1.005 0.718 0
0 0.41000000000000003 1.045 0.718 0
0 0.41000000000000003 1.085 0.718 0
0 0.41000000000000003 1.125 0.718 0
0 0.091 0.6835 0 0.957
0 0.131 0.6835 0 0.957
0 0.171 0.6835 0 0.957
0 0.211 0.6835 0 0.957
0 0.251 0.6835 0 0.957
0 0.291 0.6835 0 0.957
0 0.331 0.6835 0 0.957
0 0.371 0.6835 0 0.957
0 0.411 0.6835 0 0.957
0 0.451 0.6835 0 0.957
0 0.491 0.6835 0 0.957
0 0.531 0.6835 0 0.957
0 0.571 0.6835 0 0.957
0 0.611 0.6835 0 0.957
0 0.651 0.6835 0 0.957
0 0.691 0.6835 0 0.957
0 0.731 0.6835 0 0.957
3 0.23049999999999998 0.44425 0.359 0.47850000000000004
3 0.5895 0.44425 0.35900000000000004 0.47850000000000004
3 0.23049999999999998 0.92275 0.359 0.4784999999999999
3 0.5895 0.92275 0.35900000000000004 0.4784999999999999