0 1.974375 0.4165 0 0.065
0 0.5940000000000001 0.424 0.06799999999999995 0
0 1.068 0.424 0.06000000000000005 0
0 1.0115 0.464 0.06500000000000006 0
0 0.38175 0.5115000000000001 0 0.06900000000000006
0 0.9405 0.504 0.30899999999999994 0
0 0.48550000000000004 0.544 0.065 0
0 0.9455 0.544 0.30699999999999994 0
0 1.3054999999999999 0.544 0.06500000000000017 0
0 1.6563125 0.587 0 0.08599999999999997
0 1.943 0.544 0.04600000000000004 0
0 2.0404999999999998 0.544 0.08899999999999997 0
0 0.535296875 0.6965 0 0.2250000000000001
0 0.6551875 0.703 0 0.238
0 0.865 0.584 0.1499999999999999 0
0 1.0474999999999999 0.584 0.06699999999999995 0
0 1.6365 0.584 0.07299999999999995 0
0 1.937125 0.5835 0 0.04499999999999993
0 2.0065 0.584 0.04499999999999993 0
0 0.5765 0.624 0.24299999999999994 0
0 0.869 0.624 0.1379999999999999 0
0 1.069 0.624 0.062000000000000055 0
0 1.698625 0.69 0 0.132
0 0.37475 0.659 0 0.06799999999999995
0 0.61525 0.7865 0 0.391
0 0.9295 0.664 0.30900000000000005 0
0 0.3750625 0.804 0 0.20000000000000007
0 0.48850000000000005 0.704 0.065 0
0 0.9139999999999999 0.704 0.24199999999999988 0
0 1.2885 0.704 0.34099999999999997 0
0 1.625 0.704 0.04999999999999982 0
0 1.729 0.704 0.07000000000000006 0
0 2.2765 0.704 0.04100000000000037 0
0 0.579 0.744 0.19000000000000006 0
0 0.733625 0.7364999999999999 0 0.05300000000000005
0 0.865 0.744 0.13 0
0 0.9741875 0.7695 0 0.08899999999999997
0 1.6 0.744 0.09599999999999986 0
0 0.48850000000000005 0.824 0.065 0
0 0.647 0.824 0.06600000000000006 0
0 0.734375 0.8919999999999999 0 0.136
0 0.77446875 0.899 0 0.15000000000000002
0 0.85775 0.8494999999999999 0 0.051000000000000045
0 0.8946875 0.8445 0 0.11699999999999999
0 0.97500537109375 1.0125 0 0.3770000000000001
0 2.2965 0.8465 0 0.04500000000000004
0 0.48850000000000005 0.864 0.067 0
0 0.6579999999999999 0.864 0.08999999999999997 0
0 0.7909999999999999 0.864 0.051999999999999935 0
0 0.93492578125 0.9295 0 0.249
0 1.01504296875 0.9450000000000001 0 0.19800000000000006
0 1.7715 0.864 0.367 0
0 2.537 0.864 0.11799999999999988 0
0 0.856375 0.9485 0 0.08899999999999997
0 1.0434999999999999 0.904 0.049000000000000155 0
0 1.2335 0.904 0.06499999999999995 0
0 1.656375 0.8845000000000001 0 0.05700000000000005
0 1.6955 0.917 0 0.122
0 1.8141875 0.9395 0 0.16299999999999992
0 0.7925 0.944 0.673 0
0 1.897625 0.9390000000000001 0 0.05599999999999994
0 0.37475 0.9784999999999999 0 0.052999999999999936
0 0.491 0.984 0.07200000000000001 0
0 0.8180000000000001 0.984 0.07599999999999996 0
0 0.894625 1.0795 0 0.20700000000000007
0 1.0548125 1.072 0 0.2620000000000001
0 1.0935625 1.0095 0 0.06900000000000006
0 1.2963125 1.006 0 0.07399999999999995
0 1.335375 1.0825 0 0.22699999999999998
0 1.37471875 1.0295 0 0.123
0 0.4565 0.992 0 0.06400000000000006
0 0.85775 1.0474999999999999 0 0.04699999999999993
0 1.135234375 1.1015000000000001 0 0.19100000000000006
0 1.218625 1.0470000000000002 0 0.08200000000000007
0 1.708 1.024 0.07200000000000006 0
0 1.838 1.024 0.08799999999999986 0
0 0.375 1.0735000000000001 0 0.05300000000000016
0 0.49150000000000005 1.064 0.07100000000000001 0
0 0.8325 1.064 0.07899999999999996 0
0 1.0151875 1.355 0 0.5819999999999999
0 1.09428125 1.1335000000000002 0 0.139
0 0.48950000000000005 1.104 0.069 0
0 0.8556875 1.1495000000000002 0 0.09099999999999997
0 1.27 1.104 0.33599999999999985 0
0 0.3749375 1.278 0 0.278
0 0.48950000000000005 1.144 0.069 0
0 1.0105 1.144 0.43700000000000006 0
0 1.297875 1.1625 0 0.050999999999999934
0 1.374125 1.1615 0 0.04899999999999993
0 1.85675 1.1695 0 0.051000000000000156
0 1.907 1.144 0.04800000000000004 0
0 1.97225 1.165 0 0.04200000000000004
0 2.258625 1.1615 0 0.05900000000000016
0 0.48750000000000004 1.184 0.067 0
0 0.9115 1.184 0.249 0
0 1.617 1.184 0.12199999999999989 0
0 1.798 1.184 0.12400000000000011 0
0 2.0540000000000003 1.184 0.16599999999999993 0
0 2.3914999999999997 1.184 0.21700000000000008 0
0 0.488 1.224 0.066 0
0 1.9945 1.224 0.054999999999999716 0
0 0.47850000000000004 1.264 0.046999999999999986 0
0 1.74425 1.286 0 0.236
0 1.808 1.264 0.05600000000000005 0
0 1.9355 1.264 0.0950000000000002 0
0 2.3810000000000002 1.264 0.053999999999999826 0
0 0.488 1.304 0.064 0
0 1.38025 1.324 0 0.040000000000000036
0 1.75 1.304 0.07600000000000007 0
0 2.0025 1.304 0.049000000000000155 0
0 0.48975 1.3225 0 0.04300000000000015
0 1.1955 1.344 0.365 0
0 1.7455 1.344 0.06899999999999995 0
0 1.937125 1.3855 0 0.08299999999999996
0 2.3805 1.344 0.052999999999999936 0
0 0.5965 1.384 0.04500000000000004 0
0 0.692 1.384 0.07199999999999995 0
0 1.214 1.384 0.04200000000000004 0
0 1.77 1.384 0.11799999999999988 0
0 2.027 1.384 0.20799999999999974 0
0 2.3545 1.384 0.11900000000000022 0
0 1.2305 1.424 0.06899999999999995 0
0 2.0305 1.424 0.641 0
0 0.376 1.4885 0 0.04899999999999993
0 0.49446875 1.553 0 0.17799999999999994
0 1.798 1.464 0.17599999999999993 0
0 2.3725 1.464 0.07099999999999973 0
0 0.487 1.504 0.062 0
0 1.0474999999999999 1.504 0.06699999999999995 0
0 1.1455 1.504 0.04899999999999993 0
0 1.2465000000000002 1.504 0.09099999999999997 0
0 1.744 1.504 0.06800000000000006 0
0 2.3745000000000003 1.504 0.07299999999999995 0
0 0.33075 1.565 0 0.04200000000000004
0 0.48850000000000005 1.544 0.065 0
0 1.7429999999999999 1.544 0.06600000000000006 0
0 2.3674999999999997 1.544 0.05699999999999994 0
0 0.317 1.584 0.04200000000000004 0
0 0.375875 1.5835 0 0.07099999999999995
0 0.8565 1.584 0.707 0
0 1.252375 1.6124999999999998 0 0.06699999999999995
0 1.488 1.584 0.43999999999999995 0
0 1.766 1.584 0.053999999999999826 0
0 2.1605 1.584 0.3370000000000002 0
0 2.499 1.584 0.274 0
0 0.772125 1.6139999999999999 0 0.062000000000000055
0 0.816875 1.6044999999999998 0 0.04299999999999993
0 0.959 1.624 0.20799999999999996 0
0 1.10175 1.603 0 0.04800000000000004
0 1.2505000000000002 1.624 0.2270000000000001 0
0 1.379125 1.6275 0 0.08699999999999997
0 1.6124999999999998 1.624 0.14300000000000002 0
0 1.748 1.624 0.06000000000000005 0
0 2.4875 1.624 0.29700000000000015 0
0 0.46075 1.7734999999999999 0 0.05899999999999994
0 0.6455 1.784 0.38499999999999995 0
0 1.7915 1.784 1.689 0
0 0.33325 1.897 0 0.06599999999999984
0 1.135 1.864 1.3639999999999999 0
0 1.8820000000000001 1.864 0.07000000000000006 0
0 2.104 1.864 0.30800000000000005 0
0 2.3385 1.864 0.09899999999999975 0
0 2.5155 1.864 0.10899999999999999 0
0 0.97875 1.9095 0 0.040999999999999925
0 0.49425 2.036 0 0.28200000000000003
0 0.537125 2.0244999999999997 0 0.05699999999999994
0 0.215 1.0145 0 0.06099999999999994
0 0.295 1.0255 0 0.07700000000000007
0 0.295 1.748 0 0.06000000000000005
0 0.295 1.896 0 0.04799999999999982
0 0.375 0.4205 0 0.061
0 0.455 0.5960000000000001 0 0.17000000000000004
0 0.455 0.76 0 0.08400000000000007
0 0.455 0.892 0 0.07400000000000007
0 0.455 1.187 0 0.18199999999999994
0 0.455 1.3615 0 0.06499999999999995
0 0.495 0.5720000000000001 0 0.07199999999999995
0 0.495 0.669 0 0.05599999999999994
0 0.495 0.9359999999999999 0 0.14400000000000002
0 0.495 1.1844999999999999 0 0.17900000000000005
0 0.535 0.9115 0 0.14500000000000002
0 0.535 1.1139999999999999 0 0.07599999999999985
0 0.535 1.613 0 0.06199999999999983
0 0.535 1.884 0 0.04399999999999982
0 0.575 0.6154999999999999 0 0.049000000000000044
0 0.575 0.8205 0 0.29699999999999993
0 0.575 1.3984999999999999 0 0.05499999999999994
0 0.575 1.6135000000000002 0 0.06299999999999994
0 0.575 1.8835000000000002 0 0.04299999999999993
0 0.575 2.0425 0 0.04300000000000015
0 0.615 1.6135000000000002 0 0.06299999999999994
0 0.615 1.884 0 0.04200000000000004
0 0.655 0.9159999999999999 0 0.07999999999999996
0 0.655 1.4144999999999999 0 0.05700000000000016
0 0.655 1.884 0 0.04200000000000004
0 0.695 0.871 0 0.18199999999999994
0 0.695 1.666 0 0.04800000000000004
0 0.695 1.8940000000000001 0 0.062000000000000055
0 0.735 0.617 0 0.05600000000000005
0 0.735 1.6635 0 0.04300000000000015
0 0.735 1.8940000000000001 0 0.062000000000000055
0 0.775 0.6214999999999999 0 0.06500000000000006
0 0.775 1.884 0 0.04200000000000004
0 0.815 0.652 0 0.30200000000000005
0 0.815 0.9405 0 0.05699999999999994
0 0.815 1.1005 0 0.20299999999999996
0 0.815 1.885 0 0.04400000000000004
0 0.855 0.56 0 0.352
0 0.855 1.8855 0 0.04499999999999993
0 0.895 0.613 0 0.28200000000000003
0 0.895 1.6065 0 0.04699999999999993
0 0.895 1.8860000000000001 0 0.04399999999999982
0 0.935 0.5905 0 0.235
0 0.935 1.1705 0 0.06299999999999994
0 0.935 1.896 0 0.06399999999999983
0 0.975 0.532 0 0.13199999999999995
0 0.975 0.6735 0 0.05899999999999994
0 0.975 1.6139999999999999 0 0.05999999999999983
0 1.015 0.5135 0 0.14099999999999996
0 1.015 0.724 0 0.16000000000000003
0 1.055 0.5295 0 0.12899999999999995
0 1.055 0.6485000000000001 0 0.049000000000000044
0 1.055 0.878 0 0.04800000000000004
0 1.055 1.5074999999999998 0 0.05499999999999994
0 1.055 1.613 0 0.06400000000000006
0 1.055 1.7534999999999998 0 0.05499999999999994
0 1.095 0.534 0 0.30000000000000004
0 1.135 0.907 0 0.11199999999999999
0 1.135 1.5594999999999999 0 0.15900000000000003
0 1.175 0.858 0 0.04800000000000004
0 1.175 1.1179999999999999 0 0.15800000000000014
0 1.175 1.509 0 0.05599999999999983
0 1.175 1.603 0 0.04599999999999982
0 1.175 1.7415 0 0.04899999999999993
0 1.215 0.9115 0 0.11699999999999999
0 1.215 1.1545 0 0.06699999999999995
0 1.215 1.3895 0 0.09299999999999997
0 1.215 1.5075 0 0.052999999999999936
0 1.215 1.6005 0 0.06899999999999995
0 1.255 1.0305 0 0.12300000000000011
0 1.255 1.1629999999999998 0 0.050000000000000044
0 1.255 1.5085000000000002 0 0.05499999999999994
0 1.295 0.53 0 0.05400000000000005
0 1.295 1.608 0 0.050000000000000044
0 1.335 0.8734999999999999 0 0.041000000000000036
0 1.335 1.6055 0 0.04499999999999993
0 1.415 0.9125 0 0.11499999999999999
0 1.415 1.6145 0 0.06099999999999994
0 1.415 2.0655 0 0.06700000000000017
0 1.455 1.6625 0 0.04500000000000015
0 1.535 1.6055000000000001 0 0.04299999999999993
0 1.575 1.1945000000000001 0 0.050999999999999934
0 1.575 1.5899999999999999 0 0.10799999999999987
0 1.615 0.657 0 0.546
0 1.615 0.9944999999999999 0 0.04899999999999993
0 1.615 1.193 0 0.052000000000000046
0 1.615 1.5975 0 0.07299999999999995
0 1.655 0.719 0 0.050000000000000044
0 1.655 1.194 0 0.050000000000000044
0 1.655 1.5995 0 0.07299999999999995
0 1.695 1.5925 0 0.05900000000000016
0 1.735 0.7035 0 0.04299999999999993
0 1.735 0.907 0 0.10199999999999998
0 1.735 1.535 0 0.19799999999999995
0 1.775 0.9075 0 0.10299999999999998
0 1.775 1.3595 0 0.383
0 1.775 1.6044999999999998 0 0.04299999999999993
0 1.775 1.8820000000000001 0 0.04200000000000004
0 1.815 1.414 0 0.06400000000000006
0 1.855 0.913 0 0.10999999999999999
0 1.855 1.4184999999999999 0 0.05899999999999994
0 1.895 1.1945 0 0.129
0 1.895 1.38 0 0.06600000000000006
0 1.935 0.913 0 0.10999999999999999
0 1.975 1.4140000000000001 0 0.06600000000000006
0 2.015 1.1915 0 0.04300000000000015
0 2.055 1.4125 0 0.06900000000000017
0 2.095 1.4060000000000001 0 0.04600000000000004
0 2.175 0.44799999999999995 0 0.04199999999999998
0 2.175 1.4005 0 0.09499999999999997
0 2.215 1.4089999999999998 0 0.04200000000000004
0 2.255 1.4155 0 0.05500000000000016
0 2.295 0.536 0 0.30399999999999994
0 2.295 1.416 0 0.06400000000000006
0 2.335 1.2894999999999999 0 0.23699999999999988
0 2.375 1.506 0 0.246
0 2.415 1.1925 0 0.04500000000000015
0 2.415 1.6025 0 0.050999999999999934
0 2.455 1.604 0 0.05400000000000005
0 2.495 1.6075 0 0.07899999999999996
0 2.575 1.6035 0 0.05499999999999994
0 2.615 1.605 0 0.06800000000000006
1 1.0385 0.444 0.04044749683231337 0.05
1 0.378375 0.468 0.02686191541941862 0.05
1 1.67746875 0.627 0.04273578893913157 0.05
1 1.981 0.544 0.03 0.05
1 0.5351484375 0.824 0.030001468876800434 0.05
1 1.672 0.704 0.044 0.05
1 0.7143125 0.7715 0.042200599818012066 0.05
1 0.954556640625 0.8095 0.04028005162861763 0.05
1 0.95459375 0.6435 0.042716040971162106 0.05
1 0.8570625 0.8895 0.029032578683265458 0.05
1 0.89484375 0.6875 0.032001525842528196 0.05
1 0.995002685546875 0.9225 0.04471655556221485 0.05
1 1.015021484375 0.844 0.04200002197991659 0.05
1 0.8755 0.9845 0.04185764565763345 0.05
1 0.374875 1.026 0.042000744041028604 0.05
1 1.05490625 1.0285 0.03900045071854939 0.05
1 1.11428125 0.9475 0.04314007888553288 0.05
1 1.394859375 0.973 0.04033087032984163 0.05
1 0.45575 0.9395 0.03103626910567699 0.05
1 0.85671875 1.0875 0.03306439030513038 0.05
1 1.1351171875 1.024 0.04300063873526328 0.05
1 1.2168125 0.9705 0.0361820483803778 0.05
1 1.2168125 1.1045 0.03319850335482007 0.05
1 0.37496875 1.1195 0.03900005008009605 0.05
1 1.955 1.244 0.04308131845707603 0.05
1 1.739625 1.42 0.033310096067108545 0.05
1 1.774 1.284 0.040792156108742275 0.05
1 0.472375 1.22 0.041672082981295766 0.05
1 0.472375 1.3365 0.03784920738932323 0.05
1 0.6375 1.384 0.037 0.05
1 2.344 1.444 0.04237924020083418 0.05
1 0.3759375 1.5305 0.03500022321357394 0.05
1 1.101 1.504 0.04 0.05
1 1.1855 1.504 0.031 0.05
1 0.512 1.564 0.043863424398922615 0.05
1 1.522 1.564 0.04004996878900158 0.05
1 2.194 1.564 0.04123105625617661 0.05
1 1.2536875 1.5635 0.04308004903664804 0.05
1 1.7235 1.584 0.031 0.05
1 2.3455 1.584 0.033 0.05
1 0.7535625 1.6435 0.037246014887501726 0.05
1 1.832 1.864 0.03 0.05
1 1.9335 1.864 0.033 0.05
1 2.2735 1.864 0.031 0.05
1 0.514625 2.0195 0.04220855955845923 0.05
1 0.455 0.6995 0.037 0.05
1 0.495 0.6245 0.033 0.05
1 0.575 0.656 0.032 0.05
1 1.055 0.609 0.03 0.05
1 1.175 1.5585 0.043 0.05
1 1.435 1.6425 0.04031128874149274 0.05
1 1.615 0.95 0.04 0.05
1 1.775 1.567 0.032 0.05
3 0.82025 0.8322499999999999 1.2105 0.8965
3 2.0307500000000003 0.8322499999999999 1.2105000000000001 0.8965
3 0.82025 1.72875 1.2105 0.8965000000000001
3 2.0307500000000003 1.72875 1.2105000000000001 0.8965000000000001