0 0.13802734375 0.2935 0 0.241
0 0.1675 0.253 0.061 0
0 0.169 0.293 0.062 0
0 0.7270000000000001 0.293 0.08399999999999996 0
0 0.1615 0.413 0.04899999999999999 0
0 0.18 0.453 0.057999999999999996 0
0 0.695875 0.44299999999999995 0 0.05399999999999999
0 0.135875 0.5165 0 0.04700000000000004
0 0.178009033203125 0.7185 0 0.5249999999999999
0 0.73625 0.5655 0 0.06499999999999995
0 0.0585 0.569 0 0.07399999999999995
0 0.09975 0.5725 0 0.07299999999999995
0 0.17149999999999999 0.573 0.05700000000000002 0
0 0.57975 0.579 0 0.06999999999999995
0 0.7355 0.573 0.22699999999999998 0
0 0.140375 0.6345000000000001 0 0.04300000000000004
0 0.501 0.613 0.334 0
0 0.8405 0.613 0.07099999999999995 0
0 0.1605 0.653 0.05099999999999999 0
0 0.612 0.693 0.05400000000000005 0
0 0.1381328125 0.857 0 0.248
0 0.6 0.733 0.06600000000000006 0
0 0.169 0.773 0.06 0
0 0.65840625 0.843 0 0.18400000000000005
0 0.16899999999999998 0.813 0.05600000000000002 0
0 0.4215 0.813 0.067 0
0 0.5900000000000001 0.813 0.134 0
0 0.7845 0.813 0.05300000000000005 0
0 0.1665 0.853 0.059 0
0 0.4225 0.853 0.05299999999999999 0
0 0.537 0.9119999999999999 0 0.138
0 0.742 0.853 0.268 0
0 0.1675 0.893 0.059 0
0 0.63 0.893 0.20599999999999996 0
0 0.779875 0.9205 0 0.05499999999999994
0 0.621 0.933 0.236 0
0 0.4095 0.973 0.47100000000000003 0
0 0.178 0.3045 0 0.259
0 0.218 0.45199999999999996 0 0.043999999999999984
0 0.338 0.6 0 0.04400000000000004
0 0.338 0.7424999999999999 0 0.08500000000000008
0 0.418 0.8395 0 0.119
0 0.458 0.5974999999999999 0 0.061000000000000054
0 0.498 0.5985 0 0.049000000000000044
0 0.498 0.9575 0 0.04699999999999993
0 0.538 0.5905 0 0.04300000000000004
0 0.578 0.9315 0 0.09899999999999998
0 0.618 0.621 0 0.09000000000000008
0 0.618 0.859 0 0.244
0 0.698 0.2665 0 0.06699999999999998
0 0.698 0.59 0 0.04400000000000004
0 0.698 0.8835 0 0.123
0 0.738 0.254 0 0.048000000000000015
0 0.738 0.8615 0 0.14900000000000002
0 0.778 0.2885 0 0.10100000000000003
0 0.778 0.5660000000000001 0 0.051999999999999935
0 0.818 0.5795 0 0.04299999999999993
0 0.818 0.817 0 0.07999999999999996
0 0.858 0.526 0 0.14599999999999996
0 0.858 0.8215 0 0.06699999999999995
1 0.1178125 0.538 0.036345778640717 0.05
1 0.1980045166015625 0.7055 0.043855186983397514 0.05
1 0.1200625 0.611 0.0408214481002328 0.05
1 0.198 0.432 0.04019950248448356 0.05
3 0.262875 0.375 0.40875 0.40399999999999997
3 0.671625 0.375 0.40875 0.40399999999999997
3 0.262875 0.7789999999999999 0.40875 0.404
3 0.671625 0.7789999999999999 0.40875 0.404