0 0.09425 0.337 0 0.34199999999999997
0 0.1295 0.214 0.087 0
0 0.176625 0.2205 0 0.08100000000000002
0 0.21875 0.3065 0 0.07699999999999996
0 0.17815625 0.3695 0 0.125
0 0.247 0.374 0.06400000000000003 0
0 0.251 0.454 0.05600000000000002 0
0 0.18225 0.514 0 0.040000000000000036
0 0.138 0.20350000000000001 0 0.049000000000000016
0 0.218 0.474 0 0.12000000000000005
0 0.258 0.4595 0 0.09900000000000003
1 0.1976875 0.2645 0.04270264189719413 0.05
1 0.198078125 0.423 0.043720983681322864 0.05
3 0.13424999999999998 0.258 0.0965 0.18399999999999997
3 0.23075 0.258 0.09650000000000003 0.18399999999999997
3 0.13424999999999998 0.442 0.0965 0.18400000000000005
3 0.23075 0.442 0.09650000000000003 0.18400000000000005