0 0.152875 0.10950000000000001 0 0.05500000000000001
0 0.192 0.14100000000000001 0 0.11800000000000001
0 0.15275 0.1905 0 0.056999999999999995
0 0.30725 0.246 0 0.08799999999999997
0 0.39325 0.244 0 0.07799999999999999
0 0.152625 0.35550000000000004 0 0.067
0 0.110125 0.36050000000000004 0 0.063
0 0.215 0.442 0.05399999999999999 0
0 0.192 0.35550000000000004 0 0.04099999999999998
0 0.192 0.4415 0 0.04500000000000004
0 0.352 0.354 0 0.045999999999999985
0 0.472 0.2295 0 0.056999999999999995
0 0.472 0.317 0 0.040000000000000036
1 0.1528125 0.1495 0.0250003124980469 0.05
1 0.192 0.3975 0.043 0.05
1 0.472 0.2775 0.039 0.05
3 0.20059375000000002 0.17750000000000002 0.1809375 0.191
3 0.38153125 0.17750000000000002 0.18093749999999997 0.191
3 0.20059375000000002 0.36850000000000005 0.1809375 0.191
3 0.38153125 0.36850000000000005 0.18093749999999997 0.191