0 0.4925 0.29 0.19699999999999995 0
0 0.79 0.7875 0 0.45099999999999985
0 0.82 0.7735000000000001 0 0.545
0 0.745 0.253 0.07000000000000006 0
0 0.47850000000000004 0.285 0.056999999999999995 0
0 0.7515000000000001 0.285 0.08500000000000008 0
0 0.6699999999999999 0.565 0.14400000000000002 0
0 0.136 0.981 0.188 0
0 0.37649999999999995 0.989 0.065 0
0 0.477 0.989 0.10600000000000004 0
0 0.7555000000000001 0.989 0.06900000000000006 0
0 0.2015 1.005 0.11100000000000002 0
0 0.053 0.8614999999999999 0 0.06500000000000006
0 0.781 0.5465 0 0.05699999999999994
0 0.781 0.9279999999999999 0 0.138
0 0.789 0.351 0 0.132
3 0.2365 0.45125 0.389 0.39649999999999996
3 0.6255 0.45125 0.38899999999999996 0.39649999999999996
3 0.2365 0.84775 0.389 0.3965000000000001
3 0.6255 0.84775 0.38899999999999996 0.3965000000000001