0 0.45 0.317 0.11199999999999999 0
0 0.6499999999999999 0.317 0.10999999999999999 0
0 0.9184999999999999 0.317 0.18899999999999995 0
0 0.3695 0.397 0.131 0
0 0.9824999999999999 0.397 0.1449999999999999 0
0 0.4105 0.437 0.044999999999999984 0
0 0.63075 0.46299999999999997 0 0.334
0 0.41000000000000003 0.477 0.04999999999999999 0
0 0.4145 0.517 0.04099999999999998 0
0 0.452 0.597 0.10999999999999999 0
0 0.42100000000000004 0.637 0.04799999999999999 0
0 0.914 0.8045 0 0.050999999999999934
0 0.952125 0.8089999999999999 0 0.05999999999999994
0 1.0034999999999998 0.797 0.04699999999999993 0
0 0.234875 0.879 0 0.10000000000000009
0 0.9935 0.837 0.2330000000000001 0
0 0.441 0.89 0 1.188
0 1.045 1.477 0.13000000000000012 0
0 0.47825 1.4929999999999999 0 0.04799999999999982
0 1.05 1.517 0.04400000000000004 0
0 0.513 1.557 0.06600000000000006 0
0 0.7215 1.557 0.28700000000000003 0
0 0.99175 1.514 0 0.08599999999999985
0 1.07425 1.522 0 0.10199999999999987
0 0.354 0.4185 0 0.04899999999999999
0 0.394 0.406 0 0.23200000000000004
0 0.474 0.318 0 0.04400000000000004
0 0.554 0.30700000000000005 0 0.06
0 0.554 0.6125 0 0.04700000000000004
0 0.594 0.3095 0 0.061
0 0.594 1.5070000000000001 0 0.07199999999999984
0 0.634 1.5085000000000002 0 0.07499999999999996
0 0.714 1.509 0 0.07999999999999985
0 0.754 0.3055 0 0.056999999999999995
0 0.834 0.30800000000000005 0 0.057999999999999996
0 0.874 1.522 0 0.10199999999999987
0 0.994 0.318 0 0.04400000000000004
0 0.994 0.806 0 0.04799999999999993
0 1.034 0.3055 0 0.056999999999999995
0 1.034 1.3285 0 0.04300000000000015
1 0.459625 1.4765 0.040156724218989776 0.05
1 0.562 1.557 0.032 0.05
3 0.45365625 0.601 0.4375625 0.648
3 0.8912187500000001 0.601 0.4375625000000001 0.648
3 0.45365625 1.249 0.4375625 0.6479999999999999
3 0.8912187500000001 1.249 0.4375625000000001 0.6479999999999999