0 1.600875 0.4445 0 0.04700000000000004
0 0.9895 0.564 1.201 0
0 0.15425 0.6255 0 0.04300000000000004
0 1.082 0.604 0.06000000000000005 0
0 0.23875 0.6805 0 0.15900000000000003
0 0.9765 0.644 0.119 0
0 1.3205 0.644 0.1589999999999998 0
0 1.6545 0.644 0.123 0
0 1.6935 0.724 0.040999999999999925 0
0 1.7115 0.764 0.125 0
0 1.4969999999999999 0.844 0.04799999999999982 0
0 1.7115 0.884 0.125 0
0 0.23890625 1.02 0 0.1120000000000001
0 0.5165 0.964 0.09100000000000008 0
0 1.5915 0.964 0.18100000000000005 0
0 0.3115 1.004 0.32899999999999996 0
0 0.6075 1.004 0.15300000000000002 0
0 1.35809375 1.0684999999999998 0 0.131
0 1.5815000000000001 1.004 0.385 0
0 0.2625 1.044 0.099 0
0 0.4815 1.0135 0 0.1090000000000001
0 0.5755 1.044 0.08499999999999996 0
0 0.6388125 1.089 0 0.08999999999999986
0 0.3255 1.084 0.061 0
0 0.538 1.084 0.05399999999999994 0
0 0.600125 1.0815000000000001 0 0.04500000000000015
0 0.838125 1.109 0 0.04999999999999982
0 0.876625 1.1075 0 0.04699999999999993
0 0.91775 1.347 0 0.532
0 1.04575 1.105 0 0.041999999999999815
0 1.7235 1.084 0.10099999999999998 0
0 0.2375 1.124 0.09699999999999998 0
0 0.32425 1.1025 0 0.04300000000000015
0 0.5095 1.124 0.10899999999999993 0
0 0.8725 1.124 0.4990000000000001 0
0 1.301 1.124 0.04800000000000004 0
0 0.360625 1.238 0 0.14800000000000013
0 0.42900000000000005 1.164 0.055999999999999994 0
0 1.076375 1.1585 0 0.07099999999999995
0 1.719125 1.1905000000000001 0 0.05300000000000016
0 0.383 1.204 0.06 0
0 0.8375625 1.249 0 0.09000000000000008
0 0.4255 1.244 0.056999999999999995 0
0 0.441875 1.2615 0 0.06499999999999995
0 0.22749999999999998 1.324 0.04100000000000001 0
0 0.7991875 1.342 0 0.06400000000000006
0 1.07475 1.366 0 0.08399999999999985
0 1.19759375 1.3695 0 0.17700000000000005
0 1.236625 1.3655 0 0.10899999999999999
0 0.442 1.364 0.59 0
0 1.1855 1.364 0.10499999999999998 0
0 0.28125 1.3755 0 0.05699999999999994
0 0.838875 1.431 0 0.05400000000000005
0 1.0115 1.404 0.13300000000000012 0
0 0.95875 1.4215 0 0.11299999999999999
0 0.283 1.5125000000000002 0 0.04699999999999993
0 1.081875 1.546 0 0.04400000000000004
0 0.988 1.564 0.15399999999999991 0
0 1.3155000000000001 1.564 0.11499999999999999 0
0 0.278 0.9895 0 0.041000000000000036
0 0.318 1.0274999999999999 0 0.04500000000000015
0 0.358 1.0505 0 0.09100000000000019
0 0.398 1.245 0 0.09000000000000008
0 0.518 0.8805000000000001 0 0.04700000000000004
0 0.518 1.1495 0 0.121
0 0.518 1.2635 0 0.04499999999999993
0 0.518 1.3425 0 0.051000000000000156
0 0.558 1.0545 0 0.19899999999999995
0 0.558 1.3775 0 0.04499999999999993
0 0.598 1.0005 0 0.06300000000000006
0 0.638 0.9935 0 0.041000000000000036
0 0.878 0.6325000000000001 0 0.06300000000000006
0 0.918 0.5955 0 0.07299999999999995
0 0.958 1.113 0 0.052000000000000046
0 0.998 1.5474999999999999 0 0.04100000000000015
0 1.078 0.62 0 0.04800000000000004
0 1.158 1.2555 0 0.2689999999999999
0 1.198 0.6005 0 0.09099999999999997
0 1.198 0.8145 0 0.04299999999999993
0 1.278 1.2705 0 0.29499999999999993
0 1.318 0.6405000000000001 0 0.07500000000000007
0 1.398 1.0365 0 0.05500000000000016
0 1.438 0.622 0 0.052000000000000046
0 1.478 0.632 0 0.06000000000000005
0 1.518 0.8305 0 0.04299999999999993
0 1.518 0.9784999999999999 0 0.05900000000000005
0 1.558 0.6335 0 0.07300000000000006
0 1.558 0.9884999999999999 0 0.06700000000000006
0 1.598 0.608 0 0.08800000000000008
0 1.598 0.9904999999999999 0 0.05900000000000005
0 1.638 0.9915 0 0.05700000000000005
0 1.678 0.7995 0 0.6729999999999998
0 1.678 1.3405 0 0.16300000000000003
0 1.718 0.40700000000000003 0 0.055999999999999994
0 1.718 0.7484999999999999 0 0.06700000000000006
0 1.718 0.8734999999999999 0 0.07300000000000006
0 1.718 1.0295 0 0.05700000000000016
0 1.758 0.4585 0 0.09100000000000003
0 1.758 0.7665 0 0.04300000000000004
0 1.758 0.8654999999999999 0 0.04500000000000004
0 1.758 1.0335 0 0.1250000000000001
1 1.0145 0.624 0.04308131845707603 0.05
1 0.3545 0.984 0.04031128874149274 0.05
1 0.3035 1.064 0.04346262762420146 0.05
1 0.49975 1.0785 0.04210997506529777 0.05
1 0.61840625 1.0515 0.042540100566994435 0.05
1 1.0610625 1.1245 0.030771587950575448 0.05
1 0.4825 1.144 0.04004996878900158 0.05
1 0.405 1.184 0.0417612260356422 0.05
1 0.818375 1.302 0.0415769241887853 0.05
1 0.298 1.0075 0.04031128874149274 0.05
1 0.518 1.2255 0.031 0.05
1 0.518 1.3015 0.031 0.05
1 0.538 1.3615 0.042059481689626185 0.05
3 0.55375 0.6875 0.8135 0.617
3 1.36725 0.6875 0.8135 0.617
3 0.55375 1.3045 0.8135 0.617
3 1.36725 1.3045 0.8135 0.617