0 0.4995 0.633 0.275 0
0 0.5025 0.673 0.275 0
0 0.746 0.673 0.1060000000000001 0
0 0.889 0.673 0.07200000000000006 0
0 0.496 0.713 0.262 0
0 0.5105 0.753 0.29100000000000004 0
0 0.30525 0.7975 0 0.04899999999999993
0 0.34525 0.7989999999999999 0 0.04599999999999993
0 0.66525 0.7725 0 0.05900000000000005
0 0.7825 1.0015 0 0.19899999999999995
0 0.361 1.033 0.11199999999999999 0
0 0.47750000000000004 1.033 0.059 0
0 0.734 1.033 0.04200000000000004 0
0 0.9035 1.153 0.04300000000000004 0
0 0.7475 1.193 0.08900000000000008 0
0 0.384 1.233 0.184 0
0 0.502125 1.2469999999999999 0 0.1060000000000001
0 0.5785 1.233 0.06299999999999994 0
0 0.8985000000000001 1.273 0.05300000000000005 0
0 0.39549999999999996 1.313 0.061 0
0 0.5415 1.313 0.135 0
0 0.902 1.313 0.04600000000000004 0
0 0.4425 1.353 0.307 0
0 0.898 1.33 0 0.04600000000000004
0 0.6635 1.393 0.119 0
0 0.8055 1.393 0.05899999999999994 0
0 0.764 1.433 0.04800000000000004 0
0 0.658625 1.4745 0 0.05499999999999994
0 0.759 1.513 0.05800000000000005 0
0 0.887 1.513 0.07600000000000007 0
0 0.802 1.553 0.09199999999999997 0
0 0.696 1.593 0.18400000000000005 0
0 0.16399999999999998 1.633 0.04200000000000001 0
0 0.721 1.633 0.04800000000000004 0
0 0.1805 1.673 0.069 0
0 0.605 1.673 0.6400000000000001 0
0 0.5880000000000001 1.713 0.061999999999999944 0
0 0.7305 1.713 0.11499999999999999 0
0 0.6705000000000001 1.753 0.22699999999999998 0
0 0.181 1.654 0 0.05600000000000005
0 0.301 1.2189999999999999 0 0.050000000000000044
0 0.381 0.6915 0 0.19500000000000006
0 0.381 0.846 0 0.052000000000000046
0 0.421 0.6885 0 0.18900000000000006
0 0.421 1.0230000000000001 0 0.04200000000000004
0 0.461 0.7015 0 0.21500000000000008
0 0.461 1.2269999999999999 0 0.06600000000000006
0 0.501 0.69 0 0.19200000000000006
0 0.541 0.7465 0 0.125
0 0.581 0.6885 0 0.18900000000000006
0 0.581 1.217 0 0.04600000000000004
0 0.581 1.3155000000000001 0 0.049000000000000155
0 0.581 1.721 0 0.10399999999999987
0 0.621 0.6930000000000001 0 0.19200000000000006
0 0.621 1.7195 0 0.10699999999999998
0 0.661 1.3014999999999999 0 0.049000000000000155
0 0.661 1.6764999999999999 0 0.05499999999999994
0 0.701 0.6795 0 0.06499999999999995
0 0.701 1.3805 0 0.040999999999999925
0 0.701 1.6155 0 0.04499999999999993
0 0.701 1.7065000000000001 0 0.07499999999999996
0 0.741 1.7015 0 0.06499999999999995
0 0.781 1.4805 0 0.585
0 0.821 1.6800000000000002 0 0.04200000000000004
0 0.861 1.4855 0 0.15100000000000002
0 0.901 0.968 0 0.052000000000000046
0 0.901 1.103 0 0.10199999999999987
0 0.901 1.51 0 0.09399999999999986
1 0.363125 0.708 0.038040274709838784 0.05
1 0.363125 0.821 0.03580590035175767 0.05
1 0.4325 1.033 0.031 0.05
1 0.6 1.373 0.040792156108742275 0.05
1 0.7315 1.413 0.04346262762420146 0.05
1 0.7875 1.413 0.0417612260356422 0.05
1 0.8405 1.533 0.04001249804748511 0.05
1 0.681 1.6485 0.041484937025383084 0.05
3 0.3385 0.8887499999999999 0.391 0.5895
3 0.7295 0.8887499999999999 0.391 0.5895
3 0.3385 1.47825 0.391 0.5894999999999999
3 0.7295 1.47825 0.391 0.5894999999999999