0 0.65025 0.1885 0 0.069
0 0.241 0.274 0.04000000000000001 0
0 0.6875 0.474 0.06699999999999995 0
0 0.1275 0.514 0.049 0
0 0.13775 0.5855 0 0.06299999999999994
0 0.20350000000000001 0.634 0.04500000000000001 0
0 0.399 0.674 0.068 0
0 0.387 0.714 0.04199999999999998 0
0 0.38749999999999996 0.754 0.04299999999999998 0
0 0.414 0.7230000000000001 0 0.10399999999999998
0 0.574 0.333 0 0.138
0 0.614 0.353 0 0.09600000000000003
0 0.654 0.3325 0 0.05499999999999999
0 0.654 0.5855 0 0.06099999999999994
0 0.694 0.355 0 0.10000000000000003
0 0.694 0.47550000000000003 0 0.069
0 0.694 0.579 0 0.05599999999999994
0 0.734 0.322 0 0.214
1 0.694 0.423 0.036 0.05
1 0.694 0.5305 0.041 0.05
1 0.714 0.3625 0.0417612260356422 0.05
3 0.26075 0.30925 0.3155 0.3105
3 0.5762499999999999 0.30925 0.3155 0.3105
3 0.26075 0.61975 0.3155 0.3105
3 0.5762499999999999 0.61975 0.3155 0.3105