0 0.8645 0.36 0.14500000000000002 0
0 0.2975 0.44 0.13699999999999998 0
0 0.615 0.44 0.1459999999999999 0
0 0.302 0.525 0.146 0
0 0.255 0.6785 0 0.11499999999999999
0 0.46 0.277 0 0.188
0 0.5 0.272 0 0.178
0 0.67 0.27549999999999997 0 0.185
0 0.965 0.27649999999999997 0 0.189
0 0.6565 0.181 0.10699999999999998 0
0 0.8585 0.181 0.051000000000000045 0
0 0.481 0.189 0.11000000000000004 0
0 0.9445 0.189 0.06699999999999995 0
0 0.8959999999999999 0.293 0.16400000000000003 0
0 0.8634999999999999 0.301 0.09900000000000009 0
0 0.946 0.301 0.06399999999999995 0
0 0.812 0.365 0.08399999999999996 0
0 0.236 0.373 0.06200000000000003 0
0 0.601 0.437 0.11399999999999999 0
0 0.78 0.437 0.06599999999999995 0
0 0.9165 0.437 0.123 0
0 1.1360000000000001 0.469 0.17599999999999993 0
0 0.573 0.677 0.07399999999999995 0
0 0.253 0.3135 0 0.257
0 0.253 0.6085 0 0.17699999999999994
0 0.445 0.621 0 0.1439999999999999
0 0.541 0.566 0 0.25199999999999995
0 0.669 0.2715 0 0.11300000000000002
0 0.813 0.3315 0 0.07900000000000001
0 0.853 0.213 0 0.06
0 0.965 0.257 0 0.14800000000000002
0 0.965 0.5495 0 0.283
0 1.045 0.397 0 0.16399999999999998
1 0.965 0.3895 0.037 0.05
1 0.8975 0.185 0.028160255680657446 0.05
1 0.834 0.437 0.042 0.05
2 0.46 0.277 0.035 0.05
3 0.45975 0.31975 0.5095000000000001 0.2775
3 0.96925 0.31975 0.5095 0.2775
3 0.45975 0.5972500000000001 0.5095000000000001 0.27749999999999997
3 0.96925 0.5972500000000001 0.5095 0.27749999999999997