0 1.23 0.34 0.14400000000000013 0
0 0.651 0.74 0.128 0
0 0.6185 0.78 0.15699999999999992 0
0 0.541 0.805 0.24200000000000005 0
0 0.667 1 0.15800000000000003 0
0 0.913 1.33 0.21399999999999997 0
0 0.375 0.6819999999999999 0 0.16600000000000004
0 0.425 0.9065 0 0.121
0 0.485 0.8660000000000001 0 0.10999999999999999
0 0.535 1.071 0 0.25
0 0.98 1.2465000000000002 0 0.11499999999999999
0 1.355 1.0185 0 0.43700000000000006
0 1.42 1.017 0 0.43399999999999994
0 1.785 0.6699999999999999 0 0.17000000000000004
0 1.785 1.3 0 0.15799999999999992
0 1.5785 0.333 0.07699999999999996 0
0 0.502 0.341 0.08200000000000002 0
0 1.412 0.341 0.07000000000000006 0
0 1.5710000000000002 0.357 0.10200000000000009 0
0 0.502 0.365 0.08200000000000002 0
0 1.2025000000000001 0.365 0.20300000000000007 0
0 1.4075 0.365 0.06099999999999994 0
0 1.7265 0.365 0.06499999999999995 0
0 1.2570000000000001 0.485 0.06399999999999983 0
0 1.537 0.525 0.06400000000000006 0
0 1.4595 0.549 0.05500000000000016 0
0 1.5255 0.557 0.06899999999999995 0
0 1.9555 0.573 0.07699999999999996 0
0 1.9505 0.597 0.06699999999999995 0
0 1.5135 0.653 0.052999999999999936 0
0 0.8905000000000001 0.669 0.051000000000000045 0
0 1.2785 0.669 0.11299999999999999 0
0 0.2165 0.677 0.05299999999999999 0
0 0.4315 0.685 0.11299999999999999 0
0 0.4315 0.709 0.11299999999999999 0
0 1.6764999999999999 0.797 0.22499999999999987 0
0 1.099 0.805 0.20800000000000007 0
0 1.3820000000000001 0.805 0.2100000000000002 0
0 1.069 0.821 0.06400000000000006 0
0 2.143 0.853 0.19199999999999973 0
0 2.0685000000000002 0.877 0.30300000000000016 0
0 0.673 0.949 0.16800000000000004 0
0 0.7115 0.965 0.121 0
0 0.8520000000000001 1.085 0.08399999999999996 0
0 0.8365 1.101 0.052999999999999936 0
0 0.8520000000000001 1.197 0.08799999999999997 0
0 0.49250000000000005 1.237 0.07500000000000001 0
0 0.6815 1.237 0.07099999999999995 0
0 1.048 1.237 0.13600000000000012 0
0 1.3395000000000001 1.237 0.16300000000000003 0
0 1.7305 1.237 0.11699999999999999 0
0 0.48550000000000004 1.261 0.08900000000000002 0
0 0.6815 1.261 0.07099999999999995 0
0 1.0475 1.261 0.13700000000000012 0
0 1.7315 1.261 0.11499999999999999 0
0 1.006 1.269 0.052000000000000046 0
0 1.0705 1.269 0.07500000000000018 0
0 0.101 0.843 0 0.07599999999999996
0 0.101 0.959 0 0.1519999999999999
0 0.101 1.169 0 0.19199999999999995
0 0.101 1.3639999999999999 0 0.14200000000000013
0 0.253 1.0625 0 0.06899999999999995
0 0.485 0.5740000000000001 0 0.47200000000000003
0 0.493 1.2269999999999999 0 0.07999999999999985
0 0.829 1.077 0 0.052000000000000046
0 0.837 0.5955 0 0.14100000000000001
0 1.013 0.873 0 0.10400000000000009
0 1.013 0.9570000000000001 0 0.05999999999999994
0 1.013 1.2014999999999998 0 0.131
0 1.221 0.436 0 0.05600000000000005
0 1.221 0.5135000000000001 0 0.09500000000000003
0 1.237 0.6415 0 0.07300000000000006
0 1.269 0.2725 0 0.12100000000000002
0 1.485 0.6315 0 0.05700000000000005
0 1.525 0.5685 0 0.06899999999999995
0 1.549 0.5685 0 0.06899999999999995
0 1.557 0.3995 0 0.129
0 1.917 0.726 0 0.30000000000000004
0 2.237 0.9319999999999999 0 0.10399999999999998
1 0.514 1.1915 0.04295346318982906 0.05
1 1.5005 0.537 0.03 0.05
1 0.101 1.054 0.038 0.05
1 0.101 1.279 0.028 0.05
1 1.505 0.597 0.04 0.05
2 1.785 0.67 0.035 0.05
3 0.6355 0.51775 1.069 0.6115
3 1.7045 0.51775 1.069 0.6115
3 0.6355 1.12925 1.069 0.6115
3 1.7045 1.12925 1.069 0.6115