0 0.20275 0.3095 0 0.041000000000000036
0 0.696 0.329 0.10999999999999999 0
0 1.13 0.329 0.11999999999999988 0
0 1.3175 0.329 0.1010000000000002 0
0 0.673 0.369 0.041999999999999926 0
0 1.1535 0.369 0.121 0
0 2.7409999999999997 0.369 0.48 0
0 1.202625 0.43899999999999995 0 0.064
0 1.293 0.409 0.040000000000000036 0
0 1.52246875 0.5255 0 0.23300000000000004
0 0.204125 0.45299999999999996 0 0.03999999999999998
0 0.484 0.449 0.25 0
0 0.8925000000000001 0.449 0.06500000000000006 0
0 1.3535 0.449 0.373 0
0 2.7795 0.449 0.43100000000000005 0
0 1.025 0.489 0.040000000000000036 0
0 0.47150000000000003 0.529 0.05499999999999999 0
0 1.408 0.529 0.040000000000000036 0
0 2.6355000000000004 0.529 0.05699999999999994 0
0 0.202375 0.5885 0 0.06899999999999995
0 2.6035 0.569 0.07899999999999974 0
0 0.5555 0.609 0.387 0
0 0.967 0.609 0.3739999999999999 0
0 2.5955 0.609 0.06299999999999972 0
0 2.718875 0.671 0 0.124
0 2.887 0.609 0.29600000000000026 0
0 0.33399999999999996 0.649 0.062 0
0 0.39725 0.608 0 0.35000000000000003
0 0.6905 0.649 0.06099999999999994 0
0 1.537 0.649 0.04200000000000004 0
0 2.7345 0.649 0.125 0
0 2.88925 0.6265000000000001 0 0.04500000000000004
0 0.2875 0.7010000000000001 0 0.041999999999999926
0 1.537 0.689 0.04200000000000004 0
0 2.67625 0.6605 0 0.10899999999999999
0 0.3865 0.729 0.21099999999999997 0
0 0.6985 0.729 0.09699999999999998 0
0 1.338 0.729 0.4019999999999999 0
0 2.7984999999999998 0.729 0.4730000000000003 0
0 0.6479999999999999 0.769 0.07999999999999996 0
0 1.3995 0.769 0.05699999999999994 0
0 1.4815 0.752 0 0.05400000000000005
0 2.727 0.769 0.040000000000000036 0
0 0.6499999999999999 0.809 0.07799999999999996 0
0 1.1835 0.809 0.09299999999999997 0
0 3.0008125 0.8435 0 0.17100000000000004
0 0.6465000000000001 0.849 0.07100000000000006 0
0 1.171 0.849 0.06400000000000006 0
0 1.2770000000000001 0.849 0.07199999999999984 0
0 1.4144999999999999 0.849 0.05700000000000016 0
0 0.24525 0.898 0 0.07800000000000007
0 0.283 0.8375 0 0.11299999999999999
0 0.483 0.889 0.055999999999999994 0
0 0.92525 0.8955 0 0.06700000000000006
0 1.000625 0.8945000000000001 0 0.06500000000000006
0 1.08475 0.886 0 0.062000000000000055
0 1.224 0.889 0.17399999999999993 0
0 1.361875 0.9155 0 0.06099999999999994
0 0.245 0.929 0.07000000000000003 0
0 0.492 0.929 0.07400000000000001 0
0 0.6465000000000001 0.929 0.08100000000000007 0
0 0.7975 0.929 0.05699999999999994 0
0 1.0515 0.929 0.3670000000000001 0
0 1.28178125 0.9585 0 0.21500000000000008
0 1.3465 0.929 0.08099999999999996 0
0 1.681875 0.913 0 0.30200000000000005
0 2.3609999999999998 0.929 0.04400000000000004 0
0 3.0105000000000004 0.929 0.04899999999999993 0
0 0.76025 0.9590000000000001 0 0.05599999999999994
0 0.845375 0.9650000000000001 0 0.06799999999999995
0 1.208 0.969 0.06000000000000005 0
0 1.3195000000000001 0.969 0.1010000000000002 0
0 1.4430625 1.006 0 0.1200000000000001
0 1.5175 0.969 0.06899999999999995 0
0 2.2365 0.969 0.3849999999999998 0
0 0.281875 1.0265 0 0.07100000000000006
0 0.362 1.009 0.10399999999999998 0
0 0.44975 1.0585 0 0.0990000000000002
0 0.8065 1.009 0.07099999999999995 0
0 1.0325 1.009 0.04700000000000015 0
0 1.162125 1.1709999999999998 0 0.32400000000000007
0 1.20875 1.0215 0 0.07300000000000006
0 1.3365 1.009 0.16900000000000004 0
0 2.362 1.013 0 0.13400000000000012
0 2.6808125 1.1155 0 0.21300000000000008
0 0.327 1.049 0.25 0
0 0.5245 0.963 0 0.17199999999999993
0 1.3359999999999999 1.049 0.3939999999999999 0
0 2.6085 1.049 0.09299999999999997 0
0 2.792 1.049 0.06600000000000028 0
0 2.9575 1.049 0.15500000000000025 0
0 0.4165 1.089 0.10899999999999999 0
0 0.7625 1.1545 0 0.131
0 1.079375 1.0895000000000001 0 0.04100000000000015
0 1.119125 1.109 0 0.08000000000000007
0 1.28128125 1.162 0 0.14600000000000013
0 1.421 1.089 0.22999999999999998 0
0 2.603625 0.913 0 0.44000000000000006
0 2.657 1.089 0.04400000000000004 0
0 2.838 1.089 0.19399999999999995 0
0 3.0010000000000003 1.089 0.06800000000000006 0
0 0.25 1.129 0.07599999999999998 0
0 0.40225 1.1775 0 0.41100000000000003
0 0.471 1.129 0.045999999999999985 0
0 0.6675 1.129 0.04499999999999993 0
0 0.7236875 1.1745 0 0.10699999999999998
0 1.41 1.129 0.23399999999999999 0
0 1.681375 1.3125 0 0.367
0 2.6275 1.129 0.13100000000000023 0
0 2.7615 1.129 0.04499999999999993 0
0 2.911 1.129 0.16999999999999993 0
0 0.202625 1.1629999999999998 0 0.062000000000000055
0 0.6755 1.169 0.129 0
0 0.8280000000000001 1.169 0.10599999999999998 0
0 1.1764999999999999 1.169 0.08299999999999996 0
0 1.443375 1.188 0 0.12400000000000011
0 1.5125000000000002 1.169 0.06699999999999995 0
0 2.40199462890625 1.3984999999999999 0 0.4850000000000001
0 2.5975 1.169 0.07100000000000017 0
0 2.9370000000000003 1.169 0.058000000000000274 0
0 0.242 1.209 0.060000000000000026 0
0 0.746 1.209 0.27 0
0 1.169 1.209 0.06000000000000005 0
0 1.413 1.209 0.07600000000000007 0
0 2.2169999999999996 1.209 0.06000000000000005 0
0 2.28025 1.232 0 0.06999999999999984
0 2.388 1.209 0.06000000000000005 0
0 2.6405 1.209 0.052999999999999936 0
0 2.76303125 1.263 0 0.1439999999999999
0 3.003875 1.201 0 0.04200000000000004
0 0.405 1.249 0.08600000000000002 0
0 0.8415 1.288 0 0.08999999999999986
0 1.243 1.288 0 0.07799999999999985
0 1.4575 1.249 0.14300000000000002 0
0 2.0415 1.249 0.04300000000000015 0
0 2.9365 1.249 0.052999999999999936 0
0 0.922375 1.2894999999999999 0 0.050999999999999934
0 1.137 1.289 0.08800000000000008 0
0 1.4625 1.289 0.08899999999999997 0
0 1.5241875 1.3285 0 0.375
0 1.59775 1.309 0 0.040000000000000036
0 2.001 1.325 0 0.07200000000000006
0 2.482125 1.263 0 0.062000000000000055
0 1.6185 1.329 2.833 0
0 1.3255 1.369 0.061000000000000165 0
0 1.443 1.3980000000000001 0 0.21599999999999997
0 1.4825 1.355 0 0.17200000000000015
0 1.5825 1.369 0.051000000000000156 0
0 1.6835 1.369 0.06700000000000017 0
0 1.80175 1.4005 0 0.21100000000000008
0 0.7615000000000001 1.409 0.21499999999999997 0
0 1.284625 1.4085 0 0.07699999999999996
0 1.4495 1.409 0.2650000000000001 0
0 1.763125 1.4 0 0.20199999999999996
0 1.841625 1.406 0 0.21799999999999997
0 0.741 1.449 0.17399999999999993 0
0 1.4815 1.4815 0 0.06499999999999995
0 1.723375 1.4785 0 0.05899999999999994
0 0.80275 1.5190000000000001 0 0.05999999999999983
0 0.8416875 1.514 0 0.06999999999999984
0 1.173 1.489 0.04200000000000004 0
0 1.2625 1.489 0.06899999999999995 0
0 1.4215 1.489 0.18299999999999983 0
0 1.7965 1.489 0.5010000000000001 0
0 2.0805 1.5155 0 0.052999999999999936
0 2.182 1.489 0.04999999999999982 0
0 1.1745 1.529 0.04100000000000015 0
0 1.99975 1.516 0 0.05799999999999983
0 2.5215 1.5825 0 0.11699999999999999
0 2.04125 1.562 0 0.15799999999999992
0 0.2815 1.609 0.07300000000000001 0
0 0.5005000000000001 1.609 0.065 0
0 0.743 1.609 0.05600000000000005 0
0 0.8765000000000001 1.609 0.05500000000000005 0
0 1.2269999999999999 1.609 0.06799999999999984 0
0 0.202 0.8845000000000001 0 0.3750000000000001
0 0.242 0.5905 0 0.10299999999999998
0 0.242 1.1560000000000001 0 0.08600000000000008
0 0.322 0.385 0 0.124
0 0.322 1.0545 0 0.10499999999999998
0 0.322 1.3655 0 0.07299999999999995
0 0.362 0.5795 0 0.293
0 0.362 1.0365 0 0.121
0 0.362 1.1875 0 0.051000000000000156
0 0.362 1.3655 0 0.07299999999999995
0 0.442 0.749 0 0.05600000000000005
0 0.482 0.9045000000000001 0 0.05500000000000005
0 0.482 1.1524999999999999 0 0.05300000000000016
0 0.562 1.131 0 0.040000000000000036
0 0.602 0.4545 0 0.04299999999999998
0 0.642 0.806 0 0.14800000000000002
0 0.642 1.161 0 0.14000000000000012
0 0.682 0.38849999999999996 0 0.175
0 0.682 0.8215 0 0.2270000000000001
0 0.682 1.2374999999999998 0 0.40900000000000003
0 0.722 0.629 0 0.04600000000000004
0 0.802 0.9585 0 0.08099999999999996
0 0.802 1.2189999999999999 0 0.1479999999999999
0 0.842 1.1915 0 0.052999999999999936
0 0.842 1.412 0 0.07000000000000006
0 0.882 0.886 0 0.062000000000000055
0 0.882 1.1915 0 0.131
0 0.882 1.3864999999999998 0 0.07499999999999996
0 0.962 0.8895 0 0.05500000000000005
0 0.962 1.4075000000000002 0 0.08299999999999996
0 1.002 1.315 0 0.050000000000000044
0 1.042 0.889 0 0.05400000000000005
0 1.042 1.319 0 0.05800000000000005
0 1.042 1.4064999999999999 0 0.04299999999999993
0 1.042 1.5125 0 0.07299999999999995
0 1.082 1.3115 0 0.04299999999999993
0 1.082 1.5125 0 0.07299999999999995
0 1.122 0.3305 0 0.08300000000000002
0 1.122 0.9595 0 0.08299999999999985
0 1.122 1.5125 0 0.07299999999999995
0 1.162 0.4 0 0.20600000000000002
0 1.162 0.77 0 0.3320000000000001
0 1.162 1.505 0 0.051999999999999824
0 1.202 0.8300000000000001 0 0.11399999999999999
0 1.202 1.1945000000000001 0 0.09899999999999998
0 1.202 1.5065 0 0.05499999999999994
0 1.202 1.6195 0 0.04299999999999993
0 1.242 0.4215 0 0.07700000000000001
0 1.242 0.8915 0 0.08500000000000008
0 1.242 1.041 0 0.052000000000000046
0 1.242 1.514 0 0.06999999999999984
0 1.282 0.3135 0 0.04700000000000004
0 1.282 0.4315 0 0.067
0 1.282 1.2995 0 0.06699999999999995
0 1.322 0.3895 0 0.139
0 1.322 0.7455 0 0.041000000000000036
0 1.322 1.0375 0 0.20099999999999985
0 1.322 1.366 0 0.23399999999999999
0 1.362 0.3915 0 0.14300000000000002
0 1.362 1.0495 0 0.04299999999999993
0 1.362 1.3115 0 0.04299999999999993
0 1.362 1.476 0 0.07799999999999985
0 1.402 0.552 0 0.05999999999999994
0 1.402 0.8614999999999999 0 0.061000000000000054
0 1.402 1.0655 0 0.1529999999999999
0 1.402 1.2095 0 0.06300000000000017
0 1.402 1.3105 0 0.040999999999999925
0 1.402 1.514 0 0.06999999999999984
0 1.442 0.3425 0 0.044999999999999984
0 1.442 0.45499999999999996 0 0.043999999999999984
0 1.442 0.5740000000000001 0 0.10399999999999998
0 1.482 1.096 0 0.30000000000000004
0 1.522 0.7569999999999999 0 0.138
0 1.522 0.992 0 0.2520000000000001
0 1.962 1.3525 0 0.06299999999999994
0 2.042 1.089 0 0.04400000000000004
0 2.042 1.3395000000000001 0 0.04299999999999993
0 2.122 0.9455 0 0.06299999999999994
0 2.162 0.931 0 0.039999999999999925
0 2.242 0.9495 0 0.07699999999999996
0 2.242 1.2195 0 0.07499999999999996
0 2.282 0.9495 0 0.07699999999999996
0 2.322 0.966 0 0.04400000000000004
0 2.402 1.0265 0 0.20899999999999996
0 2.562 0.6715 0 0.123
0 2.562 1.096 0 0.474
0 2.642 0.5720000000000001 0 0.09999999999999998
0 2.642 1.1075 0 0.18100000000000005
0 2.682 0.558 0 0.04999999999999993
0 2.722 0.8145 0 0.09699999999999998
0 2.762 0.522 0 0.178
0 2.762 1.0945 0 0.137
0 2.842 1.1245 0 0.10099999999999998
0 2.882 1.0899999999999999 0 0.07199999999999984
0 2.882 1.237 0 0.039999999999999813
0 2.922 1.1745 0 0.28300000000000014
0 3.002 1.1099999999999999 0 0.04600000000000004
1 0.7645 0.609 0.031 0.05
1 0.526 0.629 0.04011234224026316 0.05
1 2.7204375 0.7495 0.033147633776787144 0.05
1 2.7404375 0.583 0.043171351901463546 0.05
1 2.659125 0.6185 0.037802943007125785 0.05
1 1.2355 0.829 0.041484937025383084 0.05
1 1.103375 0.9175 0.03726342040124604 0.05
1 1.3085 0.909 0.04031128874149274 0.05
1 1.3819375 0.8885 0.040731015516434155 0.05
1 0.847 0.929 0.042 0.05
1 1.2535 0.969 0.031 0.05
1 0.465875 1.117 0.03693321675673539 0.05
1 1.1420625 1.1255 0.04091473603727635 0.05
1 2.645 1.069 0.044721359549995794 0.05
1 1.262140625 1.242 0.04076093842838386 0.05
1 2.951 1.089 0.032 0.05
1 2.805 1.129 0.042 0.05
1 0.7575 1.169 0.035 0.05
1 1.4431875 1.27 0.040001757773877884 0.05
1 1.4226875 1.1195 0.04436091325705547 0.05
1 2.401997314453125 1.2815 0.025000000576972953 0.05
1 2.6235 1.189 0.04428317965096906 0.05
1 2.762515625 1.1805 0.02801898421717854 0.05
1 0.84175 1.249 0.025004999500099975 0.05
1 0.84175 1.355 0.0440028408173836 0.05
1 1.629 1.369 0.042 0.05
1 1.2833125 1.3565 0.037092999676488825 0.05
1 0.84184375 1.463 0.032001525842528196 0.05
1 1.211 1.489 0.034 0.05
1 1.3135 1.489 0.033 0.05
1 1.5295 1.489 0.033 0.05
1 0.342 0.44 0.04237924020083418 0.05
1 1.042 1.3665 0.037 0.05
1 1.142 0.8025 0.043863424398922615 0.05
1 1.302 0.3285 0.04346262762420146 0.05
1 1.522 0.846 0.04 0.05
3 0.91025 0.627 1.4165 0.6759999999999999
3 2.32675 0.627 1.4165 0.6759999999999999
3 0.91025 1.303 1.4165 0.676
3 2.32675 1.303 1.4165 0.676