0 0.527 0.547 0.062000000000000055 0
0 0.45999999999999996 0.587 0.07400000000000001 0
0 0.15701171875 0.8215 0 0.389
0 0.23375 0.742 0 0.22999999999999998
0 0.4615 0.627 0.19300000000000006 0
0 0.074 0.667 0.07400000000000001 0
0 0.23399999999999999 0.667 0.13199999999999998 0
0 0.4375 0.667 0.08099999999999996 0
0 0.172 0.707 0.136 0
0 0.4375 0.707 0.08099999999999996 0
0 0.13649999999999998 0.747 0.19899999999999998 0
0 0.13849999999999998 0.787 0.20299999999999999 0
0 0.095 0.827 0.11599999999999999 0
0 0.485 0.827 0.14600000000000007 0
0 0.10350000000000001 0.867 0.133 0
0 0.15 0.907 0.224 0
0 0.3945 1.004 0 0.19399999999999995
0 0.092 0.947 0.10799999999999998 0
0 0.1185 0.9584999999999999 0 0.10899999999999987
0 0.29750000000000004 1.067 0.521 0
0 0.1245 1.107 0.175 0
0 0.24 1.0025 0 0.20899999999999996
0 0.43475 1.085 0 0.04400000000000004
0 0.2445 1.267 0.263 0
0 0.077 0.857 0 0.20799999999999996
0 0.077 1.083 0 0.052000000000000046
0 0.117 0.757 0 0.246
0 0.117 1.0819999999999999 0 0.050000000000000044
0 0.157 1.0790000000000002 0 0.05400000000000005
0 0.197 0.7675 0 0.139
0 0.197 0.9365 0 0.05899999999999994
0 0.197 1.046 0 0.09399999999999997
0 0.237 0.437 0 0.06799999999999995
0 0.277 1.0514999999999999 0 0.09899999999999998
0 0.277 1.2635 0 0.052999999999999936
0 0.317 0.2535 0 0.05300000000000002
0 0.317 1.2695 0 0.040999999999999925
0 0.357 0.9395 0 0.04899999999999993
0 0.397 0.333 0 0.212
0 0.397 0.521 0 0.05800000000000005
0 0.397 0.657 0 0.10399999999999998
0 0.437 0.5885 0 0.11099999999999999
0 0.437 0.7250000000000001 0 0.09999999999999998
0 0.477 0.69 0 0.2679999999999999
0 0.517 0.5995 0 0.10899999999999999
0 0.517 0.7484999999999999 0 0.1289999999999999
0 0.557 0.5745 0 0.129
0 0.557 0.7885 0 0.07099999999999995
1 0.4905 0.567 0.04001249804748511 0.05
1 0.157005859375 1.034 0.03600000190734858 0.05
1 0.236875 0.8775 0.04147363620422014 0.05
1 0.1075 0.687 0.040607881008493905 0.05
1 0.417 0.5415 0.04346262762420146 0.05
1 0.437 0.6595 0.031 0.05
1 0.517 0.669 0.03 0.05
3 0.16724999999999998 0.49274999999999997 0.2605 0.5315
3 0.42775 0.49274999999999997 0.26050000000000006 0.5315
3 0.16724999999999998 1.0242499999999999 0.2605 0.5315000000000001
3 0.42775 1.0242499999999999 0.26050000000000006 0.5315000000000001