0 0.278 0.25 0.11600000000000002 0
0 0.6445000000000001 1.16 0.18899999999999995 0
0 0.05 1.0545 0 0.1190000000000001
0 0.075 0.1495 0 0.195
0 0.425 1.1975 0 0.2330000000000001
0 0.555 1.188 0 0.20199999999999996
0 0.77 0.8325 0 0.17300000000000004
0 0.77 1.1865 0 0.20499999999999985
0 0.0765 0.237 0.056999999999999995 0
0 0.493 0.237 0.068 0
0 0.053 0.8029999999999999 0 0.126
0 0.061 0.563 0 0.05999999999999994
0 0.061 0.8215 0 0.06299999999999994
0 0.061 0.9505 0 0.06299999999999994
0 0.437 1.1135000000000002 0 0.05499999999999994
0 0.453 0.577 0 0.11599999999999999
0 0.453 0.6895 0 0.07899999999999996
0 0.589 1.0155 0 0.05300000000000005
0 0.589 1.1139999999999999 0 0.05599999999999983
1 0.589 1.064 0.044 0.05
2 0.555 1.188 0.035 0.05
2 0.77 0.8325 0.035 0.05
3 0.22849999999999998 0.36750000000000005 0.361 0.631
3 0.5895 0.36750000000000005 0.36100000000000004 0.631
3 0.22849999999999998 0.9985 0.361 0.631
3 0.5895 0.9985 0.36100000000000004 0.631