0 0.032125 0.404 0 0.55
0 0.15625 0.15000000000000002 0 0.04200000000000001
0 0.081 0.169 0.1 0
0 0.31675 0.14900000000000002 0 0.04000000000000001
0 0.0815 0.209 0.101 0
0 0.083 0.249 0.10400000000000001 0
0 0.23275 0.353 0 0.04799999999999999
0 0.3025 0.369 0.34299999999999997 0
0 0.06925 0.4325 0 0.04700000000000004
0 0.4445 0.409 0.059 0
0 0.092 0.449 0.064 0
0 0.20600000000000002 0.449 0.098 0
0 0.373 0.449 0.04200000000000004 0
0 0.353125 0.493 0 0.04200000000000004
0 0.23078125 0.6120000000000001 0 0.09999999999999998
0 0.316 0.569 0.11399999999999999 0
0 0.06975 0.6885 0 0.08699999999999997
0 0.284 0.649 0.38 0
0 0.27025 0.6659999999999999 0 0.04599999999999993
0 0.3195 0.689 0.041000000000000036 0
0 0.35875 0.6725 0 0.052999999999999936
0 0.304 0.729 0.07999999999999996 0
0 0.071 0.2215 0 0.044999999999999984
0 0.111 0.187 0 0.11599999999999999
0 0.111 0.376 0 0.040000000000000036
0 0.111 0.44899999999999995 0 0.043999999999999984
0 0.271 0.35550000000000004 0 0.04099999999999998
0 0.311 0.356 0 0.043999999999999984
0 0.311 0.6735 0 0.05499999999999994
0 0.431 0.39 0 0.04199999999999998
1 0.090125 0.406 0.04372713688317587 0.05
1 0.1405 0.449 0.033 0.05
1 0.250515625 0.6525 0.043803906521707625 0.05
3 0.14175 0.27975 0.2215 0.3015
3 0.36324999999999996 0.27975 0.22149999999999997 0.3015
3 0.14175 0.58125 0.2215 0.3015
3 0.36324999999999996 0.58125 0.22149999999999997 0.3015