0 0.3205 0.225 0.207 0
0 0.324 0.445 0.19599999999999998 0
0 1.2005 0.58 0.16700000000000004 0
0 0.3065 0.66 0.155 0
0 1.042 0.865 0.1160000000000001 0
0 1.34 0.4795 0 0.20499999999999996
0 1.37 0.571 0 0.124
0 0.312 0.229 0.164 0
0 1.2745 0.389 0.07699999999999996 0
0 1.4545 0.453 0.05499999999999994 0
0 1.37 0.501 0.062000000000000055 0
0 0.9535 0.573 0.09699999999999998 0
0 1.2805 0.637 0.11099999999999999 0
0 0.1785 0.973 0.069 0
0 0.141 1.008 0 0.1280000000000001
0 0.165 1.008 0 0.1280000000000001
0 0.413 0.5375 0 0.137
0 0.429 0.5475 0 0.06099999999999994
0 1.117 0.7655000000000001 0 0.051000000000000045
0 1.117 0.8225 0 0.052999999999999936
0 1.125 0.545 0 0.21400000000000002
0 1.133 0.46599999999999997 0 0.055999999999999994
0 1.133 0.6105 0 0.07900000000000007
0 1.149 0.673 0 0.07399999999999995
0 1.149 0.8305 0 0.07899999999999996
0 1.149 0.964 0 0.07199999999999995
0 1.213 0.41400000000000003 0 0.068
0 1.245 0.478 0 0.08800000000000002
0 1.317 0.40349999999999997 0 0.05099999999999999
0 1.485 0.6355 0 0.051000000000000045
0 1.501 1.002 0 0.05600000000000005
1 1.133 0.7135 0.043863424398922615 0.05
1 1.133 0.791 0.032 0.05
1 1.137 0.644 0.028844410203711913 0.05
1 1.229 0.441 0.034928498393145956 0.05
2 0.3205 0.225 0.035 0.05
2 1.2005 0.58 0.035 0.05
3 0.481 0.43674999999999997 0.6799999999999999 0.4235
3 1.161 0.43674999999999997 0.6799999999999999 0.4235
3 0.481 0.86025 0.6799999999999999 0.4235000000000001
3 1.161 0.86025 0.6799999999999999 0.4235000000000001