0 0.199 0.31 0.16000000000000003 0
0 0.49149999999999994 0.345 0.15499999999999997 0
0 0.1835 0.47 0.133 0
0 0.23 0.48550000000000004 0 0.14500000000000007
0 0.545 0.275 0 0.294
0 0.1805 0.133 0.08299999999999999 0
0 0.3215 0.133 0.10299999999999998 0
0 0.5545 0.133 0.08899999999999997 0
0 0.253 0.301 0.06799999999999998 0
0 0.48650000000000004 0.301 0.05299999999999999 0
0 0.166 0.469 0.05399999999999999 0
0 0.28049999999999997 0.541 0.05499999999999999 0
0 0.179 0.685 0.088 0
0 0.38649999999999995 0.693 0.05299999999999999 0
0 0.5625 0.693 0.06499999999999995 0
0 0.125 0.7310000000000001 0 0.09599999999999997
0 0.213 0.7224999999999999 0 0.051000000000000045
0 0.357 0.28700000000000003 0 0.05199999999999999
0 0.413 0.4405 0 0.051000000000000045
0 0.581 0.583 0 0.05599999999999994
2 0.199 0.31 0.035 0.05
3 0.2375 0.29075 0.241 0.3255
3 0.4785 0.29075 0.241 0.3255
3 0.2375 0.61625 0.241 0.3255
3 0.4785 0.61625 0.241 0.3255