0 0.561 0.11800000000000001 0 0.04000000000000001
0 0.23825 0.2235 0 0.063
0 0.44125 0.281 0 0.03999999999999998
0 0.242 0.32299999999999995 0 0.05399999999999999
0 0.480625 0.405 0 0.07800000000000001
0 0.080875 0.456 0 0.15400000000000003
0 0.52 0.525 0 0.07000000000000006
1 0.240125 0.2755 0.04117113673436769 0.05
3 0.20090625 0.21350000000000002 0.24006249999999998 0.231
3 0.44096875 0.21350000000000002 0.24006250000000007 0.231
3 0.20090625 0.4445 0.24006249999999998 0.23100000000000004
3 0.44096875 0.4445 0.24006250000000007 0.23100000000000004