0 0.775 0.6990000000000001 0 0.16800000000000004
0 0.97 0.5349999999999999 0 0.31199999999999994
0 0.9510000000000001 0.221 0.05599999999999994 0
0 0.6739999999999999 0.685 0.05399999999999994 0
0 0.8089999999999999 0.725 0.08799999999999997 0
0 0.7175 0.797 0.07499999999999996 0
0 0.301 0.544 0 0.05599999999999994
0 0.325 0.5025 0 0.05500000000000005
0 0.413 0.358 0 0.05199999999999999
0 0.653 0.6395 0 0.131
0 0.765 0.5045 0 0.051000000000000045
0 0.765 0.639 0 0.118
0 0.965 0.288 0 0.13399999999999998
0 0.973 0.1545 0 0.15300000000000002
1 0.313 0.5235 0.02778488797889961 0.05
3 0.47050000000000003 0.25775 0.339 0.3595
3 0.8095 0.25775 0.33899999999999997 0.3595
3 0.47050000000000003 0.6172500000000001 0.339 0.35950000000000004
3 0.8095 0.6172500000000001 0.33899999999999997 0.35950000000000004