0 0.71075 0.40650000000000003 0 0.29700000000000004
0 0.831 0.5805 0 0.597
0 0.429 0.358 0 0.05399999999999999
0 0.471125 0.372 0 0.05400000000000005
0 0.510375 0.37649999999999995 0 0.063
0 0.169 0.458 0.116 0
0 0.8704999999999999 0.458 0.365 0
0 1.204 0.458 0.19799999999999995 0
0 0.8465 0.498 1.471 0
0 0.133 0.538 0.044 0
0 0.27475 0.508 0 0.06000000000000005
0 0.509 0.5095000000000001 0 0.05700000000000005
0 0.5940000000000001 0.538 0.07799999999999996 0
0 1.0025 0.538 0.635 0
0 1.43075 0.505 0 0.06600000000000006
0 1.55225 0.5105 0 0.05500000000000005
0 0.8975 0.578 0.08499999999999996 0
0 0.6045 0.778 0.05700000000000005 0
0 0.735 0.778 0.06000000000000005 0
0 0.6455 0.818 0.07700000000000007 0
0 0.8705 0.818 0.08900000000000008 0
0 0.998 0.818 0.10199999999999998 0
0 1.07325 0.8465 0 0.06500000000000006
0 1.1735000000000002 0.818 0.131 0
0 1.4445000000000001 0.818 0.3270000000000002 0
0 0.11275 0.879 0 0.04200000000000004
0 0.273 0.9495 0 0.18299999999999994
0 0.4345 0.9450000000000001 0 0.17400000000000004
0 1.1480000000000001 0.858 1.006 0
0 0.266 0.898 0.05399999999999999 0
0 0.873 0.898 0.06000000000000005 0
0 0.95275 0.8765000000000001 0 0.04300000000000004
0 0.98725 0.8765000000000001 0 0.04300000000000004
0 1.159 0.898 0.06800000000000006 0
0 0.19749999999999998 0.938 0.173 0
0 0.989125 0.9525 0 0.04499999999999993
0 1.161 0.938 0.07200000000000006 0
0 0.3085 1.067 0 0.21799999999999997
0 0.998 1.0154999999999998 0 0.07499999999999996
0 0.19725 1.038 0 0.040000000000000036
0 0.33199999999999996 1.018 0.06 0
0 0.589 1.018 0.05599999999999994 0
0 0.95175 1.0685 0 0.10099999999999998
0 1.1635 1.018 0.07699999999999996 0
0 0.16499999999999998 1.058 0.048000000000000015 0
0 0.27449999999999997 1.058 0.07100000000000001 0
0 0.475 1.04 0 0.07600000000000007
0 0.7789999999999999 1.058 0.07399999999999995 0
0 1.2890000000000001 1.058 0.05800000000000005 0
0 0.392 1.098 0.09400000000000003 0
0 0.5920000000000001 1.098 0.061999999999999944 0
0 0.35075 1.135 0 0.08199999999999985
0 0.39375 1.1644999999999999 0 0.05300000000000016
0 0.5920000000000001 1.138 0.061999999999999944 0
0 0.365 1.178 0.04999999999999999 0
0 0.5920000000000001 1.178 0.061999999999999944 0
0 1.2655 1.2 0 0.04400000000000004
0 0.59175 1.2265000000000001 0 0.2609999999999999
0 0.7829999999999999 1.218 0.32799999999999996 0
0 0.99275 1.2495 0 0.10499999999999998
0 1.234625 1.2205 0 0.05300000000000016
0 0.728 1.258 0.21799999999999997 0
0 0.971 1.258 0.19199999999999995 0
0 1.342 1.258 0.31799999999999984 0
0 0.4065 1.298 0.05299999999999999 0
0 0.6225 1.298 0.06500000000000006 0
0 0.750125 1.322 0 0.04800000000000004
0 0.9524999999999999 1.298 0.20099999999999996 0
0 0.665 1.338 0.20799999999999996 0
0 0.45999999999999996 1.378 0.07400000000000001 0
0 0.8415 1.418 0.44500000000000006 0
0 0.6755 1.458 0.2809999999999999 0
0 0.896 1.458 0.04200000000000004 0
0 0.111 0.49450000000000005 0 0.13100000000000006
0 0.151 0.483 0 0.09200000000000003
0 0.151 1.198 0 0.06000000000000005
0 0.191 0.496 0 0.07600000000000001
0 0.231 0.49350000000000005 0 0.07700000000000001
0 0.311 0.496 0 0.05400000000000005
0 0.351 1.028 0 0.04800000000000004
0 0.391 0.5075000000000001 0 0.06500000000000006
0 0.431 0.503 0 0.062000000000000055
0 0.431 1.1204999999999998 0 0.11099999999999999
0 0.551 0.5035000000000001 0 0.051000000000000045
0 0.591 0.3635 0 0.09299999999999997
0 0.591 0.618 0 0.35000000000000003
0 0.591 1.0005 0 0.07299999999999995
0 0.631 0.49750000000000005 0 0.10300000000000004
0 0.631 0.8009999999999999 0 0.07599999999999996
0 0.631 1.002 0 0.06400000000000006
0 0.631 1.3279999999999998 0 0.268
0 0.671 0.5075 0 0.12299999999999994
0 0.671 0.741 0 0.04800000000000004
0 0.671 0.8355 0 0.05899999999999994
0 0.671 1.2605 0 0.127
0 0.711 1.2690000000000001 0 0.15000000000000013
0 0.751 0.49150000000000005 0 0.09100000000000003
0 0.751 1.2325 0 0.07099999999999995
0 0.751 1.4095 0 0.051000000000000156
0 0.791 0.5045 0 0.11699999999999994
0 0.791 0.835 0 0.07599999999999996
0 0.791 1.2325 0 0.07099999999999995
0 0.791 1.423 0 0.07800000000000007
0 0.831 1.2385000000000002 0 0.08299999999999996
0 0.831 1.3885 0 0.14700000000000002
0 0.871 0.513 0 0.14599999999999996
0 0.871 0.876 0 0.04200000000000004
0 0.871 1.208 0 0.05600000000000005
0 0.911 0.5405 0 0.32099999999999995
0 0.911 0.879 0 0.04800000000000004
0 0.911 1.0875 0 0.05700000000000016
0 0.911 1.2455 0 0.17700000000000005
0 0.911 1.423 0 0.07800000000000007
0 0.951 0.48750000000000004 0 0.12900000000000006
0 0.951 1.246 0 0.09200000000000008
0 0.951 1.4115 0 0.04300000000000015
0 0.991 0.5075 0 0.197
0 0.991 1.41 0 0.040000000000000036
0 1.031 0.49250000000000005 0 0.11100000000000004
0 1.031 0.8440000000000001 0 0.06399999999999995
0 1.031 1.2555 0 0.11099999999999999
0 1.031 1.414 0 0.04800000000000004
0 1.071 0.5005000000000001 0 0.10300000000000004
0 1.071 1.3295 0 0.2649999999999999
0 1.111 0.49250000000000005 0 0.10500000000000004
0 1.111 0.8515 0 0.07899999999999996
0 1.151 0.49850000000000005 0 0.11100000000000004
0 1.151 0.9059999999999999 0 0.10199999999999998
0 1.151 1.0245 0 0.051000000000000045
0 1.191 0.503 0 0.10800000000000004
0 1.191 1.0025 0 0.29499999999999993
0 1.231 0.5 0 0.10200000000000004
0 1.271 0.5005000000000001 0 0.09700000000000003
0 1.311 0.498 0 0.08600000000000002
0 1.311 0.835 0 0.04200000000000004
0 1.351 0.49850000000000005 0 0.07100000000000001
0 1.351 0.8454999999999999 0 0.06300000000000006
0 1.391 0.502 0 0.05400000000000005
0 1.471 0.503 0 0.05600000000000005
0 1.671 0.508 0 0.06000000000000005
0 1.671 0.8645 0 0.05900000000000005
0 1.671 1.2485 0 0.04499999999999993
0 1.671 1.4304999999999999 0 0.06299999999999994
1 0.931 0.818 0.032 0.05
1 1.26 0.818 0.042 0.05
1 0.43275 1.0485 0.033185087012090234 0.05
1 0.9881875 0.914 0.03205488457318167 0.05
1 0.3005 1.038 0.040792156108742275 0.05
1 0.350875 1.09 0.042000744041028604 0.05
1 0.621 1.198 0.04019950248448356 0.05
1 1.2500625 1.208 0.04168051853084364 0.05
1 0.856 1.258 0.038 0.05
1 0.7505625 1.2715 0.030012757704016468 0.05
1 0.7505625 1.365 0.03801007267817308 0.05
1 0.591 0.4265 0.033 0.05
1 0.651 0.778 0.04004996878900158 0.05
1 0.911 1.1365 0.041 0.05
1 1.151 0.978 0.042 0.05
3 0.501 0.5589999999999999 0.78 0.602
3 1.2810000000000001 0.5589999999999999 0.78 0.602
3 0.501 1.161 0.78 0.602
3 1.2810000000000001 1.161 0.78 0.602