0 0.3245 0.378 0 0.064
0 1.08875 0.5794999999999999 0 0.46699999999999997
0 0.7735 0.426 0.131 0
0 1.1115 0.426 0.07699999999999996 0
0 1.17175 0.438 0 0.06399999999999995
0 1.2774999999999999 0.426 0.07899999999999996 0
0 1.16625 0.534 0 0.05600000000000005
0 0.08925 0.446 0 0.20000000000000007
0 0.328 0.582 0 0.24999999999999994
0 1.127 0.546 0.08199999999999985 0
0 1.16625 0.61 0 0.04800000000000004
0 0.285625 0.704 0 0.15600000000000003
0 0.338 0.666 0.122 0
0 0.629 0.666 0.18599999999999994 0
0 0.349 0.706 0.045999999999999985 0
0 0.47250000000000003 0.786 0.05299999999999999 0
0 0.567 0.786 0.05799999999999994 0
0 0.952 0.786 0.652 0
0 1.0865 0.9319999999999999 0 0.1379999999999999
0 0.6675 0.906 0.06899999999999995 0
0 0.08925 0.821 0 0.3719999999999999
0 0.527 0.986 0.04600000000000004 0
0 0.8089999999999999 0.986 0.04399999999999993 0
0 0.904 0.986 0.04400000000000004 0
0 1.0325 0.986 0.13500000000000012 0
0 1.2325 0.986 0.16900000000000004 0
0 0.926 1.0195 0 0.07700000000000007
0 1.088125 1.3335 0 0.615
0 1.208625 1.0185 0 0.07100000000000006
0 0.7575000000000001 1.066 0.481 0
0 1.1925 1.066 0.2489999999999999 0
0 1.088 1.186 0.040000000000000036 0
0 0.2905 1.266 0.04899999999999999 0
0 1.2879999999999998 1.266 0.05800000000000005 0
0 1.1139999999999999 1.346 0.09599999999999986 0
0 0.477 1.386 0.05199999999999999 0
0 1.256 1.386 0.06999999999999984 0
0 0.1385 1.426 0.07899999999999999 0
0 0.5265 1.4315 0 0.08700000000000019
0 0.805125 1.4304999999999999 0 0.06299999999999994
0 1.117 1.426 0.10599999999999987 0
0 1.20621875 1.4755 0 0.14100000000000001
0 0.168625 1.451 0 0.05600000000000005
0 0.4476875 1.5070000000000001 0 0.08200000000000007
0 1.285 1.466 0.06400000000000006 0
0 0.861 1.506 0.07400000000000007 0
0 1.099 1.506 0.07399999999999984 0
0 0.164 1.5685 0 0.04499999999999993
0 0.3765 1.546 0.17300000000000004 0
0 1.1895 1.546 0.2549999999999999 0
0 0.2925 1.586 0.05299999999999999 0
0 0.9105 1.586 0.05699999999999994 0
0 0.1325 1.626 0.08099999999999999 0
0 0.5645 1.696 0 0.10400000000000009
0 0.965375 1.6804999999999999 0 0.04299999999999993
0 0.125 1.706 0.062 0
0 0.245375 1.7415 0 0.09299999999999997
0 0.3671875 1.7694999999999999 0 0.17100000000000004
0 0.40925 1.718 0 0.04600000000000004
0 1.0830000000000002 1.706 0.04600000000000004 0
0 1.12775 1.7365 0 0.11299999999999999
0 0.886375 1.7315 0 0.06099999999999994
0 1.0354999999999999 1.746 0.06299999999999994 0
0 1.16625 1.7175 0 0.05699999999999994
0 0.6025 1.786 0.18299999999999994 0
0 0.8475 1.835 0 0.1160000000000001
0 0.890875 1.8225 0 0.07299999999999995
0 0.964375 1.8205 0 0.06899999999999995
0 1.007625 1.7974999999999999 0 0.119
0 0.6154999999999999 1.826 0.475 0
0 0.73425 1.8450000000000002 0 0.04200000000000004
0 0.8109999999999999 1.866 0.04799999999999993 0
0 0.48775 1.895 0 0.1419999999999999
0 0.127 1.0550000000000002 0 0.04200000000000004
0 0.127 1.514 0 0.6419999999999999
0 0.327 1.02 0 0.07799999999999996
0 0.367 1.022 0 0.08199999999999996
0 0.367 1.3915000000000002 0 0.07099999999999995
0 0.367 1.509 0 0.07400000000000007
0 0.407 1.023 0 0.07999999999999996
0 0.407 1.4535 0 0.10099999999999998
0 0.567 0.8375 0 0.135
0 0.807 1.841 0 0.06400000000000006
0 1.087 1.7235 0 0.09099999999999997
0 1.127 1.4445000000000001 0 0.19900000000000007
0 1.167 1.4605000000000001 0 0.21299999999999986
0 1.167 1.8359999999999999 0 0.04600000000000004
0 1.247 0.6505 0 0.08699999999999997
0 1.287 0.6559999999999999 0 0.07599999999999996
0 1.287 1.3815 0 0.05499999999999994
1 1.169 0.488 0.03641771546926029 0.05
1 0.5185 0.786 0.039 0.05
1 0.611 0.786 0.03 0.05
1 1.0873125 1.0135 0.025052756834328633 0.05
1 0.9455 0.986 0.039 0.05
1 1.0875625 1.6595 0.037017099089474856 0.05
1 1.055 1.726 0.040607881008493905 0.05
1 1.147375 1.803 0.044051816080611254 0.05
1 0.8669375 1.7695 0.04166852079207996 0.05
3 0.3961875 0.7509999999999999 0.613875 0.8099999999999999
3 1.0100625 0.7509999999999999 0.613875 0.8099999999999999
3 0.3961875 1.561 0.613875 0.81
3 1.0100625 1.561 0.613875 0.81