0 0.26825 0.129 0 0.044
0 0.3095 0.2415 0 0.269
0 0.347125 0.128 0 0.041999999999999996
0 0.21650000000000003 0.147 0.371 0
0 0.345375 0.2145 0 0.05499999999999999
0 0.36750000000000005 0.227 0.069 0
0 0.34584375 0.3355 0 0.11099999999999999
0 0.067625 0.347 0 0.055999999999999994
0 0.30300000000000005 0.347 0.045999999999999985 0
0 0.3795 0.347 0.04500000000000004 0
0 0.18125 0.366 0 0.04200000000000004
0 0.2295 0.49250000000000005 0 0.05099999999999999
0 0.30775 0.5335000000000001 0 0.041000000000000036
0 0.106 0.16249999999999998 0 0.04100000000000001
0 0.226 0.28700000000000003 0 0.05199999999999999
0 0.266 0.508 0 0.04400000000000004
0 0.386 0.334 0 0.45400000000000007
1 0.34625 0.168 0.038040274709838784 0.05
1 0.345609375 0.261 0.03800289102900594 0.05
1 0.3415 0.347 0.031 0.05
3 0.12375 0.2205 0.1855 0.22700000000000004
3 0.30925 0.2205 0.18550000000000003 0.22700000000000004
3 0.12375 0.4475 0.1855 0.22700000000000004
3 0.30925 0.4475 0.18550000000000003 0.22700000000000004