0 0.4995 0.23 0.05700000000000005 0
0 0.1675 0.35 0.056999999999999995 0
0 0.1615 0.39 0.044999999999999984 0
0 0.133 0.43 0.07 0
0 0.214875 0.4565 0 0.119
0 0.5415 0.43 0.48700000000000004 0
0 0.158 0.47 0.126 0
0 0.40975 0.435 0 0.06999999999999995
0 0.192 0.51 0.19399999999999998 0
0 0.6885 0.51 0.04499999999999993 0
0 0.1355 0.55 0.08099999999999999 0
0 0.266 0.55 0.062 0
0 0.43500000000000005 0.55 0.064 0
0 0.135 0.59 0.07999999999999999 0
0 0.252 0.59 0.05400000000000002 0
0 0.39249999999999996 0.59 0.07300000000000001 0
0 0.111 0.63 0.11800000000000002 0
0 0.257 0.63 0.04400000000000004 0
0 0.444 0.63 0.08199999999999996 0
0 0.7625 0.63 0.04500000000000004 0
0 0.1345 0.67 0.07899999999999999 0
0 0.37849999999999995 0.67 0.065 0
0 0.5085000000000001 0.67 0.08900000000000002 0
0 0.6835 0.67 0.06899999999999995 0
0 0.117 0.71 0.04400000000000001 0
0 0.124 0.75 0.057999999999999996 0
0 0.677 0.75 0.09999999999999998 0
0 0.2755 0.79 0.361 0
0 0.7070000000000001 0.79 0.15600000000000003 0
0 0.121 0.83 0.05199999999999999 0
0 0.37125 0.8500000000000001 0 0.15400000000000003
0 0.4995 0.83 0.05700000000000005 0
0 0.584 0.83 0.040000000000000036 0
0 0.69975 0.8065 0 0.04699999999999993
0 0.11499999999999999 0.87 0.059999999999999984 0
0 0.2115 0.87 0.05299999999999999 0
0 0.7455 0.87 0.07900000000000007 0
0 0.11750000000000001 0.91 0.04500000000000001 0
0 0.502 0.91 0.5660000000000001 0
0 0.11750000000000001 0.95 0.04500000000000001 0
0 0.5700000000000001 0.95 0.124 0
0 0.12 0.99 0.04999999999999999 0
0 0.33899999999999997 0.99 0.18 0
0 0.1185 1.03 0.046999999999999986 0
0 0.118 1.07 0.045999999999999985 0
0 0.47000000000000003 1.07 0.14 0
0 0.7270000000000001 1.07 0.11599999999999999 0
0 0.132 0.47550000000000003 0 0.15700000000000003
0 0.132 0.8220000000000001 0 0.19400000000000006
0 0.172 0.413 0 0.11399999999999999
0 0.172 0.6425000000000001 0 0.271
0 0.212 0.7375 0 0.10899999999999999
0 0.212 0.997 0 0.05800000000000005
0 0.252 0.989 0 0.04200000000000004
0 0.292 0.5185 0 0.06700000000000006
0 0.292 0.944 0 0.11199999999999999
0 0.372 0.598 0 0.040000000000000036
0 0.372 0.985 0 0.04200000000000004
0 0.412 0.5920000000000001 0 0.15000000000000002
0 0.412 0.81 0 0.06799999999999995
0 0.412 0.9910000000000001 0 0.17800000000000005
0 0.452 0.4205 0 0.04099999999999998
0 0.452 0.5805 0 0.08699999999999997
0 0.452 0.8025 0 0.052999999999999936
0 0.492 0.2485 0 0.11699999999999999
0 0.492 0.40249999999999997 0 0.07300000000000001
0 0.492 0.637 0 0.05800000000000005
0 0.492 0.8025 0 0.052999999999999936
0 0.532 0.5825 0 0.09099999999999997
0 0.532 0.9165 0 0.07299999999999995
0 0.572 0.4335 0 0.067
0 0.572 0.8175 0 0.10899999999999999
0 0.572 0.9239999999999999 0 0.04399999999999993
0 0.612 0.9205 0 0.07899999999999996
0 0.652 0.7949999999999999 0 0.2919999999999999
0 0.692 0.4895 0 0.17299999999999993
0 0.692 0.704 0 0.10999999999999999
0 0.692 0.9219999999999999 0 0.07199999999999995
0 0.732 0.227 0 0.07200000000000001
0 0.732 0.39549999999999996 0 0.08700000000000002
0 0.732 0.762 0 0.09400000000000008
0 0.732 0.9265 0 0.04299999999999993
0 0.772 0.42300000000000004 0 0.03999999999999998
0 0.772 0.6705 0 0.09299999999999997
0 0.772 0.8560000000000001 0 0.14600000000000002
1 0.1934375 0.5115 0.04380942392910457 0.05
1 0.4155 0.65 0.040792156108742275 0.05
1 0.4635 0.81 0.04272001872658766 0.05
1 0.371625 0.9455 0.037007600570693584 0.05
1 0.546 0.83 0.036 0.05
1 0.695875 0.7395 0.02522027953849838 0.05
1 0.165 0.87 0.04 0.05
1 0.2285 0.89 0.04428317965096906 0.05
1 0.472 0.616 0.04308131845707603 0.05
1 0.752 0.7165 0.04004996878900158 0.05
3 0.23525 0.4125 0.3665 0.445
3 0.60175 0.4125 0.36650000000000005 0.445
3 0.23525 0.8575 0.3665 0.44500000000000006
3 0.60175 0.8575 0.36650000000000005 0.44500000000000006