0 0.1875 0.128 0 0.09599999999999999
0 0.022875 0.215 0 0.20400000000000001
0 0.16249999999999998 0.12 0.089 0
0 0.099875 0.15 0 0.04999999999999999
0 0.16549999999999998 0.16 0.087 0
0 0.1385 0.1765 0 0.047000000000000014
0 0.052000000000000005 0.32 0.058 0
0 0.14650000000000002 0.32 0.04100000000000001 0
0 0.2765 0.32 0.11900000000000002 0
0 0.142 0.10700000000000001 0 0.048
1 0.1191875 0.164 0.04445099127128663 0.05
3 0.10115625 0.14 0.1565625 0.12000000000000001
3 0.25771875 0.14 0.15656250000000002 0.12000000000000001
3 0.10115625 0.26 0.1565625 0.12
3 0.25771875 0.26 0.15656250000000002 0.12