0 1.026 0.22 0.134 0
0 1.0070000000000001 0.7 0.1519999999999999 0
0 1.038 0.795 0.1200000000000001 0
0 2.129 1.025 0.4119999999999999 0
0 1.5939999999999999 1.11 0.14200000000000013 0
0 1.78 0.21800000000000003 0 0.11800000000000002
0 1.785 0.7365 0 0.10699999999999998
0 2.23 1.1835 0 0.3490000000000002
0 1.8145 0.437 0.07699999999999996 0
0 2.0235000000000003 0.437 0.11100000000000021 0
0 2.151 0.437 0.07600000000000007 0
0 2.2504999999999997 0.445 0.06699999999999973 0
0 0.9505 0.525 0.052999999999999936 0
0 1.6019999999999999 0.557 0.062000000000000055 0
0 1.7835 0.565 0.06299999999999994 0
0 2.015 0.693 0.08200000000000007 0
0 2.043 0.773 0.06999999999999984 0
0 2.253 0.773 0.05600000000000005 0
0 2.008 1.013 0.09199999999999986 0
0 2.1559999999999997 1.077 0.13200000000000012 0
0 1.635 1.101 0.052000000000000046 0
0 1.45 1.229 0.07200000000000006 0
0 2.053 1.0505 0 0.06899999999999995
1 2.096 0.437 0.034 0.05
1 2.203 0.441 0.029120439557122072 0.05
2 2.0603333333333333 1.025 0.035 0.05
2 2.1976666666666667 1.025 0.035 0.05
2 2.23 1.1253333333333333 0.035 0.05
2 2.23 1.2416666666666667 0.035 0.05
3 1.27675 0.45875 0.7054999999999999 0.5994999999999999
3 1.98225 0.45875 0.7055 0.5994999999999999
3 1.27675 1.0582500000000001 0.7054999999999999 0.5995000000000001
3 1.98225 1.0582500000000001 0.7055 0.5995000000000001