0 0.34275 0.2685 0 0.07699999999999999
0 0.77925 0.2505 0 0.04100000000000001
0 0.8618125 0.2665 0 0.07299999999999998
0 0.661875 0.264 0 0.06599999999999998
0 0.837 0.27 0.051999999999999935 0
0 0.898625 0.267 0 0.07199999999999998
0 0.540875 0.2715 0 0.07699999999999999
0 0.595 0.35 0.04600000000000004 0
0 0.44899999999999995 0.47 0.07400000000000001 0
0 0.44499999999999995 0.51 0.07 0
0 0.4395 0.55 0.06899999999999995 0
0 0.6233125 0.563 0 0.08799999999999997
0 0.45199999999999996 0.59 0.08400000000000002 0
0 0.44899999999999995 0.63 0.07800000000000001 0
0 0.6655 0.63 0.07899999999999996 0
0 0.129 0.67 0.134 0
0 0.44899999999999995 0.67 0.07800000000000001 0
0 0.6635 0.67 0.07499999999999996 0
0 0.28500000000000003 0.75 0.07200000000000001 0
0 0.1885 0.79 0.253 0
0 0.9119999999999999 0.79 0.06399999999999995 0
0 0.179 0.83 0.066 0
0 0.302375 0.821 0 0.20200000000000007
0 0.9199999999999999 0.87 0.04799999999999993 0
0 0.4095 0.91 0.31699999999999995 0
0 0.0915 1.03 0.04100000000000001 0
0 0.6665 1.03 0.08099999999999996 0
0 0.702 1.167 0 0.28200000000000003
0 0.1255 1.19 0.127 0
0 0.185625 1.198 0 0.1080000000000001
0 0.58125 1.2570000000000001 0 0.10200000000000009
0 0.146125 1.2665000000000002 0 0.08299999999999996
0 0.102 1.1949999999999998 0 0.07800000000000007
0 0.102 1.2865 0 0.04300000000000015
0 0.142 1.1775 0 0.04300000000000015
0 0.222 0.755 0 0.062000000000000055
0 0.262 0.759 0 0.07000000000000006
0 0.262 1.106 0 0.404
0 0.422 0.4825 0 0.505
0 0.462 0.551 0 0.202
0 0.582 0.2695 0 0.07899999999999999
0 0.622 0.2645 0 0.06899999999999998
0 0.702 0.632 0 0.22199999999999998
0 0.742 0.2695 0 0.07899999999999999
0 0.822 0.27 0 0.07399999999999998
0 0.822 0.937 0 0.04599999999999993
0 0.902 0.781 0 0.04600000000000004
0 0.942 0.2665 0 0.07299999999999998
1 0.2821875 0.913 0.04420566281597868 0.05
1 0.1440625 1.232 0.026325189932838094 0.05
3 0.2825 0.4995 0.441 0.539
3 0.7235 0.4995 0.44099999999999995 0.539
3 0.2825 1.0385 0.441 0.539
3 0.7235 1.0385 0.44099999999999995 0.539