0 0.7395 0.228 0.05500000000000005 0
0 0.8435 0.228 0.06499999999999995 0
0 0.315 0.468 0.236 0
0 0.6189375 0.489 0 0.064
0 0.1565 0.508 0.103 0
0 0.1795 0.548 0.065 0
0 0.183 0.628 0.25 0
0 0.2155 0.688 0 0.039999999999999925
0 0.34425 0.7264999999999999 0 0.06900000000000006
0 0.47 0.708 0.07600000000000001 0
0 0.2615 0.748 0.40700000000000003 0
0 0.5295 0.748 0.06899999999999995 0
0 0.1235 0.788 0.131 0
0 0.39749999999999996 0.788 0.044999999999999984 0
0 0.48850000000000005 0.788 0.07500000000000001 0
0 0.099125 0.859 0 0.09599999999999997
0 0.16549999999999998 0.828 0.047000000000000014 0
0 0.454 0.828 0.15800000000000003 0
0 0.1235 0.868 0.131 0
0 0.317 0.868 0.050000000000000044 0
0 0.4725 0.868 0.19699999999999995 0
0 0.3295 0.908 0.07500000000000001 0
0 0.32899999999999996 0.948 0.07400000000000001 0
0 0.4185 0.9390000000000001 0 0.04399999999999993
0 0.3755 0.896 0 0.18399999999999994
0 0.098 0.61 0 0.040000000000000036
0 0.098 0.764 0 0.04800000000000004
0 0.138 0.9405 0 0.040999999999999925
0 0.178 0.6345000000000001 0 0.04700000000000004
0 0.178 0.8374999999999999 0 0.22299999999999998
0 0.218 0.53 0 0.04200000000000004
0 0.218 0.881 0 0.15599999999999992
0 0.258 0.611 0 0.050000000000000044
0 0.258 0.8765000000000001 0 0.1469999999999999
0 0.298 0.393 0 0.14200000000000002
0 0.298 0.835 0 0.45999999999999996
0 0.338 0.8285 0 0.04899999999999993
0 0.338 0.938 0 0.08999999999999997
0 0.378 0.4465 0 0.044999999999999984
0 0.418 0.7390000000000001 0 0.126
0 0.418 0.8625 0 0.061000000000000054
0 0.458 0.808 0 0.2799999999999999
0 0.498 0.489 0 0.064
0 0.498 0.717 0 0.050000000000000044
0 0.498 0.8725 0 0.19099999999999995
0 0.538 0.489 0 0.064
0 0.538 0.764 0 0.14400000000000002
0 0.578 0.479 0 0.043999999999999984
0 0.578 0.7985 0 0.21300000000000008
0 0.698 0.4375 0 0.15500000000000003
0 0.698 0.8785 0 0.373
0 0.818 0.8315 0 0.06499999999999995
1 0.789 0.228 0.044 0.05
1 0.269 0.488 0.041484937025383084 0.05
1 0.19675 0.6595 0.03881043674065006 0.05
1 0.19675 0.717 0.04159627387158614 0.05
1 0.341125 0.7825 0.043451841157769136 0.05
1 0.5015 0.728 0.042059481689626185 0.05
1 0.1185625 0.9135 0.040991043228978695 0.05
1 0.358 0.868 0.032 0.05
1 0.4315 0.888 0.040607881008493905 0.05
3 0.2625 0.43724999999999997 0.40900000000000003 0.4185
3 0.6715 0.43724999999999997 0.409 0.4185
3 0.2625 0.85575 0.40900000000000003 0.4185
3 0.6715 0.85575 0.409 0.4185