0 1.2615 0.5 0.15700000000000003 0
0 0.27 0.865 0.344 0
0 0.714 0.895 0.19200000000000006 0
0 0.15 1.092 0 0.276
0 0.155 0.6679999999999999 0 0.33799999999999997
0 0.18 1.0685 0 0.2530000000000001
0 0.515 0.9730000000000001 0 0.344
0 0.5325 0.285 0.06499999999999995 0
0 0.8915 0.285 0.06700000000000006 0
0 0.5325 0.309 0.06499999999999995 0
0 0.8915 0.309 0.06700000000000006 0
0 0.22449999999999998 0.501 0.13499999999999998 0
0 0.503 0.501 0.05800000000000005 0
0 1.254 0.517 0.13600000000000012 0
0 0.22449999999999998 0.525 0.13499999999999998 0
0 0.503 0.525 0.05800000000000005 0
0 0.156 0.573 0.06 0
0 1.236 0.717 0.17200000000000015 0
0 0.157 0.765 0.05399999999999999 0
0 0.22749999999999998 0.861 0.145 0
0 0.4155 0.861 0.22700000000000004 0
0 1.113 0.901 0.44200000000000006 0
0 0.157 0.965 0.05399999999999999 0
0 0.663 1.061 0.06999999999999995 0
0 0.1535 1.157 0.05099999999999999 0
0 0.196 1.221 0.092 0
0 0.475 1.221 0.10400000000000004 0
0 0.661 1.221 0.06999999999999995 0
0 0.8745 1.221 0.237 0
0 1.248 1.221 0.15200000000000014 0
0 0.196 1.245 0.092 0
0 0.661 1.245 0.06999999999999995 0
0 0.8745 1.245 0.237 0
0 1.2445 1.245 0.14500000000000002 0
0 0.189 0.5469999999999999 0 0.09399999999999997
0 0.509 1.2045 0 0.08900000000000019
0 0.517 0.6639999999999999 0 0.11599999999999999
0 0.517 0.8395 0 0.07499999999999996
0 0.637 1.158 0 0.18599999999999994
0 0.653 1.1219999999999999 0 0.1140000000000001
0 0.653 1.2185 0 0.06499999999999995
0 0.765 1.158 0 0.18599999999999994
0 0.885 1.158 0 0.18599999999999994
0 0.893 0.5265 0 0.47300000000000003
0 0.893 0.9095 0 0.133
0 0.909 0.41900000000000004 0 0.26400000000000007
0 0.917 0.40700000000000003 0 0.24000000000000005
0 1.061 0.6074999999999999 0 0.051000000000000045
0 1.061 0.8140000000000001 0 0.19800000000000006
0 1.261 0.7695 0 0.11299999999999999
0 1.261 1.1389999999999998 0 0.22399999999999998
0 1.285 0.8755 0 0.7509999999999999
3 0.4085 0.5265 0.621 0.48300000000000004
3 1.0295 0.5265 0.6210000000000001 0.48300000000000004
3 0.4085 1.0095 0.621 0.4829999999999999
3 1.0295 1.0095 0.6210000000000001 0.4829999999999999