0 1.24925 0.2635 0 0.087
0 0.1095 0.38 0.04300000000000001 0
0 0.8115 0.41000000000000003 0 0.06
0 1.049 0.38 0.05800000000000005 0
0 1.248625 0.411 0 0.122
0 0.1295 0.42 0.05500000000000001 0
0 0.5145 0.42 0.05500000000000005 0
0 1.049 0.42 0.05800000000000005 0
0 1.29 0.42 0.07800000000000007 0
0 0.122 0.46 0.039999999999999994 0
0 0.329125 0.5455 0 0.09099999999999997
0 1.3075 0.5 0.04299999999999993 0
0 0.2486875 0.5525 0 0.08299999999999996
0 0.41075 0.5655 0 0.050999999999999934
0 1.0430000000000001 0.54 0.04200000000000004 0
0 1.089625 0.583 0 0.08599999999999997
0 1.045 0.58 0.04600000000000004 0
0 1.130625 0.583 0 0.061999999999999944
0 0.122 0.62 0.039999999999999994 0
0 0.48625 0.6579999999999999 0 0.07599999999999996
0 0.535 0.62 0.05400000000000005 0
0 0.96925 0.7464999999999999 0 0.29900000000000004
0 1.162 0.62 0.19399999999999995 0
0 0.1315 0.66 0.063 0
0 0.5025 0.66 0.05300000000000005 0
0 0.92925 0.6675 0 0.04899999999999993
0 1.247 0.6234999999999999 0 0.07300000000000006
0 1.309 0.66 0.040000000000000036 0
0 0.126 0.7 0.05199999999999999 0
0 0.41225 0.7315 0 0.06300000000000006
0 0.5295000000000001 0.7 0.04300000000000004 0
0 0.8115 0.7304999999999999 0 0.061000000000000054
0 1.309 0.7 0.040000000000000036 0
0 0.1315 0.74 0.07500000000000001 0
0 0.532 0.74 0.04800000000000004 0
0 0.8255 0.74 0.052999999999999936 0
0 0.93 0.7625 0 0.04500000000000004
0 1.1 0.74 0.09599999999999986 0
0 0.131 0.78 0.086 0
0 0.48650000000000004 0.78 0.07500000000000001 0
0 0.6759999999999999 0.78 0.08199999999999996 0
0 0.907 0.78 0.136 0
0 1.12975 0.7655000000000001 0 0.07700000000000007
0 0.11599999999999999 0.82 0.055999999999999994 0
0 0.13 0.86 0.06 0
0 1.309 0.86 0.040000000000000036 0
0 0.17149999999999999 0.9 0.143 0
0 0.31 0.9 0.05600000000000005 0
0 0.7124999999999999 0.9 0.04300000000000004 0
0 0.767875 0.9445 0 0.139
0 1.1675 0.9 0.32299999999999995 0
0 0.3185 0.94 0.43700000000000006 0
0 0.14700000000000002 0.98 0.04200000000000001 0
0 0.32525 1.002 0 0.07799999999999996
0 0.15 1.02 0.04799999999999999 0
0 0.4495 1.0194999999999999 0 0.05899999999999994
0 0.9975 1.02 0.06900000000000006 0
0 0.28425 0.9725 0 0.17500000000000004
0 0.877 1.06 0.04200000000000004 0
0 0.09425 1.1265 0 0.052999999999999936
0 0.33125 1.1215000000000002 0 0.04299999999999993
0 0.512 1.1 0.05600000000000005 0
0 1.1709999999999998 1.1 0.06600000000000006 0
0 0.123 1.14 0.07 0
0 0.3385 1.14 0.07500000000000001 0
0 0.6065 1.14 0.20099999999999996 0
0 0.11800000000000001 1.18 0.04200000000000001 0
0 0.5515 1.18 0.09099999999999997 0
0 0.64525 1.1524999999999999 0 0.05499999999999994
0 0.57225 1.198 0 0.04400000000000004
0 0.6859999999999999 1.22 0.041999999999999926 0
0 0.128 0.4515 0 0.059
0 0.128 0.9175 0 0.6669999999999999
0 0.168 0.758 0 0.06800000000000006
0 0.168 0.9735 0 0.15499999999999992
0 0.208 0.9215 0 0.07699999999999996
0 0.248 0.9255 0 0.05899999999999994
0 0.288 0.3035 0 0.046999999999999986
0 0.328 0.9055 0 0.04500000000000004
0 0.408 0.944 0 0.08999999999999997
0 0.488 1.1135000000000002 0 0.04699999999999993
0 0.528 0.30100000000000005 0 0.04199999999999998
0 0.528 0.437 0 0.05600000000000005
0 0.528 0.593 0 0.040000000000000036
0 0.528 1.1065 0 0.07099999999999995
0 0.688 0.347 0 0.057999999999999996
0 0.688 1.0125 0 0.06099999999999994
0 0.728 0.8055 0 0.05499999999999994
0 0.888 0.7825 0 0.04700000000000004
0 1.008 0.3235 0 0.08100000000000002
0 1.048 0.4175 0 0.395
0 1.288 0.5375 0 0.24100000000000005
0 1.328 0.52 0 0.10399999999999993
0 1.328 0.6965 0 0.07899999999999996
1 1.2489375 0.3285 0.04300454191129118 0.05
1 1.0665 0.6 0.04011234224026316 0.05
1 0.507125 0.6345 0.04233275918245821 0.05
1 0.5025 0.76 0.04308131845707603 0.05
1 0.8455 0.76 0.042059481689626185 0.05
1 0.2625 0.9 0.039 0.05
1 0.326625 0.962 0.035107869488193104 0.05
1 0.42875 0.974 0.04151204644437564 0.05
1 1.308 0.6575 0.04001249804748511 0.05
3 0.39825 0.47775 0.6205 0.5155000000000001
3 1.01875 0.47775 0.6204999999999999 0.5155000000000001
3 0.39825 0.99325 0.6205 0.5154999999999998
3 1.01875 0.99325 0.6204999999999999 0.5154999999999998