0 1.0685 0.58 0.3450000000000001 0
0 1.1400000000000001 0.95 0.28800000000000003 0
0 0.7935000000000001 1.055 0.28500000000000003 0
0 0.9805 1.4 0.15900000000000003 0
0 1.2865 1.4 0.16100000000000003 0
0 0.45 0.6065 0 0.255
0 0.46 1.279 0 0.23199999999999998
0 0.675 1.211 0 0.31800000000000006
0 1.63 1.4449999999999998 0 0.13800000000000012
0 1.625 0.549 0.08000000000000007 0
0 1.1305 0.565 0.05899999999999994 0
0 0.2905 0.997 0.059 0
0 0.9375 1.397 0.05899999999999994 0
0 1.4064999999999999 1.397 0.06699999999999995 0
0 0.125 0.36 0 0.05399999999999999
0 0.125 0.48950000000000005 0 0.11700000000000005
0 0.429 0.519 0 0.05400000000000005
0 0.469 1.2915 0 0.14500000000000002
0 0.477 0.9844999999999999 0 0.07900000000000007
0 0.493 1.013 0 0.08200000000000007
0 0.901 0.657 0 0.06799999999999995
0 0.909 0.8985 0 0.08299999999999996
0 0.925 0.246 0 0.10199999999999998
0 0.925 0.3555 0 0.11299999999999999
0 1.717 0.9450000000000001 0 0.05399999999999994
0 1.717 1.126 0 0.06799999999999984
0 1.717 1.3005 0 0.14900000000000002
1 0.125 0.409 0.044 0.05
2 1.14 0.95 0.035 0.05
2 0.45 0.6065 0.035 0.05
2 0.46 1.279 0.035 0.05
2 0.675 1.158 0.035 0.05
2 0.675 1.264 0.035 0.05
3 0.523 0.52475 0.796 0.6595
3 1.319 0.52475 0.796 0.6595
3 0.523 1.18425 0.796 0.6595
3 1.319 1.18425 0.796 0.6595