0 0.8315 0.256 0.10899999999999999 0
0 0.944125 0.3125 0 0.14100000000000001
0 1.22225 0.279 0 0.062
0 1.4024999999999999 0.256 0.07099999999999995 0
0 0.8915 0.296 0.125 0
0 0.9159999999999999 0.336 0.16999999999999993 0
0 0.7815 0.3225 0 0.16100000000000003
0 1.0265 0.38549999999999995 0 0.04899999999999999
0 1.2595 0.36750000000000005 0 0.05099999999999999
0 0.104 0.722 0 1.012
0 1.4100000000000001 0.416 0.08600000000000008 0
0 0.2765 0.456 0.13100000000000003 0
0 0.3785 0.494 0 0.07600000000000001
0 0.475 0.456 0.10200000000000004 0
0 0.7525 0.456 0.07300000000000006 0
0 0.5455 0.496 0.599 0
0 1.0510000000000002 0.496 0.08600000000000008 0
0 1.179625 0.499 0 0.062
0 1.44 0.496 0.1120000000000001 0
0 0.7869999999999999 0.536 0.09799999999999998 0
0 1.50375 0.5489999999999999 0 0.07999999999999996
0 0.29875 0.5155 0 0.12099999999999994
0 0.6935 0.576 0.07699999999999996 0
0 0.7915 0.576 0.05499999999999994 0
0 1.0625 0.576 0.06700000000000017 0
0 1.47 0.576 0.13200000000000012 0
0 0.7845 0.616 0.09299999999999997 0
0 1.4605 0.6785 0 0.2769999999999999
0 1.5110000000000001 0.616 0.050000000000000044 0
0 0.201 0.656 0.058000000000000024 0
0 0.7745 0.656 0.09499999999999997 0
0 0.629 0.696 0.052000000000000046 0
0 0.771 0.696 0.062000000000000055 0
0 1.0045 0.696 0.3330000000000001 0
0 1.3025 0.812 0 0.31399999999999995
0 1.0125 0.736 0.745 0
0 0.5075000000000001 0.776 0.811 0
0 1.325 0.776 0.04800000000000004 0
0 0.8415 0.816 0.16900000000000004 0
0 1.3279999999999998 0.816 0.05400000000000005 0
0 1.484 0.816 0.10400000000000009 0
0 0.31699999999999995 0.856 0.055999999999999994 0
0 0.741125 0.8514999999999999 0 0.05700000000000005
0 0.8605 0.856 0.19299999999999995 0
0 1.026 0.856 0.040000000000000036 0
0 1.18175 0.9505 0 0.2350000000000001
0 1.256 0.856 0.09600000000000009 0
0 0.51 0.896 0.10200000000000004 0
0 0.8665 0.896 0.20099999999999996 0
0 1.129 0.896 0.05600000000000005 0
0 1.2675 0.896 0.09699999999999998 0
0 1.51 0.896 0.052000000000000046 0
0 0.1315 0.936 0.05900000000000001 0
0 0.483 0.936 0.043999999999999984 0
0 0.5920000000000001 0.936 0.11399999999999999 0
0 1.0695000000000001 0.936 0.615 0
0 1.498 0.936 0.07600000000000007 0
0 0.19849999999999998 0.976 0.193 0
0 0.495 0.976 0.07200000000000001 0
0 0.5840000000000001 0.976 0.04399999999999993 0
0 0.65825 0.9550000000000001 0 0.041999999999999926
0 0.752 0.976 0.09000000000000008 0
0 0.9105 0.885 0 0.18199999999999994
0 0.9789999999999999 0.976 0.05599999999999994 0
0 1.1135000000000002 0.976 0.14300000000000002 0
0 1.2220625 0.982 0 0.2879999999999999
0 1.3035 0.976 0.09899999999999998 0
0 1.4755 0.976 0.121 0
0 0.14475 1.07 0 0.1080000000000001
0 0.3025 1.0825 0 0.22299999999999998
0 0.42725 1.0455 0 0.05899999999999994
0 0.49450000000000005 1.016 0.07100000000000001 0
0 0.593 1.016 0.061999999999999944 0
0 0.956 1.016 0.07999999999999996 0
0 1.127 1.016 0.17399999999999993 0
0 1.3485 1.016 0.09499999999999997 0
0 0.184625 1.1364999999999998 0 0.18300000000000005
0 0.33899999999999997 1.056 0.10400000000000004 0
0 0.5545 1.056 0.191 0
0 0.741375 1.04 0 0.13
0 0.938 1.056 0.04399999999999993 0
0 1.169 1.056 0.3540000000000001 0
0 1.37675 1.113 0 0.11399999999999988
0 1.5125000000000002 1.056 0.04699999999999993 0
0 0.3345 1.096 0.125 0
0 0.54025 1.0995 0 0.08299999999999996
0 0.664 1.089 0 0.040000000000000036
0 0.7875000000000001 1.096 0.04300000000000004 0
0 0.9295 1.096 0.06099999999999994 0
0 1.065 1.096 0.062000000000000055 0
0 1.262 1.0945 0 0.06499999999999995
0 1.4264999999999999 1.096 0.21900000000000008 0
0 0.1485 1.136 0.09300000000000001 0
0 0.32699999999999996 1.136 0.07 0
0 0.5275 1.136 0.10099999999999998 0
0 0.699375 1.166 0 0.06000000000000005
0 1.25 1.136 0.05799999999999983 0
0 1.419 1.136 0.11799999999999988 0
0 0.2045 1.176 0.20500000000000002 0
0 0.81975 1.1905000000000001 0 0.07499999999999996
0 1.0345 1.176 0.04899999999999993 0
0 1.18425 1.2005 0 0.05499999999999994
0 1.3455 1.176 0.06699999999999995 0
0 1.4875 1.176 0.09699999999999998 0
0 0.19949999999999998 1.216 0.195 0
0 0.787 1.216 0.04200000000000004 0
0 1.25 1.216 0.15799999999999992 0
0 1.448 1.216 0.17599999999999993 0
0 0.142 0.7905 0 0.04899999999999993
0 0.142 0.9135 0 0.04700000000000004
0 0.142 1.192 0 0.07200000000000006
0 0.222 1.165 0 0.040000000000000036
0 0.262 0.47650000000000003 0 0.046999999999999986
0 0.262 1.192 0 0.07200000000000006
0 0.342 0.47750000000000004 0 0.044999999999999984
0 0.342 1.0670000000000002 0 0.050000000000000044
0 0.342 1.143 0 0.040000000000000036
0 0.382 1.0659999999999998 0 0.04200000000000004
0 0.422 0.488 0 0.08800000000000002
0 0.462 0.5055000000000001 0 0.10500000000000004
0 0.462 0.9810000000000001 0 0.2380000000000001
0 0.502 0.432 0 0.128
0 0.502 0.7915 0 0.05499999999999994
0 0.502 0.9255 0 0.127
0 0.502 1.0895 0 0.125
0 0.542 0.48350000000000004 0 0.044999999999999984
0 0.542 0.9145 0 0.10499999999999998
0 0.582 0.48150000000000004 0 0.04099999999999998
0 0.582 0.74 0 0.052000000000000046
0 0.582 0.9775 0 0.08299999999999985
0 0.582 1.1875 0 0.08099999999999996
0 0.622 0.48150000000000004 0 0.044999999999999984
0 0.622 0.625 0 0.05400000000000005
0 0.662 0.5325 0 0.14699999999999996
0 0.662 0.7155 0 0.10699999999999998
0 0.702 0.3335 0 0.044999999999999984
0 0.742 0.5875 0 0.26899999999999996
0 0.782 0.8415 0 0.7729999999999999
0 0.822 0.263 0 0.04199999999999998
0 0.822 0.539 0 0.14199999999999996
0 0.822 0.8394999999999999 0 0.23299999999999998
0 0.862 0.318 0 0.15800000000000003
0 0.862 0.7015 0 0.07899999999999996
0 0.862 0.9339999999999999 0 0.05799999999999994
0 0.902 0.2955 0 0.10699999999999998
0 0.902 0.7015 0 0.07899999999999996
0 0.942 0.7015 0 0.07899999999999996
0 0.942 0.8895 0 0.121
0 0.982 0.55 0 0.041999999999999926
0 0.982 0.7195 0 0.121
0 0.982 0.9385 0 0.04899999999999993
0 1.022 0.7065 0 0.08899999999999997
0 1.022 0.903 0 0.09599999999999997
0 1.062 0.698 0 0.07799999999999996
0 1.062 0.95 0 0.07599999999999996
0 1.062 1.0625 0 0.08899999999999997
0 1.062 1.2015 0 0.052999999999999936
0 1.102 0.6970000000000001 0 0.07599999999999996
0 1.102 1.0035 0 0.22299999999999998
0 1.142 0.5065000000000001 0 0.08100000000000002
0 1.142 0.6895 0 0.05499999999999994
0 1.142 1.016 0 0.20400000000000007
0 1.182 0.696 0 0.07399999999999995
0 1.262 0.9065 0 0.125
0 1.302 1.0615 0 0.09499999999999997
0 1.302 1.1885 0 0.07899999999999996
0 1.342 0.763 0 0.08600000000000008
0 1.342 1.07 0 0.31599999999999995
0 1.422 0.40449999999999997 0 0.377
0 1.422 1.115 0 0.08800000000000008
0 1.462 0.487 0 0.04199999999999998
0 1.462 0.968 0 0.06399999999999995
0 1.462 1.1495 0 0.15700000000000003
0 1.502 1.101 0 0.06400000000000006
1 0.7455 0.556 0.04044749683231337 0.05
1 1.482875 0.5275 0.0417619743307234 0.05
1 1.46125 0.6415 0.032035136959282694 0.05
1 0.83 0.676 0.04308131845707603 0.05
1 0.6475 0.716 0.04272001872658766 0.05
1 1.2815 0.836 0.04011234224026316 0.05
1 0.52 0.936 0.03 0.05
1 1.0245 0.976 0.035 0.05
1 1.4185 0.996 0.04428317965096906 0.05
1 0.143375 1.14 0.03211794669651221 0.05
1 0.561125 1.144 0.042178934315603565 0.05
1 0.6816875 1.1225 0.04450158002812934 0.05
1 0.232 1.156 0.04272001872658766 0.05
1 1.395 1.156 0.04428317965096906 0.05
1 1.275 1.196 0.04346262762420146 0.05
1 0.342 1.1075 0.031 0.05
1 0.502 0.8405 0.043 0.05
1 0.642 0.5555 0.040792156108742275 0.05
1 0.642 0.657 0.04123105625617661 0.05
1 0.842 0.809 0.043863424398922615 0.05
1 1.302 1.129 0.04 0.05
3 0.46049999999999996 0.469 0.717 0.506
3 1.1775 0.469 0.7170000000000001 0.506
3 0.46049999999999996 0.975 0.717 0.506
3 1.1775 0.975 0.7170000000000001 0.506