0 0.769 0.216 0.07800000000000007 0
0 0.778625 0.2895 0 0.09700000000000003
0 0.762 0.296 0.06400000000000006 0
0 0.7675000000000001 0.336 0.07900000000000007 0
0 0.6485 0.376 0.33899999999999997 0
0 0.81975 0.421 0 0.09999999999999998
0 0.4125 0.776 0.10300000000000004 0
0 0.7144999999999999 0.776 0.049000000000000044 0
0 0.8745 0.816 0.04300000000000004 0
0 0.619 0.856 0.05800000000000005 0
0 0.7464999999999999 0.856 0.09300000000000008 0
0 0.7295 0.896 0.10299999999999998 0
0 0.737 0.936 0.08800000000000008 0
0 0.7404999999999999 0.976 0.08500000000000008 0
0 0.099 0.7415 0 0.049000000000000044
0 0.259 0.5865 0 0.821
0 0.619 0.784 0 0.08199999999999996
0 0.659 0.775 0 0.06400000000000006
0 0.659 0.919 0 0.07599999999999996
0 0.699 0.7745 0 0.06300000000000006
0 0.699 0.866 0 0.052000000000000046
0 0.699 0.96 0 0.07399999999999995
0 0.739 0.238 0 0.124
0 0.739 0.87 0 0.254
0 0.779 0.925 0 0.06399999999999995
0 0.859 0.784 0 0.08199999999999996
1 0.679 0.8985 0.041484937025383084 0.05
1 0.699 0.823 0.034 0.05
3 0.29825 0.38125 0.39849999999999997 0.41050000000000003
3 0.69675 0.38125 0.3985 0.41050000000000003
3 0.29825 0.79175 0.39849999999999997 0.4105
3 0.69675 0.79175 0.3985 0.4105