0 0.8045 0.3695 0 0.09499999999999997
0 0.282625 0.4285 0 0.05299999999999999
0 0.8255 0.402 0.06699999999999995 0
0 0.1925 0.442 0.04299999999999998 0
0 1.0190000000000001 0.442 0.18200000000000005 0
0 0.1965 0.482 0.05099999999999999 0
0 0.346 0.482 0.045999999999999985 0
0 0.1695 0.522 0.127 0
0 0.924 0.5265 0 0.049000000000000044
0 0.1755 0.562 0.14500000000000002 0
0 0.365 0.562 0.040000000000000036 0
0 0.7885 0.562 0.10899999999999999 0
0 0.1685 0.602 0.125 0
0 0.2515 0.6655 0 0.29300000000000004
0 0.174 0.642 0.14200000000000002 0
0 0.88025 0.616 0 0.052000000000000046
0 0.9285 0.616 0 0.052000000000000046
0 0.164 0.682 0.116 0
0 0.808 0.682 0.9359999999999999 0
0 0.184 0.722 0.15600000000000003 0
0 0.545 0.722 0.41 0
0 1.0315 0.722 0.489 0
0 0.1805 0.762 0.14900000000000002 0
0 0.146 0.922 0.076 0
0 0.9590000000000001 0.922 0.31400000000000006 0
0 0.723375 1.1440000000000001 0 0.05999999999999983
0 0.6920000000000001 1.162 1.168 0
0 0.846375 1.1844999999999999 0 0.049000000000000155
0 0.9715 1.181 0 0.04200000000000004
0 1.042375 1.1844999999999999 0 0.049000000000000155
0 1.088 1.1795 0 0.04499999999999993
0 1.21375 1.1795 0 0.04499999999999993
0 0.505 1.282 0.09200000000000003 0
0 0.366 1.322 0.04200000000000004 0
0 0.484 1.322 0.13000000000000006 0
0 1.1895 1.322 0.07500000000000018 0
0 0.9095 1.362 0.125 0
0 1.2155 1.362 0.121 0
0 0.12025 1.424 0 0.04400000000000004
0 0.423 1.402 0.15600000000000003 0
0 1.218 1.402 0.1160000000000001 0
0 0.39549999999999996 1.442 0.10100000000000003 0
0 0.389 1.482 0.07800000000000001 0
0 0.8465 1.539 0 0.07200000000000006
0 0.92375 1.539 0 0.07200000000000006
0 0.965625 1.539 0 0.07200000000000006
0 1.0054375 1.539 0 0.07200000000000006
0 0.3285 1.562 0.09699999999999998 0
0 0.2865 1.5815000000000001 0 0.04100000000000015
0 0.3235 1.624 0 0.04399999999999982
0 0.34850000000000003 1.642 0.056999999999999995 0
0 0.5735 1.642 0.10299999999999998 0
0 0.6765 1.682 0.08699999999999997 0
0 1.1745 1.682 0.06500000000000017 0
0 0.38149999999999995 1.722 0.067 0
0 0.56075 1.7734999999999999 0 0.10299999999999998
0 1.162 1.722 0.040000000000000036 0
0 0.123 1.742 0 0.16599999999999993
0 0.771 1.762 0.050000000000000044 0
0 1.1685 1.7405 0 0.04299999999999993
0 0.4445 1.802 0.07300000000000001 0
0 1.244 1.7835 0 0.08299999999999996
0 0.165 0.687 0 0.2440000000000001
0 0.205 0.504 0 0.04400000000000004
0 0.365 0.362 0 0.08000000000000002
0 0.365 0.6105 0 0.269
0 0.365 1.377 0 0.4500000000000002
0 0.365 1.7305 0 0.18900000000000006
0 0.405 1.2045 0 0.09499999999999997
0 0.405 1.6965 0 0.09099999999999997
0 0.445 1.2109999999999999 0 0.10799999999999987
0 0.485 0.7070000000000001 0 0.05799999999999994
0 0.485 1.1855 0 0.05699999999999994
0 0.485 1.4180000000000001 0 0.062000000000000055
0 0.525 1.279 0 0.10200000000000009
0 0.565 0.7105 0 0.05899999999999994
0 0.565 1.6179999999999999 0 0.050000000000000044
0 0.645 0.7145 0 0.06699999999999995
0 0.685 0.7090000000000001 0 0.05599999999999994
0 0.685 1.1515 0 0.04499999999999993
0 0.725 0.766 0 0.09999999999999998
0 0.725 1.3485 0 0.08499999999999996
0 0.765 0.404 0 0.16399999999999998
0 0.765 0.571 0 0.06799999999999995
0 0.765 1.7555 0 0.08299999999999996
0 0.805 0.5920000000000001 0 0.10999999999999999
0 0.845 0.377 0 0.10999999999999999
0 0.845 0.671 0 0.258
0 0.885 0.7050000000000001 0 0.04799999999999993
0 0.885 1.1844999999999999 0 0.049000000000000155
0 0.885 1.5299999999999998 0 0.05400000000000005
0 0.925 0.7145 0 0.06699999999999995
0 0.965 0.42700000000000005 0 0.04199999999999998
0 1.005 0.4445 0 0.07699999999999996
0 1.005 1.1844999999999999 0 0.049000000000000155
0 1.165 1.3544999999999998 0 0.08699999999999997
0 1.165 1.6520000000000001 0 0.062000000000000055
0 1.205 1.3645 0 0.10699999999999998
0 1.205 1.6560000000000001 0 0.07000000000000006
0 1.245 0.441 0 0.07999999999999996
0 1.245 0.7075 0 0.06899999999999995
0 1.245 1.193 0 0.07200000000000006
0 1.245 1.366 0 0.07999999999999985
1 0.92625 0.5705 0.0392587569849072 0.05
1 0.882625 0.6615 0.039288197973437265 0.05
1 0.7685 0.722 0.037 0.05
1 0.403 1.322 0.032 0.05
1 0.305 1.602 0.037 0.05
1 0.34425 1.399 0.0415 0.05
1 0.629 1.662 0.040792156108742275 0.05
1 1.16675 1.6915 0.03616973873281365 0.05
1 0.505 1.221 0.04237924020083418 0.05
3 0.39625 0.69775 0.5865 0.7514999999999998
3 0.98275 0.69775 0.5865 0.7514999999999998
3 0.39625 1.44925 0.5865 0.7515000000000001
3 0.98275 1.44925 0.5865 0.7515000000000001