0 0.1765 0.116 0.237 0
0 0.38249999999999995 0.116 0.07500000000000001 0
0 0.8180000000000001 0.116 0.13 0
0 0.2115 0.276 0.056999999999999995 0
0 0.48450000000000004 0.276 0.061 0
0 0.53825 0.27 0 0.043999999999999984
0 0.059375 0.372 0 0.128
0 0.13325 0.3305 0 0.04099999999999998
0 0.2155 0.316 0.065 0
0 0.439 0.316 0.05800000000000005 0
0 0.5400625 0.35350000000000004 0 0.07500000000000001
0 0.73875 0.3745 0 0.123
0 0.154 0.356 0.192 0
0 0.5325 0.356 0.11499999999999999 0
0 0.8095 0.356 0.14700000000000002 0
0 0.8049999999999999 0.396 0.07799999999999996 0
0 0.218 0.308 0 0.09599999999999997
0 0.258 0.33299999999999996 0 0.066
0 0.418 0.2715 0 0.329
0 0.498 0.27 0 0.043999999999999984
0 0.498 0.38 0 0.11199999999999999
0 0.658 0.396 0 0.08000000000000002
0 0.818 0.376 0 0.04400000000000004
1 0.4625 0.296 0.04237924020083418 0.05
3 0.26425 0.18925 0.4125 0.16450000000000004
3 0.67675 0.18925 0.41250000000000003 0.16450000000000004
3 0.26425 0.35375 0.4125 0.16449999999999998
3 0.67675 0.35375 0.41250000000000003 0.16449999999999998