0 0.114 0.185 0.04600000000000001 0
0 0.5125 0.185 0.061000000000000054 0
0 0.56375 0.3255 0 0.04099999999999998
0 0.5225 0.345 0.08299999999999996 0
0 0.1185 0.425 0.05499999999999999 0
0 0.5135000000000001 0.425 0.06900000000000006 0
0 0.1475 0.505 0.191 0
0 0.3666875 0.5215000000000001 0 0.06500000000000006
0 0.484625 0.525 0 0.040000000000000036
0 0.0795 0.545 0.051 0
0 0.0465 0.642 0 0.04600000000000004
0 0.161 0.6455 0 0.041000000000000036
0 0.2255 0.625 0.07300000000000001 0
0 0.528625 0.6465000000000001 0 0.04700000000000004
0 0.123 0.665 0.126 0
0 0.2515 0.8049999999999999 0 0.039999999999999925
0 0.397 0.785 0.043999999999999984 0
0 0.085 0.6515 0 0.347
0 0.125 0.2115 0 0.05499999999999999
0 0.125 0.521 0 0.06400000000000006
0 0.125 0.644 0 0.04800000000000004
0 0.405 0.798 0 0.05399999999999994
0 0.525 0.20700000000000002 0 0.04400000000000001
1 0.161 0.645 0.04011234224026316 0.05
3 0.175875 0.34424999999999994 0.25875000000000004 0.32049999999999995
3 0.434625 0.34424999999999994 0.2587499999999999 0.32049999999999995
3 0.175875 0.66475 0.25875000000000004 0.3205
3 0.434625 0.66475 0.2587499999999999 0.3205