0 1.055625 0.351 0 0.055999999999999994
0 0.2585 0.364 0.205 0
0 0.9225 0.364 1.0050000000000001 0
0 0.0955 0.392 0 0.05199999999999999
0 0.21875 0.382 0 0.04400000000000004
0 0.30025 0.38 0 0.04800000000000004
0 0.42800000000000005 0.404 0.04999999999999999 0
0 0.5765 0.404 0.18300000000000005 0
0 1.097625 0.387 0 0.062
0 1.18325 0.383 0 0.04200000000000004
0 1.29675 0.38749999999999996 0 0.05099999999999999
0 0.259375 0.437 0 0.040000000000000036
0 0.449 0.444 0.14 0
0 0.7005 0.444 0.09099999999999997 0
0 1.017875 0.435 0 0.04400000000000004
0 0.09525 0.513 0 0.12999999999999995
0 0.1965 0.484 0.08099999999999999 0
0 0.5025 0.484 0.04300000000000004 0
0 0.6075 0.484 0.10499999999999998 0
0 0.69425 0.551 0 0.21400000000000002
0 1.2665 0.484 0.06499999999999995 0
0 0.363 0.524 0.04199999999999998 0
0 0.41975 0.481 0 0.08600000000000002
0 0.5085 0.524 0.05900000000000005 0
0 0.6539999999999999 0.524 0.07199999999999995 0
0 0.853375 0.556 0 0.06399999999999995
0 0.97975 0.558 0 0.06799999999999995
0 0.5815 0.564 0.20500000000000007 0
0 1.244 0.564 0.10999999999999988 0
0 1.0379999999999998 0.604 0.06600000000000006 0
0 1.297 0.587 0 0.05599999999999994
0 0.0955 0.633 0 0.050000000000000044
0 0.416 0.6665 0 0.04499999999999993
0 0.706 0.644 0.11399999999999999 0
0 0.253 0.684 0.04000000000000001 0
0 0.4505 0.684 0.09099999999999997 0
0 0.93425 0.6765 0 0.07699999999999996
0 0.0955 0.714 0 0.04800000000000004
0 0.322 0.724 0.33199999999999996 0
0 0.9045 0.724 0.19299999999999984 0
0 1.3295 0.724 0.19100000000000006 0
0 0.21999999999999997 0.764 0.12799999999999997 0
0 1.161 0.764 0.062000000000000055 0
0 1.3075 0.764 0.15100000000000002 0
0 0.0955 0.7949999999999999 0 0.04799999999999993
0 0.49125 0.7855000000000001 0 0.8470000000000001
0 0.972 0.804 0.14800000000000002 0
0 1.2945 0.804 0.2610000000000001 0
0 1.2189999999999999 0.844 0.41200000000000014 0
0 0.0955 0.876 0 0.050000000000000044
0 0.20700000000000002 0.884 0.10400000000000001 0
0 0.35550000000000004 0.884 0.056999999999999995 0
0 0.413375 0.886 0 0.04400000000000004
0 1.0855000000000001 0.884 0.32899999999999996 0
0 1.3345 0.884 0.06300000000000017 0
0 0.725 0.924 0.062000000000000055 0
0 0.937375 0.915 0 0.05799999999999994
0 1.2175 0.924 0.07299999999999995 0
0 0.0955 0.9555 0 0.04899999999999993
0 0.21500000000000002 0.964 0.12000000000000002 0
0 0.727 0.964 0.06600000000000006 0
0 1.1335000000000002 0.964 0.11499999999999999 0
0 1.3655 0.964 0.119 0
0 0.252 1.004 0.05000000000000002 0
0 0.6952421875 1.0485 0 0.3330000000000001
0 0.8009999999999999 1.004 0.11199999999999999 0
0 1.2614999999999998 1.004 0.05899999999999994 0
0 0.09525 1.075 0 0.1280000000000001
0 0.57425 1.0775000000000001 0 0.06699999999999995
0 0.7655000000000001 1.084 0.041000000000000036 0
0 0.402 1.124 0.04199999999999998 0
0 0.57425 1.185 0 0.12199999999999989
0 0.7255 1.124 0.11299999999999999 0
0 0.29925 1.1909999999999998 0 0.05400000000000005
0 0.4475 1.164 0.056999999999999995 0
0 0.817375 1.1764999999999999 0 0.08500000000000019
0 0.8975 1.1735 0 0.09100000000000019
0 0.936125 1.1885 0 0.05700000000000016
0 1.388 1.164 0.07400000000000007 0
0 0.0955 1.1960000000000002 0 0.050000000000000044
0 0.318 1.204 0.19799999999999998 0
0 0.6455 1.204 0.39499999999999996 0
0 0.988 1.204 0.22000000000000008 0
0 1.1589999999999998 1.204 0.062000000000000055 0
0 1.355 1.204 0.14000000000000012 0
0 0.1785 1.284 0.047000000000000014 0
0 0.259 1.284 0.04799999999999999 0
0 0.8360000000000001 1.284 0.04799999999999993 0
0 0.913 1.284 0.04200000000000004 0
0 0.992 1.284 0.040000000000000036 0
0 1.1549999999999998 1.284 0.04600000000000004 0
0 1.238 1.284 0.04599999999999982 0
0 1.3159999999999998 1.284 0.04200000000000004 0
0 0.335375 1.3344999999999998 0 0.10699999999999998
0 0.815125 1.3295 0 0.11699999999999999
0 0.534 1.364 0.10199999999999998 0
0 0.65525 1.3325 0 0.06300000000000017
0 0.175 0.6625 0 0.605
0 0.175 1.0295 0 0.06900000000000006
0 0.175 1.155 0 0.1200000000000001
0 0.215 0.7565 0 0.07300000000000006
0 0.255 0.7095 0 0.050999999999999934
0 0.255 0.902 0 0.04400000000000004
0 0.335 0.755 0 0.07000000000000006
0 0.375 0.904 0 0.06400000000000006
0 0.375 1.1915 0 0.04300000000000015
0 0.415 0.376 0 0.040000000000000036
0 0.415 0.7535000000000001 0 0.06700000000000006
0 0.415 1.1600000000000001 0 0.15800000000000014
0 0.415 1.2999999999999998 0 0.050000000000000044
0 0.455 0.405 0 0.09000000000000002
0 0.455 1.173 0 0.09600000000000009
0 0.575 0.38 0 0.04800000000000004
0 0.575 1.3355 0 0.10499999999999998
0 0.615 0.8725 0 0.05900000000000005
0 0.655 0.49750000000000005 0 0.337
0 0.695 0.316 0 0.14400000000000002
0 0.735 0.383 0 0.04999999999999999
0 0.735 0.9265 0 0.09299999999999997
0 0.735 1.032 0 0.04600000000000004
0 0.735 1.277 0 0.22199999999999998
0 0.815 0.3575 0 0.121
0 0.855 1.1724999999999999 0 0.08900000000000019
0 0.895 0.376 0 0.040000000000000036
0 0.935 0.387 0 0.057999999999999996
0 0.935 0.813 0 0.041999999999999926
0 0.975 0.386 0 0.06
0 0.975 0.8200000000000001 0 0.05599999999999994
0 0.975 0.915 0 0.05799999999999994
0 1.015 0.5725 0 0.06099999999999994
0 1.015 0.8215 0 0.05899999999999994
0 1.015 0.9125 0 0.05699999999999994
0 1.055 0.5745 0 0.06099999999999994
0 1.055 1.0979999999999999 0 0.05599999999999983
0 1.095 0.877 0 0.21599999999999997
0 1.095 1.1920000000000002 0 0.04200000000000004
0 1.135 0.8605 0 0.08300000000000007
0 1.135 0.9610000000000001 0 0.04799999999999993
0 1.175 0.86 0 0.242
0 1.175 1.1735 0 0.08700000000000019
0 1.215 0.8385 0 0.14300000000000002
0 1.255 0.778 0 0.124
0 1.295 0.504 0 0.05800000000000005
0 1.295 0.759 0 0.08200000000000007
0 1.295 1.0030000000000001 0 0.050000000000000044
0 1.335 0.8375 0 0.09499999999999997
0 1.375 0.7729999999999999 0 0.10199999999999998
0 1.375 0.9744999999999999 0 0.051000000000000045
0 1.415 0.782 0 0.12
0 1.415 0.9695 0 0.041000000000000036
0 1.415 1.1764999999999999 0 0.0930000000000002
1 0.095375 0.433 0.0300010416485828 0.05
1 0.2390625 0.4105 0.04265431543232173 0.05
1 0.469 0.404 0.032 0.05
1 0.6615 0.424 0.042059481689626185 0.05
1 0.9964375 0.4065 0.04297982811738549 0.05
1 0.095375 0.593 0.0300010416485828 0.05
1 0.5395 0.484 0.031 0.05
1 0.417375 0.44 0.04226774775168414 0.05
1 1.296 0.545 0.026076809620810597 0.05
1 0.0955 0.674 0.032 0.05
1 0.4155 0.7045 0.031016124838541645 0.05
1 0.0955 0.7545 0.033 0.05
1 1.212 0.764 0.04 0.05
1 0.0955 0.835 0.032 0.05
1 0.0955 0.916 0.03 0.05
1 1.165 0.944 0.04123105625617661 0.05
1 0.095375 0.9955 0.031001008048126437 0.05
1 0.7525 0.984 0.04272001872658766 0.05
1 1.3285 0.984 0.04272001872658766 0.05
1 0.095375 1.155 0.03200097654759929 0.05
1 0.421 1.144 0.04019950248448356 0.05
1 0.574625 1.2645 0.037007600570693584 0.05
1 0.3475 1.184 0.04004996878900158 0.05
1 0.4325 1.204 0.031 0.05
1 0.8605 1.204 0.035 0.05
1 1.113 1.204 0.03 0.05
1 0.2185 1.284 0.033 0.05
1 0.876 1.284 0.032 0.05
1 0.953 1.284 0.038 0.05
1 1.1965 1.284 0.037 0.05
1 1.278 1.284 0.034 0.05
1 0.175 0.98 0.03 0.05
1 0.175 1.0795 0.031 0.05
1 0.235 0.7385 0.04272001872658766 0.05
1 0.415 1.257 0.036 0.05
1 0.975 0.867 0.038 0.05
1 1.315 0.795 0.04123105625617661 0.05
3 0.4276875 0.53 0.6648750000000001 0.572
3 1.0925625 0.53 0.664875 0.572
3 0.4276875 1.1019999999999999 0.6648750000000001 0.572
3 1.0925625 1.1019999999999999 0.664875 0.572