0 0.40375 0.255 0 0.040000000000000036
0 1.99975 0.36150000000000004 0 0.069
0 0.9315 0.435 0.04899999999999993 0
0 1.125625 0.4595 0 0.04899999999999999
0 1.1636875 0.473 0 0.07600000000000001
0 1.48325 0.5145 0 0.15899999999999997
0 0.977 0.475 0.1399999999999999 0
0 0.925375 0.5195000000000001 0 0.04700000000000004
0 0.9944999999999999 0.515 0.052999999999999936 0
0 0.245625 0.5780000000000001 0 0.05399999999999994
0 0.283875 0.571 0 0.039999999999999925
0 0.36525 0.571 0 0.039999999999999925
0 0.4385 0.555 0.07299999999999995 0
0 0.598 0.575 0 0.039999999999999925
0 1.3135 0.555 0.19100000000000006 0
0 1.9745 0.555 0.09099999999999997 0
0 1.28346875 0.626 0 0.1419999999999999
0 1.440125 0.6094999999999999 0 0.08300000000000007
0 0.840125 0.671 0 0.04399999999999993
0 1.322875 0.6775 0 0.06499999999999995
0 0.9640625 0.746 0 0.08200000000000007
0 1.4413125 0.754 0 0.07800000000000007
0 0.165125 0.774 0 0.04800000000000004
0 0.40275 0.759 0 0.08400000000000007
0 1.0831875 0.7535000000000001 0 0.07100000000000006
0 1.283 0.7725 0 0.06700000000000006
0 1.4014375 0.7705 0 0.07100000000000006
0 1.481 0.7795000000000001 0 0.049000000000000044
0 0.3245 0.8015 0 0.040999999999999925
0 0.45299999999999996 0.795 0.04999999999999999 0
0 0.683625 0.8925000000000001 0 0.22699999999999998
0 1.2879999999999998 0.795 0.42999999999999994 0
0 2.36225 0.8465 0 0.135
0 0.241625 0.843 0 0.05400000000000005
0 0.202375 0.902 0 0.05400000000000005
0 0.283875 0.879 0 0.05600000000000005
0 2.168 0.9550000000000001 0 0.07999999999999996
0 0.484375 0.9784999999999999 0 0.04700000000000004
0 1.72925 0.976 0 0.04200000000000004
0 2.0715000000000003 0.955 0.08099999999999996 0
0 2.127375 0.962 0 0.08399999999999996
0 2.201375 0.966 0 0.05799999999999994
0 2.281875 0.9835 0 0.05700000000000005
0 2.118 0.995 0.24999999999999978 0
0 1.99975 1.028 0 0.09799999999999998
0 0.323 0.571 0 0.039999999999999925
0 0.403 0.5740000000000001 0 0.041999999999999926
0 0.523 0.986 0 0.040000000000000036
0 0.563 0.986 0 0.040000000000000036
0 0.723 0.3335 0 0.197
0 0.763 0.49750000000000005 0 0.069
0 0.803 0.986 0 0.040000000000000036
0 1.043 0.7725 0 0.04500000000000004
0 1.163 0.766 0 0.08000000000000007
0 1.203 0.3315 0 0.04899999999999999
0 1.363 0.775 0 0.04800000000000004
0 1.923 1.0015 0 0.04500000000000004
0 2.043 0.9575 0 0.07499999999999996
0 2.083 0.9635 0 0.08699999999999986
0 2.243 0.958 0 0.07599999999999996
0 2.363 0.981 0 0.062000000000000055
0 2.443 0.8380000000000001 0 0.118
0 2.443 1.0525 0 0.04300000000000015
1 1.283234375 0.718 0.042002615710959 0.05
1 2.362625 0.932 0.036007811652473416 0.05
1 0.222 0.8725 0.03956718969044933 0.05
3 0.7345937499999999 0.4455 1.1389375 0.42100000000000004
3 1.87353125 0.4455 1.1389375000000002 0.42100000000000004
3 0.7345937499999999 0.8665 1.1389375 0.42099999999999993
3 1.87353125 0.8665 1.1389375000000002 0.42099999999999993