0 0.6935 0.97 0.137 0
0 0.461 1.065 0.138 0
0 0.04 0.9830000000000001 0 0.5080000000000001
0 0.17 1.425 0 0.1299999999999999
0 0.385 0.2965 0 0.11499999999999999
0 0.405 0.891 0 0.32600000000000007
0 0.425 1.166 0 0.22799999999999998
0 0.63 0.8380000000000001 0 0.19600000000000006
0 0.685 1.1905000000000001 0 0.21299999999999986
0 0.71 1.0795 0 0.405
0 0.715 1.193 0 0.22199999999999998
0 0.35950000000000004 0.341 0.067 0
0 0.236 0.349 0.05200000000000002 0
0 0.448 0.749 0.08999999999999997 0
0 0.6659999999999999 0.901 0.07599999999999996 0
0 0.446 1.061 0.10199999999999998 0
0 0.643 1.093 0.124 0
0 0.6335 1.101 0.1050000000000001 0
0 0.6545000000000001 1.149 0.051000000000000045 0
0 0.45199999999999996 1.205 0.055999999999999994 0
0 0.5405 1.253 0.09499999999999997 0
0 0.09999999999999999 1.261 0.144 0
0 0.244 1.285 0.09599999999999997 0
0 0.045 1.0445 0 0.07900000000000018
0 0.261 1.1640000000000001 0 0.20399999999999996
0 0.397 0.38849999999999996 0 0.08700000000000002
0 0.397 0.5485 0 0.08299999999999996
0 0.405 0.8825000000000001 0 0.05500000000000005
0 0.501 1.1315 0 0.06699999999999995
0 0.685 1.1665 0 0.17699999999999982
0 0.709 1.099 0 0.33599999999999985
0 0.717 1.1789999999999998 0 0.1519999999999999
1 0.184 1.273 0.03394112549695428 0.05
2 0.04 0.856 0.035 0.05
2 0.04 0.983 0.035 0.05
2 0.04 1.11 0.035 0.05
3 0.21150000000000002 0.55175 0.367 0.6255000000000001
3 0.5785 0.55175 0.367 0.6255000000000001
3 0.21150000000000002 1.17725 0.367 0.6255
3 0.5785 1.17725 0.367 0.6255