0 1.184 0.74 0.1459999999999999 0
0 1.1985000000000001 1.115 0.45300000000000007 0
0 0.12 0.901 0 0.16800000000000004
0 0.725 0.983 0 0.21599999999999997
0 0.785 0.9015 0 0.3410000000000001
0 0.94 0.8345 0 0.21099999999999997
0 0.96 0.42699999999999994 0 0.29
0 1.085 1.005 0 0.12
0 1.49 1.0055 0 0.16100000000000003
0 1.695 1.1364999999999998 0 0.127
0 1.715 0.8105 0 0.17300000000000004
0 1.885 0.831 0 0.21799999999999997
0 1.445 0.6679999999999999 0 0.05599999999999994
2 1.08525 1.115 0.035 0.05
2 1.1985 1.115 0.035 0.05
2 1.31175 1.115 0.035 0.05
2 0.785 0.8446666666666667 0.035 0.05
2 0.785 0.9583333333333333 0.035 0.05
3 0.56125 0.5115 0.8825 0.459
3 1.44375 0.5115 0.8825000000000001 0.459
3 0.56125 0.9704999999999999 0.8825 0.45899999999999996
3 1.44375 0.9704999999999999 0.8825000000000001 0.45899999999999996