0 1.24575 0.2925 0 0.355
0 0.6805 0.155 1.191 0
0 0.1765 0.195 0.04300000000000001 0
0 0.533 0.1655 0 0.059
0 0.1285 0.275 0.08699999999999998 0
0 1.2080000000000002 0.275 0.05800000000000005 0
0 0.1365 0.315 0.103 0
0 0.5635 0.315 0.04299999999999993 0
0 0.6075 0.3245 0 0.067
0 1.214 0.315 0.040000000000000036 0
0 0.5775 0.355 0.07099999999999995 0
0 1.219 0.355 0.04400000000000004 0
0 0.1325 0.395 0.09499999999999999 0
0 0.5800000000000001 0.395 0.07599999999999996 0
0 0.125 0.435 0.057999999999999996 0
0 0.208875 0.479 0 0.09600000000000003
0 0.9665 0.435 0.06099999999999994 0
0 1.217 0.435 0.040000000000000036 0
0 0.1455 0.475 0.12099999999999998 0
0 0.8035 0.478 0 0.07200000000000001
0 1.1880000000000002 0.475 0.1060000000000001 0
0 0.34400000000000003 0.515 0.364 0
0 0.6845 0.5695 0 0.17500000000000004
0 0.8855 0.515 0.061000000000000054 0
0 0.1265 0.555 0.083 0
0 0.2995 0.555 0.061 0
0 0.40225 0.5295000000000001 0 0.051000000000000045
0 0.505 0.555 0.04400000000000004 0
0 0.148 0.595 0.126 0
0 0.8075 0.595 0.06099999999999994 0
0 0.984 0.595 0.08999999999999997 0
0 0.156 0.635 0.14200000000000002 0
0 0.7365 0.635 0.125 0
0 1.2245 0.635 0.05499999999999994 0
0 0.125 0.1615 0 0.04299999999999998
0 0.125 0.33299999999999996 0 0.03999999999999998
0 0.125 0.5075000000000001 0 0.22699999999999998
0 0.165 0.3805 0 0.481
0 0.205 0.16 0 0.08999999999999998
0 0.285 0.1615 0 0.04299999999999998
0 0.325 0.165 0 0.04999999999999999
0 0.365 0.1705 0 0.061
0 0.365 0.602 0 0.062000000000000055
0 0.405 0.182 0 0.08399999999999999
0 0.445 0.165 0 0.057999999999999996
0 0.485 0.1575 0 0.04299999999999998
0 0.485 0.5605 0 0.11299999999999999
0 0.525 0.5805 0 0.15300000000000002
0 0.565 0.165 0 0.057999999999999996
0 0.565 0.3325 0 0.08300000000000002
0 0.605 0.156 0 0.03999999999999998
0 0.645 0.165 0 0.057999999999999996
0 0.645 0.621 0 0.07200000000000006
0 0.685 0.1985 0 0.04300000000000001
0 0.805 0.6305000000000001 0 0.05300000000000005
0 0.845 0.156 0 0.03999999999999998
0 0.885 0.156 0 0.03999999999999998
0 0.925 0.157 0 0.04199999999999998
0 0.925 0.6305000000000001 0 0.05300000000000005
0 0.965 0.156 0 0.03999999999999998
0 0.965 0.45599999999999996 0 0.057999999999999996
0 0.965 0.605 0 0.040000000000000036
0 1.045 0.1685 0 0.065
0 1.085 0.1615 0 0.05099999999999999
0 1.125 0.16 0 0.05399999999999999
0 1.165 0.1615 0 0.056999999999999995
0 1.205 0.157 0 0.04799999999999999
0 1.205 0.237 0 0.04000000000000001
1 0.3055 0.535 0.04044749683231337 0.05
1 0.383625 0.563 0.040540874435561945 0.05
1 0.125 0.3735 0.041 0.05
1 0.665 0.1855 0.04346262762420146 0.05
1 1.205 0.199 0.036 0.05
3 0.38275 0.2505 0.5955 0.271
3 0.9782500000000001 0.2505 0.5955 0.271
3 0.38275 0.5215000000000001 0.5955 0.271
3 0.9782500000000001 0.5215000000000001 0.5955 0.271