0 0.958 0.185 0.16999999999999993 0
0 1.1840000000000002 0.195 0.1060000000000001 0
0 1.161 0.51 0.1459999999999999 0
0 0.485 0.294 0 0.376
0 0.482 0.181 0.06 0
0 0.8155 0.181 0.11699999999999999 0
0 1.0030000000000001 0.181 0.08600000000000008 0
0 0.837 0.509 0.16000000000000003 0
0 1.003 0.509 0.08399999999999996 0
0 0.237 0.262 0 0.15800000000000003
0 0.237 0.4575 0 0.133
0 0.253 0.232 0 0.09800000000000003
0 0.477 0.35350000000000004 0 0.341
0 0.709 0.23950000000000002 0 0.07900000000000001
0 0.997 0.353 0 0.342
0 1.237 0.30000000000000004 0 0.057999999999999996
0 1.237 0.383 0 0.057999999999999996
0 1.237 0.49 0 0.068
1 1.0975 0.5095 0.04301162633521314 0.05
1 0.939 0.509 0.044 0.05
1 1.237 0.434 0.044 0.05
2 0.485 0.2313333333333333 0.035 0.05
2 0.485 0.35666666666666663 0.035 0.05
3 0.487 0.2105 0.5 0.20900000000000002
3 0.9870000000000001 0.2105 0.5000000000000001 0.20900000000000002
3 0.487 0.4195 0.5 0.20900000000000002
3 0.9870000000000001 0.4195 0.5000000000000001 0.20900000000000002