0 0.2355 1.155 0.153 0
0 0.4315 0.413 0.069 0
0 0.621 0.685 0.052000000000000046 0
0 0.5675 0.709 0.06299999999999994 0
0 0.326 0.989 0.10399999999999998 0
0 0.22150000000000003 1.133 0.11900000000000002 0
0 0.22150000000000003 1.157 0.11900000000000002 0
0 0.694 1.205 0.258 0
0 0.6619999999999999 1.221 0.19400000000000006 0
0 0.7909999999999999 1.221 0.05999999999999994 0
0 0.7585 1.333 0.129 0
0 0.061 0.315 0 0.06799999999999995
0 0.157 1.0455 0 0.7030000000000001
0 0.197 1.071 0 0.16599999999999993
0 0.357 1.072 0 0.16799999999999993
0 0.381 1.071 0 0.16599999999999993
0 0.397 1.337 0 0.12400000000000011
0 0.693 1.365 0 0.06000000000000005
2 0.2355 1.155 0.035 0.05
3 0.2515 0.5605 0.381 0.5589999999999999
3 0.6325 0.5605 0.38099999999999995 0.5589999999999999
3 0.2515 1.1195 0.381 0.559
3 0.6325 1.1195 0.38099999999999995 0.559