0 0.1735 0.13 0.28300000000000003 0
0 0.23625 0.28099999999999997 0 0.142
0 0.32899999999999996 0.21 0.045999999999999985 0
0 0.033 0.3445 0 0.261
0 0.3155 0.2855 0 0.04299999999999998
0 0.11165625 0.4075 0 0.13699999999999996
0 0.40025 0.349 0 0.04199999999999998
0 0.43275 0.436 0 0.15000000000000002
0 0.154875 0.4525 0 0.05299999999999999
0 0.23325 0.4505 0 0.121
0 0.312625 0.48050000000000004 0 0.061
0 0.4445 0.45 0.07500000000000001 0
0 0.258 0.49 0.07799999999999999 0
0 0.432 0.49 0.050000000000000044 0
0 0.192 0.3325 0 0.061
0 0.472 0.4175 0 0.11299999999999999
1 0.23475 0.371 0.03811823710509184 0.05
1 0.4165 0.3655 0.0337231374578345 0.05
3 0.14450000000000002 0.22525 0.225 0.1905
3 0.3695 0.22525 0.22499999999999998 0.1905
3 0.14450000000000002 0.41575 0.225 0.1905
3 0.3695 0.41575 0.22499999999999998 0.1905