0 0.68925 0.36950000000000005 0 0.05499999999999999
0 0.1845 0.382 0.056999999999999995 0
0 0.1845 0.422 0.056999999999999995 0
0 0.1835 0.462 0.05499999999999999 0
0 0.181 0.502 0.04999999999999999 0
0 0.1835 0.542 0.04899999999999999 0
0 0.182 0.582 0.05199999999999999 0
0 0.48925 0.5720000000000001 0 0.05799999999999994
0 0.7285 0.6585000000000001 0 0.23099999999999998
0 0.1815 0.622 0.05499999999999999 0
0 0.52825 0.664 0 0.242
0 0.57375 0.6245 0 0.061000000000000054
0 0.688625 0.6225 0 0.05700000000000005
0 0.179 0.662 0.05199999999999999 0
0 0.48675 0.683 0 0.041999999999999926
0 0.177 0.702 0.05200000000000002 0
0 0.5275 0.702 0.09499999999999997 0
0 0.165 0.742 0.07400000000000001 0
0 0.4405 0.742 0.07699999999999996 0
0 0.724 0.742 0.08799999999999997 0
0 0.172 0.782 0.048000000000000015 0
0 0.287 0.7645 0 0.041000000000000036
0 0.17099999999999999 0.822 0.05000000000000002 0
0 0.1725 0.862 0.047000000000000014 0
0 0.172 0.902 0.048000000000000015 0
0 0.17149999999999999 0.942 0.047000000000000014 0
0 0.17099999999999999 0.982 0.05400000000000002 0
0 0.16949999999999998 1.022 0.07099999999999998 0
0 0.37 1.0335 0 0.049000000000000155
0 0.167 1.062 0.068 0
0 0.37084375 1.366 0 0.6079999999999999
0 0.1765 1.102 0.17300000000000001 0
0 0.17049999999999998 1.142 0.129 0
0 0.1515 1.182 0.09300000000000001 0
0 0.52 1.182 0.07800000000000007 0
0 0.7235 1.182 0.08899999999999997 0
0 0.17049999999999998 1.222 0.131 0
0 0.297 1.2545 0 0.06499999999999995
0 0.20450000000000002 1.262 0.14300000000000002 0
0 0.16949999999999998 1.302 0.08099999999999999 0
0 0.563 1.302 0.41000000000000003 0
0 0.09 1.355 0 0.04400000000000004
0 0.17149999999999999 1.342 0.047000000000000014 0
0 0.419 1.342 0.118 0
0 0.174 1.382 0.09 0
0 0.534 1.382 0.061999999999999944 0
0 0.189 1.422 0.248 0
0 0.414375 1.442 0 0.040000000000000036
0 0.524 1.422 0.06800000000000006 0
0 0.09475 1.4415 0 0.040999999999999925
0 0.177 1.462 0.10200000000000001 0
0 0.523 1.462 0.07000000000000006 0
0 0.14350000000000002 1.502 0.08499999999999999 0
0 0.5145 1.502 0.05300000000000005 0
0 0.17149999999999999 1.542 0.04100000000000001 0
0 0.505 1.542 0.08800000000000002 0
0 0.5005000000000001 1.582 0.11900000000000005 0
0 0.1725 1.622 0.089 0
0 0.33799999999999997 1.622 0.07600000000000001 0
0 0.5225 1.622 0.06500000000000006 0
0 0.40950000000000003 1.662 0.717 0
0 0.1855 1.702 0.07500000000000001 0
0 0.28875 1.684 0 0.08400000000000007
0 0.33125 1.7475 0 0.14900000000000002
0 0.3729375 1.7385 0 0.07299999999999995
0 0.4895 1.5575 0 0.3270000000000002
0 0.532125 1.6804999999999999 0 0.0970000000000002
0 0.182 1.742 0.07600000000000001 0
0 0.432 1.742 0.09999999999999998 0
0 0.533 1.8399999999999999 0 0.19599999999999995
0 0.1565 1.782 0.081 0
0 0.217 1.7925 0 0.2909999999999999
0 0.29550000000000004 1.822 0.48900000000000005 0
0 0.179 1.862 0.07200000000000001 0
0 0.45 1.862 0.15000000000000002 0
0 0.1795 1.902 0.07300000000000001 0
0 0.4 1.902 0.04999999999999999 0
0 0.489375 1.8780000000000001 0 0.11999999999999988
0 0.131 1.143 0 0.1280000000000001
0 0.131 1.2695 0 0.06499999999999995
0 0.131 1.4375 0 0.129
0 0.131 1.6285 0 0.05699999999999994
0 0.171 1.14 0 1.5959999999999999
0 0.211 0.404 0 0.124
0 0.211 1.096 0 0.06399999999999983
0 0.211 1.259 0 0.08399999999999985
0 0.211 1.4155 0 0.08899999999999997
0 0.211 1.5165 0 0.04899999999999993
0 0.291 1.354 0 0.04600000000000004
0 0.331 1.3900000000000001 0 0.039999999999999813
0 0.331 1.6255000000000002 0 0.04699999999999993
0 0.411 0.5854999999999999 0 0.04300000000000004
0 0.411 1.0985 0 0.06299999999999994
0 0.411 1.3170000000000002 0 0.07000000000000006
0 0.411 1.6360000000000001 0 0.07199999999999984
0 0.411 1.847 0 0.05600000000000005
0 0.451 1.73 0 0.053999999999999826
0 0.451 1.8485 0 0.05899999999999994
0 0.491 1.2005 0 0.04699999999999993
0 0.531 1.278 0 0.08599999999999985
0 0.531 1.3885 0 0.04699999999999993
0 0.531 1.5515 0 0.10899999999999999
0 0.611 1.2799999999999998 0 0.050000000000000044
0 0.691 1.238 0 0.1379999999999999
0 0.731 1.2065000000000001 0 0.07499999999999996
1 0.4885 0.722 0.04001249804748511 0.05
1 0.3905 1.0625 0.04197618372363071 0.05
1 0.351046875 1.6715 0.03970724164510172 0.05
1 0.294 1.309 0.04440720662234904 0.05
1 0.092375 1.399 0.04425564935689002 0.05
1 0.47025 1.712 0.0425 0.05
1 0.5315625 1.613 0.026024327560957267 0.05
1 0.131 1.222 0.03 0.05
1 0.211 1.476 0.032 0.05
1 0.311 1.3735 0.040607881008493905 0.05
1 0.511 1.2295 0.041484937025383084 0.05
1 0.531 1.343 0.044 0.05
3 0.23024999999999998 0.741 0.3585 0.7979999999999998
3 0.58875 0.741 0.35850000000000004 0.7979999999999998
3 0.23024999999999998 1.539 0.3585 0.798
3 0.58875 1.539 0.35850000000000004 0.798