0 0.27675 0.3215 0 0.07700000000000001
0 0.0805 0.44299999999999995 0 0.23999999999999994
0 0.315375 0.31999999999999995 0 0.064
0 0.360875 0.35 0 0.05399999999999999
0 0.303 0.363 0.5319999999999999 0
0 0.198 0.36750000000000005 0 0.07100000000000001
0 0.255 0.723 0.136 0
0 0.2425 0.763 0.07300000000000004 0
0 0.0965 0.803 0.119 0
0 0.314 0.8035 0 0.05899999999999994
0 0.5435 0.803 0.050999999999999934 0
0 0.5435 0.843 0.050999999999999934 0
0 0.091 0.883 0.08000000000000002 0
0 0.54 0.883 0.05799999999999994 0
0 0.3015 0.923 0.07700000000000001 0
0 0.29900000000000004 1.043 0.07200000000000001 0
0 0.062 1.083 0.04 0
0 0.1965 1.083 0 0.06000000000000005
0 0.479875 1.0885 0 0.06300000000000017
0 0.192 1.123 0.29200000000000004 0
0 0.471 1.123 0.09800000000000003 0
0 0.06999999999999999 1.163 0.066 0
0 0.5165 1.2345000000000002 0 0.2889999999999999
0 0.4285 1.243 0.179 0
0 0.35625 1.351 0 0.05600000000000005
0 0.077 0.8015 0 0.052999999999999936
0 0.077 1.116 0 0.07400000000000007
0 0.117 0.355 0 0.04199999999999998
0 0.117 0.7985 0 0.052999999999999936
0 0.237 1.1045 0 0.040999999999999925
0 0.277 0.7705 0 0.125
0 0.277 1.02 0 0.20599999999999996
0 0.317 1.351 0 0.05600000000000005
0 0.437 1.0190000000000001 0 0.20399999999999996
0 0.477 0.35650000000000004 0 0.04299999999999998
0 0.517 0.753 0 0.09000000000000008
0 0.517 0.891 0 0.08400000000000007
0 0.557 0.356 0 0.04199999999999998
0 0.557 0.8674999999999999 0 0.06300000000000006
3 0.16999999999999998 0.5569999999999999 0.266 0.548
3 0.43599999999999994 0.5569999999999999 0.26599999999999996 0.548
3 0.16999999999999998 1.105 0.266 0.548
3 0.43599999999999994 1.105 0.26599999999999996 0.548