0 0.5145 0.27 0.11699999999999994 0
0 0.216 0.325 0.194 0
0 0.315 0.435 0.388 0
0 1.3130000000000002 0.45 0.15599999999999992 0
0 0.12 0.8295 0 0.20500000000000007
0 0.52 0.5915 0 0.327
0 0.63 0.655 0 0.35
0 0.665 0.252 0 0.11199999999999999
0 0.705 0.66 0 0.454
0 1.045 0.879 0 0.1120000000000001
0 1.185 0.7925 0 0.11699999999999999
0 0.3055 0.813 0.09899999999999998 0
0 0.365 0.481 0 0.064
2 0.216 0.325 0.035 0.05
2 0.2503333333333333 0.435 0.035 0.05
2 0.37966666666666665 0.435 0.035 0.05
2 0.52 0.537 0.035 0.05
2 0.52 0.646 0.035 0.05
2 0.63 0.5966666666666667 0.035 0.05
2 0.63 0.7133333333333333 0.035 0.05
2 0.705 0.5465 0.035 0.05
2 0.705 0.66 0.035 0.05
2 0.705 0.7735 0.035 0.05
3 0.437 0.38075000000000003 0.636 0.3695
3 1.073 0.38075000000000003 0.636 0.3695
3 0.437 0.7502500000000001 0.636 0.36950000000000005
3 1.073 0.7502500000000001 0.636 0.36950000000000005