0 0.671 0.207 0.07799999999999996 0
0 1.638 0.207 0.45799999999999996 0
0 1.851 0.28 0 0.066
0 0.217 0.287 0.04999999999999999 0
0 1.4095 0.3135 0 0.29300000000000004
0 1.771125 0.3235 0 0.07300000000000001
0 0.22749999999999998 0.367 0.047000000000000014 0
0 0.477 0.367 0.04199999999999998 0
0 0.80775 0.38849999999999996 0 0.044999999999999984
0 0.9265 0.367 0.052999999999999936 0
0 1.736 0.367 0.04800000000000004 0
0 1.7195 0.407 0.27700000000000014 0
0 0.1675 0.46099999999999997 0 0.05399999999999999
0 1.72775 0.47 0 0.068
0 0.167 0.487 0.07 0
0 0.290625 0.5605 0 0.14700000000000002
0 0.4205 0.487 0.11699999999999999 0
0 0.56875 0.5309999999999999 0 0.09999999999999998
0 0.6835 0.5265 0 0.07899999999999996
0 0.8674999999999999 0.487 0.17499999999999993 0
0 1.4091875 0.717 0 0.45999999999999996
0 0.20825 0.5289999999999999 0 0.09199999999999997
0 0.3275 0.527 0.10499999999999998 0
0 0.48975 0.524 0 0.08199999999999996
0 0.5355 0.5469999999999999 0 0.039999999999999925
0 0.645 0.527 0.15400000000000003 0
0 0.7755 0.5475 0 0.040999999999999925
0 0.843 0.5525 0 0.050999999999999934
0 1.5699999999999998 0.527 0.05400000000000005 0
0 0.2285 0.567 0.09900000000000003 0
0 1.533 0.5825 0 0.07099999999999995
0 1.6215 0.567 0.052999999999999936 0
0 1.68875 0.5805 0 0.04899999999999993
0 0.259 0.607 0.040000000000000036 0
0 0.44875 0.6015 0 0.10499999999999998
0 0.7264999999999999 0.607 0.05900000000000005 0
0 0.930625 0.5935 0 0.09899999999999998
0 1.6025 0.607 0.21300000000000008 0
0 1.8439999999999999 0.607 0.04600000000000004 0
0 0.3265 0.6755 0 0.09699999999999998
0 0.72846875 0.6975 0 0.19300000000000006
0 0.769125 0.6815 0 0.10899999999999999
0 1.0074999999999998 0.647 0.04699999999999993 0
0 1.5685 0.647 0.05500000000000016 0
0 0.132125 0.698 0 0.07599999999999996
0 0.29000000000000004 0.687 0.10200000000000004 0
0 0.447 0.7385 0 0.10299999999999998
0 1.771125 0.7190000000000001 0 0.06399999999999995
0 1.852875 0.7115 0 0.04899999999999993
0 0.80925 0.712 0 0.04800000000000004
0 0.8485 0.743 0 0.1100000000000001
0 0.887375 0.713 0 0.050000000000000044
0 0.964 0.727 0.05799999999999994 0
0 1.010875 0.7785 0 0.10699999999999998
0 1.131125 0.7484999999999999 0 0.04300000000000004
0 1.567 0.727 0.052000000000000046 0
0 1.6435 0.727 0.040999999999999925 0
0 1.8095 0.7475 0 0.09100000000000008
0 0.409625 0.7955 0 0.127
0 0.6174999999999999 0.767 0.10300000000000009 0
0 0.9550000000000001 0.767 0.06799999999999995 0
0 1.119 0.767 0.04400000000000004 0
0 1.4405000000000001 0.767 0.06299999999999994 0
0 0.24859375 0.8380000000000001 0 0.14
0 0.447 0.877 0 0.1399999999999999
0 0.942 0.807 0.128 0
0 1.2355 0.807 0.040999999999999925 0
0 1.33075 0.8275 0 0.040999999999999925
0 0.22249999999999998 0.847 0.12899999999999998 0
0 0.36650000000000005 0.847 0.046999999999999986 0
0 0.808 0.8939999999999999 0 0.10599999999999998
0 0.9155 0.847 0.07499999999999996 0
0 1.01275 0.886 0 0.07800000000000007
0 1.087625 0.891 0 0.11199999999999999
0 1.1440000000000001 0.847 0.062000000000000055 0
0 1.4335 0.847 0.04899999999999993 0
0 1.72775 0.865 0 0.07800000000000007
0 0.1535 0.887 0.04899999999999999 0
0 0.568 0.917 0 0.05999999999999994
0 0.81 0.887 0.13 0
0 0.89475 0.9145 0 0.06499999999999995
0 1.052125 0.9075 0 0.07899999999999996
0 1.155 0.887 0.06800000000000006 0
0 1.6600000000000001 0.887 0.5660000000000001 0
0 0.16899999999999998 0.927 0.05600000000000002 0
0 0.9005 0.927 1.119 0
0 1.77325 0.9025000000000001 0 0.049000000000000044
0 1.857 0.906 0 0.04200000000000004
0 0.129 0.8009999999999999 0 0.06599999999999995
0 0.169 0.6639999999999999 0 0.11199999999999999
0 0.169 0.9135 0 0.06699999999999995
0 0.209 0.677 0 0.08199999999999996
0 0.249 0.634 0 0.16999999999999993
0 0.289 0.2405 0 0.04100000000000001
0 0.289 0.7010000000000001 0 0.06999999999999995
0 0.329 0.536 0 0.04400000000000004
0 0.369 0.3765 0 0.41899999999999993
0 0.369 0.8069999999999999 0 0.2799999999999999
0 0.409 0.9239999999999999 0 0.04599999999999993
0 0.489 0.9205 0 0.052999999999999936
0 0.529 0.923 0 0.04799999999999993
0 0.569 0.249 0 0.058000000000000024
0 0.569 0.727 0 0.07800000000000007
0 0.609 0.544 0 0.05999999999999994
0 0.609 0.7215 0 0.06700000000000006
0 0.609 0.921 0 0.051999999999999935
0 0.649 0.51 0 0.13199999999999995
0 0.649 0.923 0 0.04799999999999993
0 0.689 0.9245 0 0.04499999999999993
0 0.729 0.5345 0 0.06499999999999995
0 0.769 0.894 0 0.06000000000000005
0 0.849 0.9185 0 0.05699999999999994
0 0.929 0.338 0 0.126
0 0.929 0.496 0 0.04800000000000004
0 0.929 0.761 0 0.15599999999999992
0 0.929 0.9195 0 0.05499999999999994
0 0.969 0.766 0 0.14600000000000002
0 0.969 0.8955 0 0.05300000000000005
0 1.009 0.622 0 0.05600000000000005
0 1.129 0.8674999999999999 0 0.1050000000000001
0 1.169 0.865 0 0.10000000000000009
0 1.209 0.9075 0 0.07899999999999996
0 1.329 0.921 0 0.051999999999999935
0 1.369 0.9185 0 0.05699999999999994
0 1.449 0.222 0 0.08600000000000002
0 1.449 0.895 0 0.10399999999999998
0 1.529 0.1965 0 0.059
0 1.609 0.579 0 0.04999999999999993
0 1.649 0.5835 0 0.07699999999999996
0 1.649 0.708 0 0.09599999999999997
0 1.689 0.7144999999999999 0 0.04300000000000004
0 1.689 0.8835 0 0.049000000000000044
0 1.729 0.354 0 0.10799999999999998
0 1.729 0.748 0 0.1060000000000001
1 1.40934375 0.4735 0.02700180838851354 0.05
1 0.187875 0.4855 0.0410556025409444 0.05
1 1.728375 0.402 0.028027887897592283 0.05
1 0.3085625 0.6305 0.03655154750485949 0.05
1 0.377 0.507 0.043863424398922615 0.05
1 0.2795 0.547 0.04011234224026316 0.05
1 0.46925 0.557 0.04401136216933078 0.05
1 1.596 0.547 0.04004996878900158 0.05
1 0.447875 0.6705 0.0330463689382056 0.05
1 0.9298125 0.663 0.04003299420478063 0.05
1 0.728734375 0.648 0.034004150137336174 0.05
1 0.1305625 0.752 0.032152225817196546 0.05
1 1.608 0.727 0.03 0.05
1 0.4093125 0.88 0.042004650040203886 0.05
1 0.208 0.867 0.044721359549995794 0.05
1 0.849 0.867 0.04011234224026316 0.05
1 0.990875 0.809 0.0444754145568088 0.05
1 1.728375 0.7995 0.025031230493125983 0.05
1 1.649 0.641 0.038 0.05
3 0.5825 0.36200000000000004 0.907 0.39
3 1.4895 0.36200000000000004 0.907 0.39
3 0.5825 0.752 0.907 0.3899999999999999
3 1.4895 0.752 0.907 0.3899999999999999