0 0.15828125 0.1835 0 0.16300000000000003
0 0.17099999999999999 0.142 0.07399999999999998 0
0 0.29900000000000004 0.142 0.05399999999999999 0
0 0.1595 0.182 0.133 0
0 0.2396875 0.20500000000000002 0 0.12400000000000003
0 0.5245 0.182 0.11699999999999994 0
0 0.27890625 0.2555 0 0.10899999999999999
0 0.318 0.18 0 0.08399999999999999
0 0.2135 0.262 0.15499999999999997 0
0 0.48025 0.3285 0 0.10699999999999998
0 0.5115000000000001 0.342 0.06700000000000006 0
0 0.3595 0.382 0.44699999999999995 0
0 0.51775 0.47850000000000004 0 0.13500000000000006
0 0.501 0.542 0.05400000000000005 0
0 0.198 0.1835 0 0.16300000000000003
0 0.238 0.35350000000000004 0 0.08900000000000002
0 0.278 0.13999999999999999 0 0.076
0 0.478 0.15 0 0.09600000000000002
0 0.518 0.361 0 0.045999999999999985
0 0.558 0.2465 0 0.061000000000000026
0 0.558 0.4135 0 0.07500000000000001
1 0.23884375 0.288 0.042033886999063026 0.05
1 0.298453125 0.224 0.04437703560471903 0.05
1 0.517875 0.442 0.027001157382601212 0.05
1 0.538 0.38 0.040792156108742275 0.05
3 0.21550000000000002 0.213 0.24500000000000002 0.22200000000000003
3 0.4605 0.213 0.24499999999999994 0.22200000000000003
3 0.21550000000000002 0.43500000000000005 0.24500000000000002 0.22200000000000003
3 0.4605 0.43500000000000005 0.24499999999999994 0.22200000000000003