0 1.4525000000000001 0.545 0.44699999999999984 0
0 1.337 0.565 0.21799999999999997 0
0 0.641 0.74 0.14400000000000002 0
0 1.4185 0.945 0.15700000000000003 0
0 1.437 0.985 0.1499999999999999 0
0 0.49749999999999994 0.98 0.14499999999999996 0
0 0.712 1.28 0.256 0
0 0.9179999999999999 1.405 0.22999999999999987 0
0 1.464 1.545 0.10199999999999987 0
0 1.7655 1.61 0.16100000000000003 0
0 1.4255 1.75 0.21700000000000008 0
0 1.8035 1.965 0.2769999999999999 0
0 0.195 0.7164999999999999 0 0.275
0 0.485 1.8595 0 0.16100000000000003
0 0.515 1.857 0 0.15799999999999992
0 0.575 0.6725 0 0.10299999999999998
0 0.65 0.9184999999999999 0 0.18899999999999995
0 0.81 1.1665 0 0.11699999999999999
0 0.82 0.933 0 0.126
0 0.865 1.9745 0 0.10699999999999998
0 0.975 0.744 0 0.17999999999999994
0 1.115 1.8195000000000001 0 0.22099999999999986
0 1.12 1.3365 0 0.2610000000000001
0 1.23 0.5565 0 0.26299999999999996
0 1.44 1.28 0 0.1259999999999999
0 1.48 1.149 0 0.1379999999999999
0 1.745 0.4585 0 0.16100000000000003
0 1.905 1.512 0 0.10599999999999987
0 0.2455 0.525 0.07299999999999998 0
0 1.292 0.525 0.10199999999999987 0
0 1.722 0.525 0.08400000000000007 0
0 1.036 0.541 0.05400000000000005 0
0 1.5514999999999999 0.541 0.0930000000000002 0
0 1.7335 0.541 0.052999999999999936 0
0 1.2865 0.549 0.06300000000000017 0
0 1.8115 0.549 0.09499999999999997 0
0 1.4485000000000001 0.557 0.10699999999999998 0
0 0.5235000000000001 0.565 0.05300000000000005 0
0 0.8665 0.613 0.05700000000000005 0
0 0.598 0.637 0.05400000000000005 0
0 0.8825000000000001 0.765 0.09700000000000009 0
0 1.3835 0.901 0.06499999999999995 0
0 1.3995000000000002 0.957 0.07499999999999996 0
0 0.32899999999999996 0.973 0.064 0
0 1.355 0.981 0.17600000000000016 0
0 0.297 0.997 0.13599999999999998 0
0 2.0305 1.005 0.057000000000000384 0
0 0.99 1.053 0.06599999999999995 0
0 1.4 1.077 0.08399999999999985 0
0 0.6385 1.093 0.10099999999999998 0
0 0.7685 1.093 0.10899999999999999 0
0 1.3835 1.093 0.052999999999999936 0
0 0.37 1.101 0.14400000000000002 0
0 0.38 1.109 0.124 0
0 0.6275 1.109 0.08100000000000007 0
0 0.2165 1.141 0.05299999999999999 0
0 1.9405000000000001 1.141 0.07899999999999996 0
0 0.9485 1.173 0.06699999999999995 0
0 1.0085 1.173 0.051000000000000045 0
0 1.323 1.189 0.09600000000000009 0
0 0.28600000000000003 1.197 0.10000000000000003 0
0 0.3885 1.197 0.10299999999999998 0
0 1.189 1.197 0.1319999999999999 0
0 1.4144999999999999 1.197 0.050999999999999934 0
0 1.9369999999999998 1.197 0.08600000000000008 0
0 0.556 1.205 0.09199999999999997 0
0 1.1735 1.205 0.06099999999999994 0
0 0.144 1.213 0.05599999999999998 0
0 0.5125 1.221 0.15499999999999997 0
0 1.849 1.269 0.07200000000000006 0
0 1.4815 1.285 0.08699999999999997 0
0 1.4805000000000001 1.349 0.08699999999999997 0
0 1.8739999999999999 1.381 0.3679999999999999 0
0 1.8165 1.397 0.20900000000000007 0
0 1.9689999999999999 1.397 0.08199999999999985 0
0 0.841 1.413 0.07199999999999995 0
0 0.9135 1.413 0.07099999999999995 0
0 0.988 1.413 0.07600000000000007 0
0 1.4905 1.557 0.06099999999999994 0
0 0.857 1.565 0.052000000000000046 0
0 0.9724999999999999 1.565 0.10899999999999987 0
0 1.2155 1.565 0.20299999999999985 0
0 0.5815 1.573 0.16300000000000003 0
0 1.4095 1.573 0.10699999999999998 0
0 1.7435 1.573 0.08899999999999997 0
0 1.8225 1.573 0.051000000000000156 0
0 0.839 1.605 0.28400000000000003 0
0 1.7930000000000001 1.605 0.1319999999999999 0
0 1.7085 1.709 0.050999999999999934 0
0 0.5735 1.789 0.17500000000000004 0
0 1.4885000000000002 1.797 0.08699999999999997 0
0 1.5775000000000001 1.797 0.08299999999999996 0
0 0.5945 1.821 0.19299999999999995 0
0 1.2305000000000001 1.973 0.2350000000000001 0
0 1.4165 1.973 0.05700000000000016 0
0 0.35550000000000004 1.997 0.05099999999999999 0
0 0.197 1.158 0 0.06000000000000005
0 0.205 0.7175 0 0.131
0 0.213 0.7585 0 0.05300000000000005
0 0.221 0.8155 0 0.07299999999999995
0 0.437 1.0495 0 0.123
0 0.453 1.8359999999999999 0 0.09000000000000008
0 0.493 1.8955 0 0.14100000000000001
0 0.525 1.909 0 0.17200000000000015
0 0.581 0.8029999999999999 0 0.10599999999999998
0 0.597 1.1724999999999999 0 0.06699999999999995
0 0.805 1.5915 0 0.050999999999999934
0 0.813 1.097 0 0.18000000000000016
0 0.829 1.151 0 0.07200000000000006
0 0.837 0.6619999999999999 0 0.05999999999999994
0 0.845 1.5905 0 0.052999999999999936
0 0.877 0.5575 0 0.07299999999999995
0 0.885 0.5469999999999999 0 0.051999999999999935
0 0.965 1.5905 0 0.052999999999999936
0 0.997 1.4535 0 0.09699999999999998
0 1.005 1.5905 0 0.052999999999999936
0 1.021 0.5469999999999999 0 0.051999999999999935
0 1.021 1.1484999999999999 0 0.06299999999999994
0 1.029 0.778 0 0.09599999999999997
0 1.037 1.0945 0 0.05699999999999994
0 1.045 1.3900000000000001 0 0.062000000000000055
0 1.117 1.8755000000000002 0 0.05499999999999994
0 1.125 1.5915 0 0.125
0 1.181 1.593 0 0.08199999999999985
0 1.237 0.7155 0 0.051000000000000045
0 1.237 0.8654999999999999 0 0.05300000000000005
0 1.237 1.19 0 0.06600000000000006
0 1.245 1.5925 0 0.08099999999999996
0 1.349 0.9345 0 0.08099999999999996
0 1.373 0.9295 0 0.07499999999999996
0 1.397 0.9475 0 0.050999999999999934
0 1.421 0.9395 0 0.05699999999999994
0 1.445 1.7 0 0.06800000000000006
0 1.453 1.6065 0 0.10699999999999998
0 1.493 1.876 0 0.06600000000000006
0 1.501 1.3130000000000002 0 0.21999999999999997
0 1.701 1.2445 0 0.07899999999999996
0 1.701 1.346 0 0.05800000000000005
0 1.709 1.4169999999999998 0 0.08200000000000007
0 1.725 1.6869999999999998 0 0.16399999999999992
0 1.725 1.7974999999999999 0 0.05300000000000016
0 1.741 0.49550000000000005 0 0.09700000000000003
0 1.781 1.4175 0 0.08099999999999996
0 1.789 1.1724999999999999 0 0.05700000000000016
0 1.821 1.2465 0 0.06099999999999994
0 1.845 1.2335 0 0.06099999999999994
0 1.845 1.4180000000000001 0 0.08200000000000007
0 1.869 1.1629999999999998 0 0.05400000000000005
0 1.901 1.419 0 0.08200000000000007
0 1.925 1.4205 0 0.08500000000000019
0 1.997 1.0299999999999998 0 0.05400000000000005
0 2.029 1.4285 0 0.1010000000000002
1 1.6915 0.543 0.03125699921617557 0.05
1 0.578 0.737 0.026683328128252668 0.05
1 1.46 1.2115 0.04001249804748511 0.05
1 0.9005 1.565 0.035 0.05
1 1.3365 1.569 0.03981205847478876 0.05
1 1.368 1.973 0.04 0.05
1 1.701 1.3005 0.033 0.05
1 1.805 1.2085 0.03534119409414458 0.05
1 1.857 1.2 0.027294688127912362 0.05
2 1.378 0.545 0.035 0.05
2 1.527 0.545 0.035 0.05
2 1.4185 0.945 0.035 0.05
2 0.712 1.28 0.035 0.05
2 0.918 1.405 0.035 0.05
2 1.7655 1.61 0.035 0.05
2 1.8035 1.965 0.035 0.05
2 0.485 1.8595 0.035 0.05
3 0.60175 0.7905 0.9714999999999999 0.8250000000000001
3 1.57325 0.7905 0.9715000000000003 0.8250000000000001
3 0.60175 1.6155 0.9714999999999999 0.825
3 1.57325 1.6155 0.9715000000000003 0.825