0 1.335 0.8475 0 0.675
0 1.9795 0.5325 0 0.04500000000000004
0 1.0805 0.55 0.121 0
0 1.5819999999999999 0.55 0.09000000000000008 0
0 0.295375 0.8945 0 0.7689999999999999
0 2.417 0.633 0 0.08600000000000008
0 1.113 0.63 0.43599999999999994 0
0 2.416 0.63 0.05799999999999983 0
0 2.6605 0.63 0.0950000000000002 0
0 0.2975 0.67 0.07500000000000001 0
0 1.893 0.669 0 0.05399999999999994
0 1.937375 0.669 0 0.05399999999999994
0 1.97425 0.6659999999999999 0 0.04799999999999993
0 0.35750000000000004 0.71 0.05499999999999999 0
0 1.096 0.71 0.05400000000000005 0
0 1.7375 0.714 0 0.05399999999999994
0 1.8145 0.6915 0 0.10699999999999998
0 0.277 0.75 0.11600000000000002 0
0 0.572125 0.777 0 0.05400000000000005
0 0.9865 0.75 0.18300000000000005 0
0 1.307 0.75 0.06800000000000006 0
0 1.69975 0.631 0 0.242
0 2.22 0.75 0.04800000000000004 0
0 0.379625 0.768 0 0.05800000000000005
0 0.774 0.8025 0 0.09299999999999997
0 0.856 0.79 0.06800000000000006 0
0 0.97925 0.7785 0 0.05700000000000005
0 1.296875 0.8285 0 0.07699999999999996
0 2.417 0.785 0 0.04400000000000004
0 2.7824999999999998 0.79 0.22899999999999965 0
0 2.933625 0.7835000000000001 0 0.041000000000000036
0 2.9775 0.784 0 0.04200000000000004
0 3.128 0.79 0.05799999999999983 0
0 0.938375 0.881 0 0.10200000000000009
0 0.97625 0.8865 0 0.11299999999999999
0 1.044 0.83 0.062000000000000055 0
0 1.3195000000000001 0.83 0.0930000000000002 0
0 2.0695 0.83 0.051000000000000156 0
0 2.7060000000000004 0.83 0.07600000000000007 0
0 2.814 1.02 0 0.45000000000000007
0 1.33 0.87 0.05800000000000005 0
0 1.69625 0.9535 0 0.16699999999999993
0 2.0541875 0.8705 0 0.07500000000000007
0 2.701 0.87 0.05799999999999983 0
0 2.7960000000000003 0.87 0.053999999999999826 0
0 0.652875 0.9325 0 0.06699999999999995
0 1.0925 0.91 0.05500000000000016 0
0 2.0695 0.91 0.051000000000000156 0
0 2.73590625 0.9750000000000001 0 0.13
0 1.0145 0.981 0 0.16399999999999992
0 2.416 0.964 0 0.06799999999999995
0 1.3715000000000002 0.99 0.07899999999999996 0
0 2.7439999999999998 0.99 0.14399999999999968 0
0 1.061 1.03 0.124 0
0 1.689 1.03 0.04800000000000004 0
0 2.0695 1.03 0.051000000000000156 0
0 2.7110000000000003 1.03 0.07799999999999985 0
0 0.652875 1.0715 0 0.08100000000000018
0 1.365 1.07 0.06599999999999984 0
0 1.6735 1.07 0.07100000000000017 0
0 2.1365 1.07 0.06099999999999994 0
0 2.393 1.07 0.03999999999999959 0
0 1.371 1.0895000000000001 0 0.04100000000000015
0 1.69875 1.115 0 0.07799999999999985
0 2.09425 1.0165 0 0.31099999999999994
0 2.2145625 1.124 0 0.09599999999999986
0 2.3019999999999996 1.11 0.04400000000000004 0
0 2.376875 1.1219999999999999 0 0.1060000000000001
0 2.419 1.086 0 0.04800000000000004
0 0.726 1.15 0.16800000000000004 0
0 0.9975 1.15 0.16900000000000004 0
0 2.258875 1.2105000000000001 0 0.15900000000000003
0 2.7355 1.15 0.2030000000000003 0
0 3.027 1.15 0.17600000000000016 0
0 0.814875 1.2675 0 0.15500000000000003
0 1.013875 1.226 0 0.08599999999999985
0 2.4560000000000004 1.19 0.06800000000000006 0
0 2.782 1.19 0.06799999999999962 0
0 2.849 1.2294999999999998 0 0.07899999999999996
0 3.1 1.166 0 0.04800000000000004
0 0.576875 1.2565 0 0.052999999999999936
0 0.9570000000000001 1.23 0.039999999999999925 0
0 1.461 1.2515 0 0.04299999999999993
0 1.4985 1.2515 0 0.04299999999999993
0 1.53375 1.258 0 0.05600000000000005
0 1.61475 1.2205 0 0.131
0 2.17425 1.204 0 0.1379999999999999
0 2.2925 1.255 0 0.050000000000000044
0 2.49025 1.2365 0 0.09899999999999998
0 0.9645 1.27 0.131 0
0 2.2874999999999996 1.27 0.07100000000000017 0
0 2.466 1.27 0.15799999999999992 0
0 2.7615 1.27 0.06899999999999995 0
0 2.942 1.27 0.06800000000000006 0
0 3.13875 1.2775 0 0.08499999999999996
0 0.7244999999999999 1.35 0.22099999999999997 0
0 1.03 1.35 0.07600000000000007 0
0 2.93434375 1.3995000000000002 0 0.09899999999999998
0 3.1355 1.3995000000000002 0 0.09899999999999998
0 0.61525 1.3595 0 0.17300000000000004
0 3.0010000000000003 1.39 0.15799999999999992 0
0 0.265 1.55 0.086 0
0 0.858375 1.573 0 0.05800000000000005
0 0.9904999999999999 1.55 0.09299999999999997 0
0 1.1015000000000001 1.55 0.050999999999999934 0
0 2.5845000000000002 1.55 0.09699999999999998 0
0 2.65725 1.5695000000000001 0 0.050999999999999934
0 2.852875 1.574 0 0.04800000000000004
0 2.896125 1.604 0 0.10799999999999987
0 3.097 1.576 0 0.052000000000000046
0 0.7945 1.59 1.145 0
0 2.37525 1.5765 0 0.051000000000000156
0 2.707 1.59 0.06400000000000006 0
0 3.137 1.5765 0 0.051000000000000156
0 3.174 1.5765 0 0.051000000000000156
0 1.415875 1.6764999999999999 0 0.0930000000000002
0 1.9169999999999998 1.63 0.06600000000000006 0
0 2.33675 1.6255 0 0.06499999999999995
0 0.9085000000000001 1.67 0.20699999999999996 0
0 1.3980000000000001 1.67 0.04799999999999982 0
0 1.8949609375 1.749 0 0.2979999999999998
0 2.3195 1.67 0.04499999999999993 0
0 0.8485 1.71 0.08699999999999997 0
0 0.97275 1.736 0 0.052000000000000046
0 2.727 1.71 0.04800000000000004 0
0 0.9904999999999999 1.75 0.051000000000000045 0
0 2.7235 1.75 0.04100000000000037 0
0 2.7285 1.79 0.051000000000000156 0
0 0.3185 1.83 0.131 0
0 0.974375 1.87 0 0.062000000000000055
0 1.4154375 1.948 0 0.1559999999999997
0 2.321 1.95 0.04800000000000004 0
0 2.337125 1.9899999999999998 0 0.07999999999999985
0 0.2405 2.03 0.05100000000000002 0
0 0.813625 2.012 0 0.05400000000000005
0 1.3980000000000001 2.03 0.04799999999999982 0
0 0.817125 2.1205 0 0.10099999999999998
0 1.37525 2.1145 0 1.071
0 0.217125 2.1390000000000002 0 0.058000000000000274
0 0.2855 2.11 0.065 0
0 0.453 2.1145 0 0.08499999999999996
0 0.495625 2.113 0 0.08199999999999985
0 0.61175 2.1334999999999997 0 0.04700000000000015
0 0.6585 2.1855 0 0.15100000000000025
0 1.1355 2.1185 0 0.09299999999999997
0 1.17975 2.144 0 0.06800000000000006
0 1.41675 2.1505 0 0.08099999999999996
0 2.5355 2.1195 0 0.08300000000000018
0 2.777 2.144 0 0.06800000000000006
0 3.13475 2.121 0 0.0860000000000003
0 0.246 2.15 0.06200000000000003 0
0 0.35550000000000004 2.15 0.08700000000000002 0
0 0.5345 2.1765 0 0.06499999999999995
0 0.8415 2.15 0.07899999999999996 0
0 1.1360000000000001 2.15 0.06600000000000006 0
0 1.2355 2.15 0.06899999999999995 0
0 2.3245 2.15 0.054999999999999716 0
0 2.533 2.15 0.1379999999999999 0
0 2.8754999999999997 2.15 0.08099999999999996 0
0 3.0285 2.15 0.05500000000000016 0
0 1.016625 2.1545 0 0.125
0 1.1225 2.19 0.04499999999999993 0
0 1.212125 2.208 0 0.058000000000000274
0 1.3980000000000001 2.19 0.04799999999999982 0
0 2.337125 2.2190000000000003 0 0.058000000000000274
0 2.499625 2.167 0 0.04599999999999982
0 2.6 2.19 0.10599999999999987 0
0 2.69675 2.196 0 0.04800000000000004
0 3.059125 2.194 0 0.04400000000000004
0 0.5665 2.23 0.050999999999999934 0
0 0.73675 2.232 0 0.04400000000000004
0 1.3995000000000002 2.23 0.050999999999999934 0
0 2.475 2.23 0.06400000000000006 0
0 2.98 2.2525 0 0.04499999999999993
0 1.41675 2.2615 0 0.07499999999999973
0 2.9815 2.27 0.07899999999999974 0
0 1.0545 2.406 0 0.16999999999999993
0 2.65505078125 2.453 0 0.25
0 0.337875 2.385 0 0.058000000000000274
0 1.0545 2.39 0.13900000000000012 0
0 1.5645 2.39 0.3809999999999998 0
0 0.996 2.47 0.04800000000000004 0
0 1.3995000000000002 2.47 0.050999999999999934 0
0 1.8135 2.503 0 0.06599999999999984
0 2.337125 2.508 0 0.07599999999999962
0 0.93575 2.5084999999999997 0 0.05500000000000016
0 0.9915 2.51 0.061000000000000054 0
0 1.0915 2.51 0.04500000000000015 0
0 1.41675 2.502 0 0.07600000000000007
0 2.3195 2.51 0.051000000000000156 0
0 2.6885 2.51 0.08300000000000018 0
0 2.816 2.5549999999999997 0 0.1339999999999999
0 0.9570000000000001 2.55 0.10999999999999999 0
0 1.415875 2.5999999999999996 0 0.10000000000000009
0 2.659 2.55 0.12799999999999967 0
0 0.8975 2.622 0 0.06400000000000006
0 0.93575 2.6235 0 0.06700000000000017
0 0.97225 2.622 0 0.06400000000000006
0 2.73375 2.6235 0 0.06700000000000017
0 2.77775 2.627 0 0.07400000000000029
0 0.374 2.633 0 0.05400000000000027
0 0.5595 2.63 0.050999999999999934 0
0 0.6155 2.6315 0 0.051000000000000156
0 0.956 2.63 0.051999999999999935 0
0 1.296875 2.628 0 0.04400000000000004
0 1.73553125 2.713 0 0.16599999999999993
0 2.41925 2.6385 0 0.051000000000000156
0 2.45575 2.6405000000000003 0 0.05500000000000016
0 2.621 2.63 0.18400000000000016 0
0 2.9455 2.63 0.17300000000000004 0
0 3.1915 2.63 0.07500000000000018 0
0 2.61275 2.6414999999999997 0 0.05699999999999994
0 1.334125 2.7409999999999997 0 0.07600000000000007
0 1.3755 2.7584999999999997 0 0.11100000000000021
0 1.033 2.75 0.14400000000000002 0
0 1.2095 2.75 0.14900000000000002 0
0 2.01425 2.8555 0 0.07499999999999973
0 2.1005000000000003 2.87 0.06499999999999995 0
0 0.215 1.2574999999999998 0 0.050999999999999934
0 0.255 1.2574999999999998 0 0.050999999999999934
0 0.255 1.8715 0 0.565
0 0.255 2.6315 0 0.051000000000000156
0 0.295 1.568 0 0.062000000000000055
0 0.295 2.6319999999999997 0 0.052000000000000046
0 0.335 0.688 0 0.04399999999999993
0 0.335 2.586 0 0.06400000000000006
0 0.375 1.2574999999999998 0 0.050999999999999934
0 0.375 1.5695000000000001 0 0.050999999999999934
0 0.375 2.1215 0 0.07299999999999995
0 0.415 1.2574999999999998 0 0.050999999999999934
0 0.415 1.5645 0 0.040999999999999925
0 0.415 2.6315 0 0.051000000000000156
0 0.455 1.2574999999999998 0 0.050999999999999934
0 0.455 1.5645 0 0.040999999999999925
0 0.495 1.2574999999999998 0 0.050999999999999934
0 0.495 1.5645 0 0.040999999999999925
0 0.535 1.5695000000000001 0 0.050999999999999934
0 0.535 2.6265 0 0.040999999999999925
0 0.575 2.6295 0 0.05500000000000016
0 0.615 1.5695000000000001 0 0.050999999999999934
0 0.655 0.8160000000000001 0 0.11199999999999999
0 0.655 1.204 0 0.12400000000000011
0 0.655 1.3824999999999998 0 0.127
0 0.655 1.5675 0 0.04699999999999993
0 0.695 1.351 0 0.18999999999999995
0 0.695 1.5645 0 0.040999999999999925
0 0.735 0.782 0 0.04400000000000004
0 0.735 1.2835 0 0.04699999999999993
0 0.735 1.3980000000000001 0 0.09599999999999986
0 0.735 1.5645 0 0.040999999999999925
0 0.735 2.1544999999999996 0 0.040999999999999925
0 0.775 1.214 0 0.1379999999999999
0 0.775 1.3980000000000001 0 0.09599999999999986
0 0.775 1.5645 0 0.040999999999999925
0 0.775 2.168 0 0.06800000000000006
0 0.815 0.782 0 0.04400000000000004
0 0.815 1.4135 0 0.06499999999999995
0 0.815 1.726 0 0.3700000000000001
0 0.815 2.6315 0 0.051000000000000156
0 0.855 1.237 0 0.05800000000000005
0 0.895 0.6535 0 0.28700000000000003
0 0.895 1.2454999999999998 0 0.07499999999999996
0 0.895 1.566 0 0.04400000000000004
0 0.935 1.1375 0 0.040999999999999925
0 0.935 1.566 0 0.04400000000000004
0 0.975 1.0215 0 0.07300000000000006
0 0.975 1.2414999999999998 0 0.04699999999999993
0 0.975 1.5695000000000001 0 0.050999999999999934
0 0.975 2.73 0 0.040000000000000036
0 1.015 0.8049999999999999 0 0.10999999999999999
0 1.015 1.379 0 0.05799999999999983
0 1.015 1.6280000000000001 0 0.08399999999999985
0 1.015 1.888 0 0.3619999999999999
0 1.015 2.4145000000000003 0 0.18699999999999983
0 1.015 2.6245 0 0.04499999999999993
0 1.055 0.772 0 0.04400000000000004
0 1.055 0.8654999999999999 0 0.051000000000000045
0 1.055 0.9815 0 0.11099999999999988
0 1.055 1.242 0 0.04800000000000004
0 1.055 1.3820000000000001 0 0.05800000000000005
0 1.055 2.1645 0 0.06099999999999994
0 1.095 0.7 0 0.05399999999999994
0 1.095 1.259 0 0.04799999999999982
0 1.095 1.5695000000000001 0 0.050999999999999934
0 1.095 2.2115 0 0.15500000000000025
0 1.095 2.4005 0 0.1589999999999998
0 1.135 1.259 0 0.04799999999999982
0 1.135 1.5645 0 0.040999999999999925
0 1.135 2.633 0 0.05400000000000027
0 1.175 1.259 0 0.04799999999999982
0 1.175 1.5645 0 0.040999999999999925
0 1.175 2.6315 0 0.051000000000000156
0 1.215 1.259 0 0.04799999999999982
0 1.215 1.5645 0 0.040999999999999925
0 1.215 2.6315 0 0.051000000000000156
0 1.255 1.259 0 0.04799999999999982
0 1.255 1.5695000000000001 0 0.050999999999999934
0 1.255 2.158 0 0.04800000000000004
0 1.295 0.7144999999999999 0 0.04700000000000004
0 1.295 1.568 0 0.04800000000000004
0 1.415 2.7495 0 0.09299999999999997
0 1.455 1.1005 0 0.05699999999999994
0 1.455 2.7495 0 0.09299999999999997
0 1.495 2.7495 0 0.09299999999999997
0 1.535 1.113 0 0.08199999999999985
0 1.535 2.675 0 0.04800000000000004
0 1.535 2.755 0 0.04800000000000004
0 1.575 2.7495 0 0.09299999999999997
0 1.615 1.084 0 0.07200000000000006
0 1.615 2.7495 0 0.09299999999999997
0 1.655 2.7495 0 0.09299999999999997
0 1.935 1.6385 0 0.04299999999999993
0 2.055 1.084 0 0.11999999999999988
0 2.095 0.7909999999999999 0 0.08999999999999997
0 2.215 1.268 0 0.04400000000000004
0 2.295 1.105 0 0.05799999999999983
0 2.295 2.5595 0 0.17700000000000005
0 2.335 1.2695 0 0.040999999999999925
0 2.375 2.1559999999999997 0 0.04400000000000004
0 2.375 2.6385 0 0.051000000000000156
0 2.415 2.137 0 0.04800000000000004
0 2.455 2.226 0 0.0519999999999996
0 2.495 1.5715 0 0.04100000000000015
0 2.495 2.6385 0 0.051000000000000156
0 2.535 0.6415 0 0.041000000000000036
0 2.535 1.259 0 0.039999999999999813
0 2.535 1.5715 0 0.04100000000000015
0 2.535 2.6385 0 0.051000000000000156
0 2.575 0.874 0 0.09600000000000009
0 2.575 1.57 0 0.04400000000000004
0 2.575 2.201 0 0.11399999999999988
0 2.615 1.2625000000000002 0 0.04699999999999993
0 2.615 1.5745 0 0.04700000000000015
0 2.615 2.1645000000000003 0 0.05500000000000016
0 2.615 2.4130000000000003 0 0.20400000000000018
0 2.655 1.2625000000000002 0 0.04699999999999993
0 2.695 0.8865000000000001 0 0.051000000000000045
0 2.695 1.0145 0 0.11299999999999999
0 2.695 1.2155 0 0.14100000000000001
0 2.695 2.416 0 0.17600000000000016
0 2.695 2.623 0 0.06199999999999983
0 2.735 1.1415000000000002 0 0.05499999999999994
0 2.735 1.25 0 0.06400000000000006
0 2.735 1.58 0 0.05800000000000005
0 2.735 2.1525 0 0.051000000000000156
0 2.735 2.444 0 0.2320000000000002
0 2.775 0.964 0 0.2280000000000001
0 2.775 1.1695 0 0.06300000000000017
0 2.775 1.5779999999999998 0 0.05400000000000005
0 2.815 1.573 0 0.04400000000000004
0 2.815 1.833 0 0.07200000000000006
0 2.855 0.6955 0 0.18300000000000005
0 2.855 1.726 0 0.10000000000000009
0 2.855 2.1525 0 0.051000000000000156
0 2.855 2.3019999999999996 0 0.052000000000000046
0 2.855 2.6385 0 0.051000000000000156
0 2.895 1.24 0 0.05799999999999983
0 2.895 1.955 0 0.2320000000000002
0 2.895 2.135 0 0.06399999999999961
0 2.895 2.6385 0 0.051000000000000156
0 2.935 1.2349999999999999 0 0.04799999999999982
0 2.935 1.5715 0 0.04100000000000015
0 2.935 2.177 0 0.07200000000000006
0 2.975 1.2109999999999999 0 0.12399999999999989
0 2.975 1.401 0 0.09600000000000009
0 2.975 1.5715 0 0.04100000000000015
0 2.975 2.6385 0 0.051000000000000156
0 3.015 0.7855000000000001 0 0.04500000000000004
0 3.015 1.2835 0 0.04100000000000015
0 3.015 1.401 0 0.09600000000000009
0 3.015 1.5715 0 0.04100000000000015
0 3.015 2.1630000000000003 0 0.04400000000000004
0 3.015 2.4495 0 0.22100000000000009
0 3.055 1.384 0 0.13000000000000012
0 3.055 1.568 0 0.04800000000000004
0 3.095 1.401 0 0.09600000000000009
0 3.095 2.6385 0 0.051000000000000156
0 3.175 0.784 0 0.04200000000000004
0 3.175 1.2605 0 0.050999999999999934
0 3.175 2.1695 0 0.05699999999999994
0 3.175 2.6385 0 0.051000000000000156
0 3.215 0.7989999999999999 0 0.07199999999999995
0 3.215 1.2534999999999998 0 0.050999999999999934
0 3.215 1.5715 0 0.04100000000000015
1 0.3325 0.69 0.04031128874149274 0.05
1 1.009 0.73 0.041 0.05
1 0.95 0.77 0.04031128874149274 0.05
1 0.975625 0.964 0.04201859707320082 0.05
1 2.8345 0.9245 0.041773197148410844 0.05
1 1.6975 1.0565 0.039080046059338264 0.05
1 2.07459375 0.827 0.040922611796536154 0.05
1 2.7495 0.87 0.039 0.05
1 0.6539375 0.863 0.027083493589269463 0.05
1 2.715453125 0.9505 0.040955113100350486 0.05
1 1.01475 0.9065 0.03900320499651279 0.05
1 2.1005 1.05 0.041484937025383084 0.05
1 0.6539375 1.127 0.030075166250579564 0.05
1 2.094625 0.959 0.02501124746988842 0.05
1 2.2769375 1.183 0.036249353442509846 0.05
1 0.7949375 1.3475 0.04018725699771011 0.05
1 0.5960625 1.278 0.039656533194418295 0.05
1 1.614875 1.167 0.035000892845754666 0.05
1 3.137125 1.335 0.030175528164391754 0.05
1 1.0565 1.55 0.039 0.05
1 2.8755625 1.667 0.044891709980797126 0.05
1 2.356 1.5975 0.03953795644693843 0.05
1 0.815375 2.0545 0.031196954979612994 0.05
1 0.315 2.13 0.04044749683231337 0.05
1 0.5150625 2.149 0.04014057330183514 0.05
1 1.1959375 2.1785 0.03239044033353051 0.05
1 1.41675 2.2075 0.033 0.05
1 2.5175625 2.1525 0.03969906327610262 0.05
1 2.3560625 2.191 0.039730537688282046 0.05
1 2.715875 2.1735 0.038717728497420924 0.05
1 0.735875 2.194 0.03504372269037638 0.05
1 2.675025390625 2.585 0.042331313217703885 0.05
1 2.8355 2.6175 0.040024992192379004 0.05
1 2.734375 2.4925 0.030026030373660785 0.05
1 0.3545 2.607 0.04080441152620633 0.05
1 1.12 2.75 0.03 0.05
1 0.275 1.8455 0.04123105625617661 0.05
1 0.735 1.3285 0.043 0.05
1 0.995 1.5905 0.041 0.05
1 1.035 0.85 0.044721359549995794 0.05
1 1.015 1.6885 0.037 0.05
1 1.095 2.305 0.032 0.05
1 1.515 2.7235 0.04019950248448356 0.05
1 2.755 1.21 0.04346262762420146 0.05
1 2.895 2.087 0.032 0.05
1 2.995 1.268 0.04123105625617661 0.05
3 0.9685 1.10575 1.507 1.1915
3 2.4755000000000003 1.10575 1.5070000000000001 1.1915
3 0.9685 2.29725 1.507 1.1914999999999998
3 2.4755000000000003 2.29725 1.5070000000000001 1.1914999999999998