0 1.988 0.49 0.05799999999999983 0
0 2.467 0.8575 0 0.7350000000000001
0 2.766 0.49 0.08000000000000007 0
0 1.9655 0.53 0.06499999999999995 0
0 1.946 0.57 0.052000000000000046 0
0 2.766 0.57 0.08000000000000007 0
0 1.9425 0.61 0.04500000000000015 0
0 2.766 0.65 0.08000000000000007 0
0 1.9425 0.69 0.04500000000000015 0
0 1.9425 0.73 0.04500000000000015 0
0 2.752 0.73 0.052000000000000046 0
0 2.752 0.77 0.052000000000000046 0
0 2.319 0.81 0.07600000000000007 0
0 2.3875 0.8055 0 0.050999999999999934
0 2.3255 0.85 0.051000000000000156 0
0 2.7235 0.85 0.16500000000000004 0
0 1.9625 0.97 0.04500000000000015 0
0 2.766 0.97 0.08000000000000007 0
0 2.7425 1.01 0.04499999999999993 0
0 2.7425 1.05 0.04499999999999993 0
0 1.9685000000000001 1.09 0.04500000000000015 0
0 2.7425 1.09 0.04499999999999993 0
0 1.9625 1.13 0.04500000000000015 0
0 2.258 1.13 0.1639999999999997 0
0 2.411 1.13 0.07800000000000029 0
0 2.7425 1.13 0.04499999999999993 0
0 1.9555 1.17 0.04499999999999993 0
0 1.9495 1.21 0.04499999999999993 0
0 2.7199999999999998 1.21 0.17200000000000015 0
0 2.5324999999999998 1.25 0.09699999999999998 0
0 1.9815 1.33 0.04499999999999993 0
0 2.67175 1.268 0 0.12400000000000011
0 2.0869999999999997 1.37 0.1759999999999997 0
0 2.7725 1.37 0.06700000000000017 0
0 2.218 1.41 0.15000000000000036 0
0 2.5564999999999998 1.45 0.4990000000000001 0
0 0.38825 2.0410000000000004 0 0.8980000000000001
0 2.1915 1.61 0.04499999999999993 0
0 2.73 1.61 0.15200000000000014 0
0 0.46425 1.6829999999999998 0 0.06600000000000006
0 0.58325 1.6925 0 0.08500000000000019
0 1.30375 1.693 0 0.08600000000000008
0 1.9545 1.6829999999999998 0 0.06600000000000006
0 2.1885 1.65 0.051000000000000156 0
0 2.753 1.65 0.10599999999999987 0
0 1.5505 1.69 2.511 0
0 0.34299999999999997 1.73 0.08400000000000002 0
0 0.5495 1.73 0.050999999999999934 0
0 1.3235000000000001 1.73 0.050999999999999934 0
0 1.658 1.73 0.07800000000000007 0
0 1.759 1.73 0.05800000000000005 0
0 2.0965 1.73 0.05099999999999971 0
0 2.1885 1.73 0.051000000000000156 0
0 2.753 1.73 0.10599999999999987 0
0 2.1885 1.77 0.051000000000000156 0
0 2.1885 1.81 0.051000000000000156 0
0 2.7125 1.81 0.11699999999999999 0
0 2.1849999999999996 1.85 0.04400000000000004 0
0 2.7725 1.85 0.06700000000000017 0
0 2.044 1.89 0.10400000000000009 0
0 2.1685 1.89 0.051000000000000156 0
0 2.3855000000000004 1.89 0.06499999999999995 0
0 2.4835000000000003 1.89 0.05099999999999971 0
0 1.2645 1.93 0.050999999999999934 0
0 2.1784999999999997 1.93 0.07100000000000017 0
0 1.2645 1.97 0.050999999999999934 0
0 2.1849999999999996 1.97 0.04400000000000004 0
0 1.2645 2.01 0.050999999999999934 0
0 2.057 2.01 0.10400000000000009 0
0 2.185 2.01 0.05799999999999983 0
0 1.2645 2.05 0.050999999999999934 0
0 2.1425 2.05 0.051000000000000156 0
0 2.1654999999999998 2.09 0.04500000000000037 0
0 2.726 2.09 0.07800000000000029 0
0 2.0865 2.13 0.2549999999999999 0
0 2.7225 2.13 0.08499999999999996 0
0 2.713 2.17 0.07799999999999985 0
0 2.627 2.21 0.13000000000000034 0
0 1.032 2.25 0.46399999999999997 0
0 0.986 2.29 0.20199999999999996 0
0 2.211 2.33 0.13600000000000012 0
0 2.7725 2.33 0.06700000000000017 0
0 2.1719999999999997 2.37 0.058000000000000274 0
0 2.516 2.37 0.07800000000000029 0
0 0.612 2.41 0.08400000000000007 0
0 1.032 2.41 0.46399999999999997 0
0 2.5225 2.41 0.10299999999999976 0
0 2.7335000000000003 2.41 0.14500000000000002 0
0 0.34650000000000003 2.45 0.09100000000000003 0
0 1.111125 2.434 0 0.07200000000000006
0 2.5495 2.379 0 0.14400000000000013
0 0.41600000000000004 2.49 0.057999999999999996 0
0 1.143 2.49 0.05799999999999983 0
0 2.491 2.49 0.6299999999999999 0
0 0.46499999999999997 2.53 0.05199999999999999 0
0 2.18275 2.317 0 0.4259999999999997
0 2.2640000000000002 2.53 0.07199999999999962 0
0 2.6535 2.53 0.07699999999999996 0
0 0.5235 2.57 0.09099999999999997 0
0 0.7204999999999999 2.57 0.051000000000000045 0
0 1.032 2.57 0.05800000000000005 0
0 1.7165 2.57 0.06500000000000017 0
0 2.18275 2.6085 0 0.07699999999999996
0 2.4795 2.57 0.359 0
0 2.7725 2.57 0.06700000000000017 0
0 0.632 2.61 0.22799999999999998 0
0 1.7955 2.61 0.851 0
0 1.4789999999999999 2.65 2.584 0
0 1.0350000000000001 2.69 0.13000000000000012 0
0 2.4635 2.69 0.18300000000000027 0
0 2.74 2.69 0.13200000000000012 0
0 1.5554999999999999 2.73 0.10900000000000021 0
0 2.5324999999999998 2.73 0.137 0
0 2.585 2.77 0.05799999999999983 0
0 0.307 1.7165 0 0.09099999999999997
0 0.307 2.3455000000000004 0 0.20900000000000007
0 0.347 1.7035 0 0.06499999999999995
0 0.347 2.0605 0 0.2410000000000001
0 0.347 2.4505 0 0.051000000000000156
0 0.427 1.972 0 0.06400000000000006
0 0.427 2.3360000000000003 0 0.058000000000000274
0 0.427 2.4995 0 0.04499999999999993
0 0.467 2.5324999999999998 0 0.04500000000000037
0 0.507 2.575 0 0.052000000000000046
0 0.547 1.7065000000000001 0 0.08500000000000019
0 0.547 2.601 0 0.07800000000000029
0 0.587 2.4405 0 0.04499999999999993
0 0.587 2.6075 0 0.06499999999999995
0 0.627 2.407 0 0.04400000000000004
0 0.627 2.614 0 0.06400000000000006
0 0.667 1.6935 0 0.04499999999999993
0 0.667 2.614 0 0.06400000000000006
0 0.707 1.6935 0 0.04499999999999993
0 0.707 2.581 0 0.1299999999999999
0 0.747 1.6935 0 0.04499999999999993
0 0.787 1.6935 0 0.04499999999999993
0 0.787 2.6435 0 0.04499999999999993
0 0.827 1.6935 0 0.04499999999999993
0 0.827 2.6505 0 0.04499999999999993
0 0.867 1.6935 0 0.04499999999999993
0 0.867 2.6505 0 0.04499999999999993
0 0.907 1.6935 0 0.04499999999999993
0 0.907 2.2635 0 0.04499999999999993
0 0.907 2.6565 0 0.04499999999999993
0 0.947 1.658 0 0.07800000000000007
0 0.947 2.2670000000000003 0 0.052000000000000046
0 0.947 2.66 0 0.052000000000000046
0 0.987 1.69 0 0.06400000000000006
0 0.987 2.27 0 0.05799999999999983
0 0.987 2.6665 0 0.051000000000000156
0 1.027 1.6575000000000002 0 0.09099999999999997
0 1.027 2.2670000000000003 0 0.052000000000000046
0 1.027 2.5415 0 0.051000000000000156
0 1.027 2.67 0 0.05799999999999983
0 1.067 1.6545 0 0.08499999999999996
0 1.067 2.27 0 0.05799999999999983
0 1.067 2.6630000000000003 0 0.058000000000000274
0 1.107 1.677 0 0.1299999999999999
0 1.107 2.2670000000000003 0 0.052000000000000046
0 1.107 2.66 0 0.052000000000000046
0 1.147 1.6545 0 0.08499999999999996
0 1.147 2.657 0 0.05799999999999983
0 1.187 1.6804999999999999 0 0.123
0 1.187 2.66 0 0.052000000000000046
0 1.227 1.69 0 0.052000000000000046
0 1.227 2.657 0 0.05799999999999983
0 1.267 1.69 0 0.052000000000000046
0 1.267 2.65 0 0.05799999999999983
0 1.307 2.6470000000000002 0 0.052000000000000046
0 1.347 1.71 0 0.09200000000000008
0 1.347 2.6239999999999997 0 0.08400000000000007
0 1.387 1.69 0 0.052000000000000046
0 1.387 2.614 0 0.06400000000000006
0 1.427 1.6935 0 0.04499999999999993
0 1.427 2.614 0 0.06400000000000006
0 1.467 1.6965 0 0.050999999999999934
0 1.467 2.614 0 0.06400000000000006
0 1.507 1.6935 0 0.04499999999999993
0 1.507 2.6105 0 0.05699999999999994
0 1.547 1.6935 0 0.04499999999999993
0 1.547 2.6105 0 0.05699999999999994
0 1.587 1.69 0 0.052000000000000046
0 1.587 2.6109999999999998 0 0.058000000000000274
0 1.627 1.697 0 0.07800000000000007
0 1.627 2.6109999999999998 0 0.058000000000000274
0 1.667 1.697 0 0.07800000000000007
0 1.667 2.614 0 0.06400000000000006
0 1.707 1.69 0 0.07800000000000007
0 1.707 2.5415 0 0.051000000000000156
0 1.707 2.6310000000000002 0 0.058000000000000274
0 1.747 1.6935 0 0.08499999999999996
0 1.747 2.581 0 0.1299999999999999
0 1.787 1.6935 0 0.08499999999999996
0 1.787 2.614 0 0.06400000000000006
0 1.827 1.6869999999999998 0 0.05800000000000005
0 1.827 2.614 0 0.06400000000000006
0 1.867 1.6869999999999998 0 0.05800000000000005
0 1.867 2.6174999999999997 0 0.07100000000000017
0 1.907 1.69 0 0.052000000000000046
0 1.907 2.6174999999999997 0 0.07100000000000017
0 1.947 0.897 0 0.8119999999999999
0 1.947 2.6174999999999997 0 0.07100000000000017
0 1.987 0.513 0 0.04600000000000004
0 1.987 1.343 0 0.052000000000000046
0 1.987 1.6965 0 0.050999999999999934
0 1.987 2.6174999999999997 0 0.07100000000000017
0 2.027 0.8185 0 0.06499999999999995
0 2.027 1.6965 0 0.050999999999999934
0 2.027 1.9295 0 0.17699999999999982
0 2.027 2.6174999999999997 0 0.07100000000000017
0 2.067 1.7035 0 0.051000000000000156
0 2.067 1.9789999999999999 0 0.07799999999999985
0 2.067 2.6174999999999997 0 0.07100000000000017
0 2.107 1.7165 0 0.07699999999999996
0 2.107 2.0934999999999997 0 0.07100000000000017
0 2.107 2.614 0 0.06400000000000006
0 2.107 2.7424999999999997 0 0.07299999999999995
0 2.147 1.392 0 0.04399999999999982
0 2.147 1.7035 0 0.051000000000000156
0 2.147 1.907 0 0.07799999999999985
0 2.147 2.067 0 0.10999999999999988
0 2.147 2.339 0 0.07800000000000029
0 2.147 2.6174999999999997 0 0.07100000000000017
0 2.187 1.7195 0 0.2549999999999999
0 2.227 1.6965 0 0.050999999999999934
0 2.227 2.6174999999999997 0 0.07100000000000017
0 2.227 2.7424999999999997 0 0.07299999999999995
0 2.267 1.6935 0 0.04499999999999993
0 2.267 2.5745 0 0.1689999999999996
0 2.307 0.783 0 0.05800000000000005
0 2.307 1.4215 0 0.051000000000000156
0 2.307 1.69 0 0.052000000000000046
0 2.307 2.588 0 0.19599999999999973
0 2.347 0.7795000000000001 0 0.06500000000000006
0 2.347 1.69 0 0.052000000000000046
0 2.347 2.595 0 0.20999999999999996
0 2.387 1.418 0 0.04400000000000004
0 2.387 1.69 0 0.052000000000000046
0 2.387 2.545 0 0.10999999999999988
0 2.387 2.6630000000000003 0 0.058000000000000274
0 2.427 1.4215 0 0.051000000000000156
0 2.427 1.6869999999999998 0 0.05800000000000005
0 2.427 2.6630000000000003 0 0.058000000000000274
0 2.467 1.4344999999999999 0 0.07700000000000018
0 2.467 1.6869999999999998 0 0.05800000000000005
0 2.467 2.545 0 0.10999999999999988
0 2.467 2.71 0 0.1379999999999999
0 2.507 1.428 0 0.07800000000000007
0 2.507 1.6869999999999998 0 0.05800000000000005
0 2.507 2.4829999999999997 0 0.052000000000000046
0 2.507 2.5709999999999997 0 0.04400000000000004
0 2.507 2.713 0 0.13200000000000012
0 2.547 1.2349999999999999 0 0.04600000000000004
0 2.547 1.4245 0 0.07099999999999995
0 2.547 1.6869999999999998 0 0.05800000000000005
0 2.547 2.545 0 0.10999999999999988
0 2.547 2.713 0 0.13200000000000012
0 2.587 1.2349999999999999 0 0.04600000000000004
0 2.587 1.4380000000000002 0 0.09800000000000009
0 2.587 1.6869999999999998 0 0.05800000000000005
0 2.587 1.923 0 0.05800000000000005
0 2.587 2.1725 0 0.05900000000000016
0 2.587 2.4635 0 0.09099999999999975
0 2.587 2.5815 0 0.051000000000000156
0 2.587 2.7495000000000003 0 0.05899999999999972
0 2.627 1.428 0 0.07800000000000007
0 2.627 1.69 0 0.052000000000000046
0 2.627 2.1784999999999997 0 0.07100000000000017
0 2.627 2.512 0 0.16199999999999992
0 2.627 2.7350000000000003 0 0.04400000000000004
0 2.667 0.8415 0 0.07099999999999995
0 2.667 1.4645000000000001 0 0.04500000000000015
0 2.667 1.69 0 0.052000000000000046
0 2.667 2.182 0 0.07800000000000029
0 2.667 2.4765 0 0.15700000000000003
0 2.707 0.8315 0 0.09099999999999997
0 2.707 1.651 0 0.11799999999999988
0 2.707 1.779 0 0.05800000000000005
0 2.707 2.4215 0 0.2290000000000001
0 2.747 0.641 0 0.30200000000000005
0 2.747 1.064 0 0.3979999999999999
0 2.747 1.428 0 0.07800000000000007
0 2.747 2.05 0 0.9159999999999999
0 2.747 2.601 0 0.10400000000000009
0 2.787 0.625 0 0.05800000000000005
0 2.787 0.7995 0 0.15700000000000003
0 2.787 1.2349999999999999 0 0.08399999999999985
0 2.787 1.6800000000000002 0 0.1359999999999999
0 2.787 1.923 0 0.05800000000000005
0 2.787 2.447 0 0.13600000000000012
1 2.356 1.13 0.032 0.05
1 2.0015 1.35 0.04031128874149274 0.05
1 2.3 1.43 0.04237924020083418 0.05
1 0.407625 2.4835 0.04087251521499503 0.05
1 1.7135 1.73 0.033 0.05
1 2.1425 1.73 0.041 0.05
1 2.438 1.89 0.04 0.05
1 2.113 2.03 0.040792156108742275 0.05
1 2.1655 2.03 0.0417612260356422 0.05
1 2.657 2.19 0.043863424398922615 0.05
1 2.52825 2.454 0.04292143986401201 0.05
1 2.18275 2.55 0.04 0.05
1 2.164875 2.271 0.040025772946940076 0.05
1 2.3 2.55 0.04 0.05
1 0.607 2.424 0.041484937025383084 0.05
1 1.687 2.581 0.04272001872658766 0.05
1 2.387 2.617 0.034 0.05
1 2.467 2.6205 0.041 0.05
1 2.487 2.5285 0.04428317965096906 0.05
1 2.727 0.6835 0.04044749683231337 0.05
1 2.727 0.871 0.0417612260356422 0.05
1 2.707 1.73 0.04 0.05
1 2.727 2.5425 0.042059481689626185 0.05
1 2.767 0.992 0.042059481689626185 0.05
3 0.84175 1.0622500000000001 1.3094999999999999 1.1445
3 2.15125 1.0622500000000001 1.3095 1.1445
3 0.84175 2.20675 1.3094999999999999 1.1444999999999999
3 2.15125 2.20675 1.3095 1.1444999999999999