0 0.037125 0.6055 0 0.8049999999999999
0 0.2365 0.563 0.151 0
0 0.521 0.563 0.04400000000000004 0
0 0.0754375 0.6085 0 0.125
0 0.1125 0.5745 0 0.05699999999999994
0 0.2125 0.603 0.067 0
0 0.31575 0.6135 0 0.129
0 0.0745 0.643 0.07700000000000001 0
0 0.52 0.643 0.04600000000000004 0
0 0.521 0.723 0.04400000000000004 0
0 0.521 0.763 0.04400000000000004 0
0 0.458 0.843 0.10799999999999998 0
0 0.2775 0.9325 0 0.09899999999999998
0 0.44099999999999995 0.883 0.057999999999999996 0
0 0.16225 0.9465 0 0.04699999999999993
0 0.314 0.9535 0 0.06099999999999994
0 0.44599999999999995 0.923 0.068 0
0 0.513625 0.9385 0 0.06499999999999995
0 0.16949999999999998 0.963 0.267 0
0 0.476 0.963 0.13400000000000006 0
0 0.399 1.0905 0 0.06899999999999995
0 0.076 1.009 0 0.14
0 0.196 0.966 0 0.040000000000000036
0 0.236 0.9615 0 0.041000000000000036
0 0.436 0.9299999999999999 0 0.09199999999999997
0 0.436 1.1265 0 0.04899999999999993
0 0.476 0.933 0 0.09199999999999997
0 0.516 0.6625000000000001 0 0.237
1 0.179125 0.958 0.04141331307683557 0.05
1 0.4175 1.1135 0.04356604182158393 0.05
3 0.16274999999999998 0.44000000000000006 0.2535 0.47400000000000003
3 0.41625 0.44000000000000006 0.25350000000000006 0.47400000000000003
3 0.16274999999999998 0.914 0.2535 0.474
3 0.41625 0.914 0.25350000000000006 0.474