0 0.4305 0.23249999999999998 0 0.05100000000000002
0 0.1955 0.263 0.251 0
0 0.53 0.263 0.31999999999999995 0
0 0.5645 0.303 0.05699999999999994 0
0 0.619 0.343 0.13 0
0 0.437 0.383 0.08199999999999996 0
0 0.5093125 0.399 0 0.055999999999999994
0 0.167 0.423 0.194 0
0 0.30975 0.42200000000000004 0 0.07
0 0.4565 0.423 0.10099999999999998 0
0 0.668625 0.46399999999999997 0 0.24599999999999994
0 0.849 0.423 0.31800000000000006 0
0 0.199 0.44 0 0.04600000000000004
0 0.231 0.47950000000000004 0 0.11700000000000005
0 0.3425 0.463 0.07700000000000001 0
0 0.39425 0.48150000000000004 0 0.05499999999999999
0 0.475 0.463 0.068 0
0 0.6815 0.463 0.04299999999999993 0
0 0.778 0.463 0.04200000000000004 0
0 0.9665 0.463 0.07099999999999995 0
0 0.1235 0.503 0.056999999999999995 0
0 0.43175 0.513 0 0.06000000000000005
0 0.254 0.543 0.06799999999999998 0
0 0.9185 0.543 0.050999999999999934 0
0 0.37150000000000005 0.583 0.603 0
0 0.15 0.40349999999999997 0 0.046999999999999986
0 0.19 0.244 0 0.05200000000000002
0 0.27 0.5645 0 0.04499999999999993
0 0.31 0.2605 0 0.08499999999999999
0 0.35 0.4375 0 0.10099999999999998
0 0.39 0.40900000000000003 0 0.043999999999999984
0 0.43 0.4075 0 0.08900000000000002
0 0.47 0.4325 0 0.09899999999999998
0 0.51 0.304 0 0.08799999999999997
0 0.55 0.2955 0 0.07100000000000001
0 0.59 0.3015 0 0.08300000000000002
0 0.63 0.303 0 0.08599999999999997
0 0.67 0.2895 0 0.059
0 0.79 0.443 0 0.040000000000000036
0 0.91 0.488 0 0.13400000000000006
0 0.95 0.442 0 0.04200000000000004
0 0.99 0.5345 0 0.04300000000000004
1 0.6493125 0.4235 0.038947280071912595 0.05
1 0.834 0.443 0.042059481689626185 0.05
1 0.2505 0.54 0.03920459156782532 0.05
1 0.412125 0.436 0.03580590035175767 0.05
3 0.3045 0.302 0.46900000000000003 0.19000000000000003
3 0.7735000000000001 0.302 0.469 0.19000000000000003
3 0.3045 0.492 0.46900000000000003 0.18999999999999995
3 0.7735000000000001 0.492 0.469 0.18999999999999995