0 1.88025 0.2825 0 0.044999999999999984
0 2.55575 0.27549999999999997 0 0.04299999999999998
0 0.996 0.318 0.28600000000000003 0
0 1.1998125 0.37 0 0.11599999999999999
0 1.358265625 0.41100000000000003 0 0.202
0 1.59875 0.32799999999999996 0 0.03999999999999998
0 1.882 0.318 0.246 0
0 2.3465 0.318 0.13099999999999978 0
0 2.5170000000000003 0.318 0.06199999999999983 0
0 1.3265 0.358 0.10899999999999999 0
0 1.438125 0.4155 0 0.119
0 1.645 0.4135 0 0.11099999999999999
0 1.2555 0.398 0.8049999999999999 0
0 1.997375 0.501 0 0.20599999999999996
0 2.31775 0.4275 0 0.16100000000000003
0 2.709 0.398 0.09799999999999986 0
0 2.799875 0.3825 0 0.04300000000000004
0 1.0394375 0.4305 0 0.09099999999999997
0 1.0795 0.4195 0 0.069
0 1.1175625 0.441 0 0.11399999999999999
0 1.1669999999999998 0.438 0.050000000000000044 0
0 1.27 0.438 0.04400000000000004 0
0 1.319375 0.431 0 0.09199999999999997
0 1.413 0.438 0.08999999999999986 0
0 1.517765625 0.46900000000000003 0 0.17400000000000004
0 1.6255 0.438 0.052999999999999936 0
0 1.9595 0.4675 0 0.059
0 2.213 0.438 0.11399999999999988 0
0 2.3985 0.4365 0 0.04500000000000004
0 2.7575 0.47150000000000003 0 0.08100000000000002
0 0.961 0.5005 0 0.04500000000000004
0 0.99675 0.5125 0 0.06900000000000006
0 1.0964999999999998 0.478 0.09899999999999998 0
0 1.4065 0.478 0.09299999999999997 0
0 1.480125 0.4985 0 0.041000000000000036
0 1.56625 0.45799999999999996 0 0.03999999999999998
0 2.118625 0.5025 0 0.06500000000000006
0 2.15625 0.498 0 0.04800000000000004
0 0.907 0.518 0.10599999999999998 0
0 1.2165 0.518 0.061000000000000165 0
0 1.374 0.518 0.06600000000000006 0
0 1.621 0.518 0.06000000000000005 0
0 2.165 0.518 0.19399999999999995 0
0 2.31775 0.579 0 0.122
0 2.515625 0.5235000000000001 0 0.05900000000000005
0 2.8395 0.544 0 0.051999999999999935
0 2.9485 0.518 0.04300000000000015 0
0 0.920125 0.5820000000000001 0 0.04799999999999993
0 2.0945 0.558 0.08300000000000018 0
0 2.418 0.558 0.050000000000000266 0
0 2.511 0.558 0.06800000000000006 0
0 1.0565 0.598 0.04300000000000015 0
0 2.03625 0.5925 0 0.051000000000000045
0 2.0795 0.6385000000000001 0 0.08100000000000007
0 2.3305 0.598 0.42500000000000027 0
0 1.2485 0.638 0.04699999999999993 0
0 1.8555000000000001 0.638 0.09499999999999997 0
0 2.0774999999999997 0.638 0.06300000000000017 0
0 2.3855000000000004 0.638 0.33099999999999996 0
0 1.1355 0.678 0.06699999999999995 0
0 1.719 0.6699999999999999 0 0.05599999999999994
0 1.8205 0.678 0.1509999999999998 0
0 1.9994999999999998 0.678 0.09099999999999997 0
0 2.4825 0.678 0.17100000000000026 0
0 2.6725000000000003 0.678 0.04899999999999993 0
0 2.803 0.678 0.052000000000000046 0
0 0.918078125 0.802 0 0.19800000000000006
0 1.35759375 0.7455 0 0.09700000000000009
0 1.596 0.7384999999999999 0 0.041000000000000036
0 1.8425 0.718 0.16900000000000004 0
0 2.0295 0.718 0.13900000000000023 0
0 2.118625 0.825 0 0.22999999999999998
0 2.2725 0.718 0.07500000000000018 0
0 2.6295 0.718 0.16500000000000004 0
0 2.8645 0.718 0.2110000000000003 0
0 1.5200625 0.8005 0 0.08499999999999996
0 1.9355000000000002 0.758 0.3670000000000002 0
0 2.2355 0.758 0.06099999999999994 0
0 2.4625000000000004 0.758 0.129 0
0 2.55675 0.7825 0 0.21699999999999997
0 1.9345 0.798 0.3610000000000002 0
0 2.2344999999999997 0.798 0.09099999999999975 0
0 2.713 0.798 0.09799999999999986 0
0 2.84 0.798 0.09600000000000009 0
0 2.9445 0.798 0.051000000000000156 0
0 1.385 0.838 0.06400000000000006 0
0 1.8784999999999998 0.838 0.123 0
0 2.078625 0.851 0 0.10199999999999998
0 2.360875 0.852 0 0.052000000000000046
0 2.400375 0.8625 0 0.061000000000000054
0 2.501 0.838 0.08000000000000007 0
0 0.9664999999999999 0.878 0.21699999999999997 0
0 1.27525 0.8725 0 0.04500000000000004
0 1.3980000000000001 0.878 0.20399999999999996 0
0 1.623 0.878 0.05600000000000005 0
0 2.1495 0.878 0.7870000000000001 0
0 2.817 0.878 0.30600000000000005 0
0 1.435125 0.905 0 0.07199999999999995
0 1.5110000000000001 0.918 0.039999999999999813 0
0 1.879875 0.901 0 0.07599999999999996
0 2.197125 0.8955 0 0.08699999999999997
0 2.879875 0.9075 0 0.06099999999999994
0 1.4825 0.9624999999999999 0 0.04500000000000004
0 2.597625 0.9844999999999999 0 0.08499999999999996
0 2.158125 1.0150000000000001 0 0.1260000000000001
0 2.0645 1.038 0.0950000000000002 0
0 2.2424999999999997 1.038 0.09699999999999998 0
0 2.2375 1.0705 0 0.1030000000000002
0 0.878 0.4425 0 0.11099999999999999
0 0.878 0.7170000000000001 0 0.372
0 0.958 0.375 0 0.122
0 0.998 0.8734999999999999 0 0.041000000000000036
0 1.038 0.87 0 0.050000000000000044
0 1.158 0.4185 0 0.069
0 1.278 0.3725 0 0.123
0 1.318 0.33599999999999997 0 0.04999999999999999
0 1.318 0.8785000000000001 0 0.041000000000000036
0 1.358 0.861 0 0.04600000000000004
0 1.398 0.653 0 0.542
0 1.478 0.8734999999999999 0 0.05700000000000005
0 1.598 0.8745 0 0.05300000000000005
0 1.638 0.71 0 0.346
0 1.758 0.2875 0 0.05299999999999999
0 1.758 0.39349999999999996 0 0.08900000000000002
0 1.758 0.6995 0 0.389
0 1.798 0.28600000000000003 0 0.05199999999999999
0 1.798 0.7855000000000001 0 0.21499999999999997
0 1.838 0.2855 0 0.05099999999999999
0 1.838 0.759 0 0.26
0 1.878 0.7295 0 0.08899999999999997
0 1.918 0.28200000000000003 0 0.043999999999999984
0 1.918 0.7475 0 0.127
0 1.958 0.31 0 0.10199999999999998
0 1.958 0.775 0 0.22799999999999998
0 1.998 0.3095 0 0.10099999999999998
0 1.998 0.7135 0 0.11299999999999999
0 1.998 0.8455 0 0.08499999999999996
0 2.038 0.696 0 0.07599999999999996
0 2.038 0.9425000000000001 0 0.267
0 2.078 0.5385 0 0.04500000000000004
0 2.078 0.7395 0 0.05500000000000005
0 2.118 0.2835 0 0.05099999999999999
0 2.118 0.5994999999999999 0 0.06700000000000006
0 2.158 0.2825 0 0.04899999999999999
0 2.198 0.789 0 0.040000000000000036
0 2.238 0.2825 0 0.05099999999999999
0 2.238 0.573 0 0.039999999999999925
0 2.238 0.7005 0 0.050999999999999934
0 2.278 0.6054999999999999 0 0.06900000000000006
0 2.278 0.7595 0 0.129
0 2.278 0.909 0 0.10999999999999999
0 2.278 1.04 0 0.07000000000000006
0 2.318 0.858 0 0.06600000000000006
0 2.398 0.31699999999999995 0 0.055999999999999994
0 2.398 0.5265 0 0.05900000000000005
0 2.398 0.6185 0 0.05500000000000005
0 2.438 0.6154999999999999 0 0.04700000000000004
0 2.438 0.7335 0 0.04300000000000004
0 2.478 0.505 0 0.09600000000000003
0 2.478 0.617 0 0.052000000000000046
0 2.478 0.6990000000000001 0 0.04399999999999993
0 2.518 0.615 0 0.04800000000000004
0 2.558 0.56 0 0.184
0 2.598 0.595 0 0.05400000000000005
0 2.678 0.3915 0 0.251
0 2.678 0.75 0 0.28400000000000003
0 2.718 0.2865 0 0.04299999999999998
0 2.758 0.2905 0 0.05099999999999999
0 2.758 0.7235 0 0.04500000000000004
0 2.798 0.2865 0 0.044999999999999984
0 2.838 0.7095 0 0.06299999999999994
0 2.878 0.29000000000000004 0 0.05399999999999999
0 2.918 0.6970000000000001 0 0.04799999999999993
0 2.958 0.4 0 0.21000000000000002
0 2.958 0.7344999999999999 0 0.30700000000000005
1 1.459125 0.4765 0.0421070065428546 0.05
1 1.9976875 0.4315 0.03800513945507897 0.05
1 1.01809375 0.477 0.04273432643964334 0.05
1 1.1195 0.458 0.04019950248448356 0.05
1 2.39825 0.478 0.03800328933131973 0.05
1 0.9595 0.4185 0.0421070065428546 0.05
1 2.0983125 0.5255 0.044848529797530706 0.05
1 2.5168125 0.572 0.038074146411968324 0.05
1 2.46 0.558 0.034 0.05
1 2.037125 0.638 0.04003826294933385 0.05
1 2.07875 0.6955 0.033034073318317855 0.05
1 2.2945 0.618 0.041 0.05
1 1.357796875 0.816 0.04400187540392454 0.05
1 1.9435 0.718 0.033 0.05
1 2.138375 0.946 0.04128256290493603 0.05
1 2.555 0.738 0.044721359549995794 0.05
1 1.49903125 0.844 0.042110021446800525 0.05
1 2.777 0.798 0.03 0.05
1 2.9035 0.798 0.031 0.05
1 2.0783125 0.807 0.033005918029953354 0.05
1 1.4955 0.898 0.041 0.05
1 2.1975625 0.854 0.043008901694881724 0.05
1 0.878 0.5145 0.033 0.05
1 1.758 0.3315 0.035 0.05
1 1.998 0.7865 0.033 0.05
1 2.278 0.839 0.03 0.05
1 2.278 0.9845 0.041 0.05
1 2.398 0.5735 0.035 0.05
1 2.458 0.716 0.041 0.05
1 2.478 0.66 0.034 0.05
3 1.38225 0.471 1.0585 0.43399999999999994
3 2.44075 0.471 1.0585000000000002 0.43399999999999994
3 1.38225 0.905 1.0585 0.43400000000000016
3 2.44075 0.905 1.0585000000000002 0.43400000000000016