0 0.248 0.345 0.36 0
0 0.362 0.775 0.19 0
0 0.11900000000000001 0.96 0.10200000000000001 0
0 0.13 0.341 0.11800000000000001 0
0 0.13 0.365 0.11800000000000001 0
0 0.5 0.373 0.07400000000000001 0
0 0.3095 0.781 0.063 0
0 0.3095 0.805 0.063 0
0 0.4035 0.957 0.267 0
0 0.122 0.981 0.102 0
0 0.4035 0.981 0.267 0
0 0.093 0.20600000000000002 0 0.27
0 0.093 0.41400000000000003 0 0.14199999999999996
0 0.093 0.5205 0 0.06500000000000006
0 0.277 0.9385 0 0.08099999999999996
1 0.4455 0.359 0.04482186966202994 0.05
3 0.18525 0.2985 0.2345 0.455
3 0.41975 0.2985 0.23450000000000004 0.455
3 0.18525 0.7535000000000001 0.2345 0.45499999999999996
3 0.41975 0.7535000000000001 0.23450000000000004 0.45499999999999996