0 0.245 0.269 0.04600000000000001 0
0 0.884 0.269 0.05400000000000005 0
0 0.8785000000000001 0.309 0.04700000000000004 0
0 0.244 0.349 0.04400000000000001 0
0 1.2165 0.349 0.7230000000000001 0
0 0.2945 0.389 0.08300000000000002 0
0 0.927 0.389 0.05799999999999994 0
0 1.0535 0.389 0.05700000000000016 0
0 0.2235 0.429 0.065 0
0 0.314 0.429 0.040000000000000036 0
0 0.6930000000000001 0.429 0.14400000000000002 0
0 0.927 0.429 0.05799999999999994 0
0 1.0545 0.429 0.05900000000000016 0
0 1.168 0.429 0.06800000000000006 0
0 1.4555 0.429 0.08700000000000019 0
0 0.1795 0.469 0.133 0
0 0.314 0.469 0.05600000000000005 0
0 0.6839999999999999 0.469 0.126 0
0 1.0554999999999999 0.469 0.061000000000000165 0
0 1.252 0.469 0.2360000000000002 0
0 1.4794999999999998 0.469 0.119 0
0 0.1825 0.509 0.139 0
0 0.314 0.509 0.05600000000000005 0
0 1.0554999999999999 0.509 0.061000000000000165 0
0 1.3559999999999999 0.509 0.4440000000000002 0
0 0.271 0.549 0.15599999999999997 0
0 0.6890000000000001 0.549 0.136 0
0 0.992 0.549 0.08999999999999997 0
0 0.242 0.589 0.048000000000000015 0
0 0.386 0.589 0.14 0
0 0.6835 0.589 0.14300000000000002 0
0 0.9470000000000001 0.589 0.08199999999999996 0
0 0.286 0.629 0.13599999999999998 0
0 0.49150000000000005 0.629 0.08700000000000002 0
0 0.7205 0.629 0.07699999999999996 0
0 0.387 0.669 0.04999999999999999 0
0 0.48150000000000004 0.669 0.067 0
0 0.692 0.669 0.039999999999999925 0
0 0.241 0.709 0.04600000000000001 0
0 1.0939999999999999 0.709 0.10399999999999987 0
0 0.4135 0.749 0.10300000000000004 0
0 0.7025 0.749 0.040999999999999925 0
0 0.8345 0.749 0.14500000000000002 0
0 1.037 0.749 0.04400000000000004 0
0 1.143 0.749 0.08000000000000007 0
0 0.14775 0.8185 0 0.05899999999999994
0 0.48750000000000004 0.789 0.07900000000000001 0
0 1.099 0.789 0.16800000000000015 0
0 0.4515 0.869 0.4670000000000001 0
0 1.2665000000000002 0.869 0.04299999999999993 0
0 0.277 0.949 0.11800000000000002 0
0 0.683 0.949 0.041999999999999926 0
0 0.276 0.989 0.11600000000000002 0
0 0.7235 0.989 0.08299999999999996 0
0 1.3775 0.989 0.08299999999999996 0
0 0.276 1.029 0.11600000000000002 0
0 1.0225 1.029 0.14700000000000013 0
0 1.3845 1.029 0.09699999999999998 0
0 0.3285 1.069 0.056999999999999995 0
0 0.8875 1.069 0.08100000000000007 0
0 1.0175 1.069 0.06699999999999995 0
0 1.179 1.069 0.06400000000000006 0
0 1.4935 1.069 0.06899999999999995 0
0 0.7945 1.109 0.22899999999999998 0
0 1.0125 1.109 0.052999999999999936 0
0 0.243 1.149 0.05000000000000002 0
0 0.2715 1.189 0.10700000000000001 0
0 0.5329999999999999 1.189 0.346 0
0 1.174 1.189 0.18999999999999995 0
0 1.4580000000000002 1.189 0.24 0
0 0.2945 1.229 0.153 0
0 0.50975 1.263 0 0.06799999999999984
0 0.7215 1.229 0.08299999999999996 0
0 0.9159999999999999 1.229 0.05999999999999994 0
0 1.2214999999999998 1.229 0.41300000000000003 0
0 1.5185 1.229 0.119 0
0 0.496 1.269 0.556 0
0 1.2155 1.269 0.7250000000000001 0
0 0.145 0.47950000000000004 0 0.05099999999999999
0 0.145 0.567 0 0.061999999999999944
0 0.145 0.7055 0 0.05499999999999994
0 0.145 0.9365 0 0.05699999999999994
0 0.145 1.0514999999999999 0 0.05700000000000016
0 0.145 1.171 0 0.06000000000000005
0 0.225 0.752 0 1.0459999999999998
0 0.265 0.332 0 0.206
0 0.265 0.7055 0 0.31299999999999994
0 0.265 1.0745 0 0.29899999999999993
0 0.305 0.4335 0 0.139
0 0.305 1.0030000000000001 0 0.15599999999999992
0 0.305 1.205 0 0.050000000000000044
0 0.345 0.40149999999999997 0 0.07500000000000001
0 0.345 0.5895 0 0.08099999999999996
0 0.345 1.045 0 0.09199999999999997
0 0.385 0.5955 0 0.08899999999999997
0 0.385 1.2650000000000001 0 0.06399999999999983
0 0.425 0.5835 0 0.06499999999999995
0 0.425 0.7975 0 0.14900000000000002
0 0.425 1.2650000000000001 0 0.06399999999999983
0 0.465 0.26 0 0.06199999999999997
0 0.465 0.651 0 0.33199999999999996
0 0.465 1.2650000000000001 0 0.06399999999999983
0 0.505 0.40149999999999997 0 0.07100000000000001
0 0.505 0.7969999999999999 0 0.039999999999999925
0 0.545 0.5305 0 0.041000000000000036
0 0.585 0.8335 0 0.07699999999999996
0 0.625 0.473 0 0.21799999999999997
0 0.625 0.796 0 0.041999999999999926
0 0.665 0.5835 0 0.14300000000000002
0 0.705 0.8314999999999999 0 0.9309999999999999
0 0.745 0.431 0 0.13
0 0.745 0.6015 0 0.14300000000000002
0 0.745 0.7375 0 0.05300000000000005
0 0.745 1.2035 0 0.10499999999999998
0 0.825 1.2414999999999998 0 0.11099999999999999
0 0.865 0.308 0 0.158
0 0.865 1.252 0 0.041999999999999815
0 0.905 0.4045 0 0.30700000000000005
0 0.905 0.7775 0 0.07499999999999996
0 0.905 1.1665 0 0.17900000000000005
0 0.945 0.42200000000000004 0 0.24000000000000005
0 0.945 1.0325 0 0.04700000000000015
0 0.945 1.2505 0 0.09299999999999997
0 0.985 0.352 0 0.05399999999999999
0 1.025 0.3915 0 0.32500000000000007
0 1.025 0.7689999999999999 0 0.09199999999999997
0 1.025 1.108 0 0.3779999999999999
0 1.065 0.386 0 0.11399999999999999
0 1.065 0.7845 0 0.06099999999999994
0 1.065 1.0474999999999999 0 0.05300000000000016
0 1.105 0.355 0 0.05199999999999999
0 1.105 0.7484999999999999 0 0.1329999999999999
0 1.145 0.437 0 0.18000000000000005
0 1.145 0.7505 0 0.1289999999999999
0 1.145 1.263 0 0.06799999999999984
0 1.185 0.4635 0 0.10900000000000004
0 1.185 0.768 0 0.08999999999999997
0 1.185 1.264 0 0.06599999999999984
0 1.225 0.4615 0 0.10500000000000004
0 1.225 1.263 0 0.06799999999999984
0 1.265 0.496 0 0.057999999999999996
0 1.265 1.025 0 0.21199999999999997
0 1.265 1.2254999999999998 0 0.08699999999999997
0 1.305 0.4925 0 0.04700000000000004
0 1.305 0.9325 0 0.10099999999999998
0 1.345 0.49150000000000005 0 0.04899999999999999
0 1.345 1.0855000000000001 0 0.33299999999999996
0 1.385 1.025 0 0.10200000000000009
0 1.425 0.294 0 0.12999999999999998
0 1.425 0.4615 0 0.11299999999999999
0 1.425 1.263 0 0.06799999999999984
0 1.465 0.3125 0 0.061000000000000054
0 1.465 0.487 0 0.04999999999999999
0 1.465 1.263 0 0.06799999999999984
0 1.505 0.49050000000000005 0 0.046999999999999986
0 1.505 1.263 0 0.06799999999999984
0 1.545 0.491 0 0.04799999999999999
0 1.545 1.263 0 0.06799999999999984
1 0.2595 0.369 0.042059481689626185 0.05
1 1.0165 0.529 0.0417612260356422 0.05
1 0.452 0.609 0.040792156108742275 0.05
1 0.358 0.649 0.040792156108742275 0.05
1 0.43 0.669 0.036 0.05
1 1.0805 0.729 0.04346262762420146 0.05
1 0.4565 0.769 0.04346262762420146 0.05
1 0.7425 0.749 0.039 0.05
1 0.3425 1.189 0.035 0.05
1 0.462 1.209 0.041484937025383084 0.05
1 1.4435 1.229 0.031 0.05
1 0.145 0.5205 0.031 0.05
1 0.745 0.513 0.034 0.05
1 0.745 0.692 0.038 0.05
3 0.47925 0.496 0.7325 0.534
3 1.21175 0.496 0.7325 0.534
3 0.47925 1.03 0.7325 0.5339999999999999
3 1.21175 1.03 0.7325 0.5339999999999999