0 0.3295 0.18 0.209 0
0 0.492 0.18 0.05199999999999999 0
0 0.609 0.18 0.04600000000000004 0
0 0.6745 0.199 0 0.118
0 0.7129375 0.215 0 0.08600000000000002
0 0.751 0.18 0.040000000000000036 0
0 0.952 0.18 0.11799999999999988 0
0 0.27 0.22 0.14200000000000002 0
0 0.49450000000000005 0.22 0.056999999999999995 0
0 0.755125 0.23399999999999999 0 0.05400000000000002
0 0.833 0.22999999999999998 0 0.05200000000000002
0 0.873 0.226 0 0.05399999999999999
0 0.356 0.26 0.314 0
0 0.5915 0.2 0 0.12
0 0.266 0.3 0.134 0
0 0.356375 0.33799999999999997 0 0.07600000000000001
0 0.4495 0.3 0.09899999999999998 0
0 0.274875 0.36050000000000004 0 0.15899999999999997
0 0.5158125 0.381 0 0.07799999999999996
0 0.7555 0.6015 0 0.38700000000000007
0 0.9135 0.42 0.07299999999999995 0
0 0.097 0.46 0.046 0
0 0.35150000000000003 0.46 0.15699999999999997 0
0 0.7195 0.46 0.061000000000000054 0
0 0.714 0.5 0.050000000000000044 0
0 0.9135 0.58 0.07299999999999995 0
0 0.1 0.66 0.052000000000000005 0
0 0.676875 0.698 0 0.07599999999999996
0 0.9359999999999999 0.7 0.17200000000000004 0
0 0.751 0.74 0.06000000000000005 0
0 0.96025 0.7675000000000001 0 0.05500000000000005
0 0.8315 0.757 0 0.04600000000000004
0 0.937 0.78 0.051999999999999935 0
0 0.114 0.43000000000000005 0 0.04799999999999999
0 0.234 0.2435 0 0.047000000000000014
0 0.314 0.22999999999999998 0 0.142
0 0.314 0.4225 0 0.08100000000000002
0 0.354 0.2445 0 0.04300000000000001
0 0.394 0.25 0 0.05400000000000002
0 0.434 0.2445 0 0.04300000000000001
0 0.474 0.18 0 0.07800000000000001
0 0.474 0.39449999999999996 0 0.05099999999999999
0 0.514 0.196 0 0.048000000000000015
0 0.514 0.27849999999999997 0 0.046999999999999986
0 0.594 0.6799999999999999 0 0.11399999999999999
0 0.634 0.1935 0 0.10699999999999998
0 0.714 0.5085 0 0.12099999999999994
0 0.714 0.6910000000000001 0 0.05599999999999994
0 0.794 0.2235 0 0.08100000000000002
0 0.794 0.7645 0 0.061000000000000054
0 0.914 0.3385 0 0.044999999999999984
0 0.914 0.5045 0 0.17099999999999999
0 1.034 0.7195 0 0.08699999999999997
1 0.45 0.18 0.032 0.05
1 0.3351875 0.2675 0.042386797767701205 0.05
1 0.3351875 0.379 0.04279767078942498 0.05
1 0.2544375 0.33 0.04320608319438364 0.05
1 0.51490625 0.3375 0.04004104339612043 0.05
1 0.514 0.2375 0.035 0.05
3 0.314 0.30375 0.48000000000000004 0.3275
3 0.794 0.30375 0.48 0.3275
3 0.314 0.6312500000000001 0.48000000000000004 0.3275
3 0.794 0.6312500000000001 0.48 0.3275