0 0.1965 0.625 0.243 0
0 0.234 1.085 0.298 0
0 0.7969999999999999 1.085 0.45199999999999996 0
0 0.621 1.145 0.318 0
0 0.115 1.0005000000000002 0 0.2390000000000001
0 0.175 1.0365 0 0.15900000000000014
0 0.24 0.7215 0 0.19699999999999995
0 0.645 0.525 0 0.11799999999999994
0 0.67 1.1395 0 0.14700000000000002
0 1.04 0.6779999999999999 0 0.638
2 0.1965 0.625 0.035 0.05
2 0.234 1.085 0.035 0.05
2 0.684 1.085 0.035 0.05
2 0.797 1.085 0.035 0.05
2 0.91 1.085 0.035 0.05
2 0.175 1.0365 0.035 0.05
2 1.04 0.48660000000000003 0.035 0.05
2 1.04 0.6142000000000001 0.035 0.05
2 1.04 0.7417999999999999 0.035 0.05
2 1.04 0.8694000000000001 0.035 0.05
3 0.31625 0.5725 0.4825 0.42700000000000005
3 0.7987500000000001 0.5725 0.48250000000000004 0.42700000000000005
3 0.31625 0.9995 0.4825 0.42700000000000005
3 0.7987500000000001 0.9995 0.48250000000000004 0.42700000000000005