0 0.08875 0.113 0 0.04000000000000001
0 0.40975 0.114 0 0.04200000000000001
0 0.087 0.133 0.078 0
0 0.48759375 0.18 0 0.124
0 0.40775 0.263 0 0.182
0 0.130875 0.2975 0 0.22099999999999997
0 0.42800000000000005 0.213 0.043999999999999984 0
0 0.450375 0.2395 0 0.05500000000000002
0 0.5429999999999999 0.253 0.10999999999999999 0
0 0.49150000000000005 0.293 0.05299999999999999 0
0 0.5785 0.333 0.14300000000000002 0
0 0.3696875 0.41500000000000004 0 0.15599999999999997
0 0.479 0.373 0.057999999999999996 0
0 0.52865625 0.4225 0 0.125
0 0.687375 0.3805 0 0.10899999999999999
0 0.372 0.413 0.08999999999999997 0
0 0.5325 0.413 0.04700000000000004 0
0 0.6093125 0.43100000000000005 0 0.07200000000000001
0 0.33399999999999996 0.453 0.064 0
0 0.48875 0.4655 0 0.05099999999999999
0 0.32975 0.4605 0 0.09700000000000003
0 0.128 0.1375 0 0.043
0 0.128 0.5085 0 0.04700000000000004
0 0.448 0.162 0 0.05199999999999999
0 0.448 0.4625 0 0.09500000000000003
1 0.108375 0.1245 0.04277338541663496 0.05
1 0.40875 0.1535 0.03705401462729781 0.05
1 0.38871875 0.3455 0.04168637554705374 0.05
1 0.427875 0.245 0.043313537144869615 0.05
1 0.1294375 0.262 0.02814721345000247 0.05
1 0.5125 0.313 0.041484937025383084 0.05
3 0.20784375 0.20274999999999999 0.3196875 0.2195
3 0.52753125 0.20274999999999999 0.31968749999999996 0.2195
3 0.20784375 0.42225 0.3196875 0.21950000000000003
3 0.52753125 0.42225 0.31968749999999996 0.21950000000000003