0 0.263 0.65 0.13 0
0 0.1925 1.015 0.23299999999999998 0
0 0.455 0.588 0 0.784
0 0.7 0.9384999999999999 0 0.17299999999999993
0 0.065 0.589 0.086 0
0 0.20850000000000002 0.829 0.233 0
0 0.5885 0.837 0.26099999999999995 0
0 0.47250000000000003 1.069 0.063 0
0 0.202 1.077 0.246 0
0 0.573 1.093 0.292 0
0 0.202 1.101 0.246 0
0 0.077 0.994 0 0.20800000000000007
0 0.101 0.9950000000000001 0 0.20600000000000007
0 0.309 0.8029999999999999 0 0.07599999999999996
0 0.309 1.056 0 0.08400000000000007
0 0.445 0.5095000000000001 0 0.32100000000000006
0 0.445 0.8405 0 0.15100000000000002
0 0.445 1.056 0 0.08400000000000007
0 0.469 0.8405 0 0.15100000000000002
1 0.45 0.997 0.0354400902933387 0.05
2 0.455 0.3266666666666666 0.035 0.05
2 0.455 0.4573333333333333 0.035 0.05
2 0.455 0.588 0.035 0.05
2 0.455 0.7186666666666667 0.035 0.05
2 0.455 0.8493333333333334 0.035 0.05
3 0.19625 0.42225 0.3485 0.45249999999999996
3 0.54475 0.42225 0.3485 0.45249999999999996
3 0.19625 0.8747499999999999 0.3485 0.4525
3 0.54475 0.8747499999999999 0.3485 0.4525