0 0.155 0.195 0.174 0
0 0.14500000000000002 0.44 0.154 0
0 0.07 0.2505 0 0.40900000000000003
0 0.215 0.11599999999999999 0 0.134
0 0.4 0.2525 0 0.40700000000000003
0 0.115 0.341 0.09 0
0 0.085 0.3975 0 0.11099999999999999
0 0.149 0.36850000000000005 0 0.05299999999999999
0 0.189 0.08549999999999999 0 0.069
0 0.213 0.08499999999999999 0 0.06999999999999999
2 0.155 0.195 0.035 0.05
2 0.07 0.18233333333333332 0.035 0.05
2 0.07 0.31866666666666665 0.035 0.05
2 0.4 0.18466666666666665 0.035 0.05
2 0.4 0.3203333333333333 0.035 0.05
3 0.15100000000000002 0.1485 0.166 0.20500000000000002
3 0.317 0.1485 0.166 0.20500000000000002
3 0.15100000000000002 0.35350000000000004 0.166 0.20500000000000002
3 0.317 0.35350000000000004 0.166 0.20500000000000002