0 1.1495000000000002 0.35 0.11099999999999999 0
0 0.427 0.41 0.10399999999999998 0
0 0.4415 0.44 0.131 0
0 1.633 0.465 0.2839999999999998 0
0 0.97 0.52 0.10999999999999988 0
0 1.192 0.52 0.1299999999999999 0
0 1.7429999999999999 0.58 0.19999999999999996 0
0 2.1165 0.58 0.34099999999999997 0
0 0.861 0.86 0.10199999999999998 0
0 2.154 0.87 0.18000000000000016 0
0 0.375 0.7545 0 0.129
0 0.965 0.31 0 0.24
0 0.975 0.675 0 0.35
0 1.2 0.2375 0 0.147
0 1.27 0.323 0 0.222
0 1.44 0.253 0 0.42800000000000005
0 1.44 0.6685 0 0.19900000000000007
0 1.915 0.7745 0 0.16900000000000004
0 2.05 0.7775 0 0.16100000000000003
0 2.595 0.4145 0 0.10300000000000004
0 0.541 0.14600000000000002 0 0.11400000000000002
0 0.549 0.149 0 0.06999999999999999
0 1.261 0.2515 0 0.07699999999999999
0 1.269 0.4125 0 0.07100000000000001
0 2.053 0.8145 0 0.06099999999999994
0 2.349 0.7195 0 0.061000000000000054
2 0.965 0.31 0.035 0.05
2 1.44 0.18166666666666667 0.035 0.05
2 1.44 0.3243333333333333 0.035 0.05
2 1.915 0.7745 0.035 0.05
2 2.05 0.7775 0.035 0.05
3 0.93 0.24675 1.11 0.41550000000000004
3 2.04 0.24675 1.11 0.41550000000000004
3 0.93 0.66225 1.11 0.4155
3 2.04 0.66225 1.11 0.4155