0 0.36075 0.5045 0 0.06700000000000006
0 0.64075 0.6115 0 0.287
0 0.9215 0.616 0.052999999999999936 0
0 0.9615 0.7135 0 0.20099999999999996
0 0.2495 0.736 0.07899999999999999 0
0 0.5205 0.776 0.04700000000000004 0
0 0.6990000000000001 0.776 0.07599999999999996 0
0 0.4795 0.862 0 0.06000000000000005
0 0.96325 0.8979999999999999 0 0.10399999999999998
0 0.3619375 0.923 0 0.06799999999999995
0 0.402 0.9225 0 0.06699999999999995
0 0.4405 0.9255 0 0.07299999999999995
0 0.5220625 0.9165 0 0.08099999999999996
0 1.061 0.896 0.20199999999999996 0
0 0.241 0.213 0 0.07400000000000001
0 0.281 0.484 0 0.14400000000000007
0 0.281 0.7230000000000001 0 0.12
0 0.281 0.91 0 0.04800000000000004
0 0.321 0.9430000000000001 0 0.039999999999999925
0 0.681 0.787 0 0.04400000000000004
0 0.721 0.7875000000000001 0 0.04300000000000004
1 0.660875 0.76 0.04147363620422014 0.05
1 0.962375 0.83 0.03204781583821275 0.05
1 0.46 0.8905 0.03911521443121589 0.05
1 0.301 0.9285 0.041484937025383084 0.05
3 0.448 0.37275 0.4760000000000001 0.3935
3 0.9239999999999999 0.37275 0.47599999999999987 0.3935
3 0.448 0.76625 0.4760000000000001 0.39349999999999996
3 0.9239999999999999 0.76625 0.47599999999999987 0.39349999999999996