0 0.3643125 0.23349999999999999 0 0.10299999999999998
0 0.3125 0.25 0.04300000000000004 0
0 0.28525 0.2885 0 0.065
0 0.444 0.32999999999999996 0 0.068
0 0.0675 0.37 0.051 0
0 0.509 0.45 0.04200000000000004 0
0 0.0440625 0.5345 0 0.08899999999999997
0 0.5385 0.49 0.09099999999999997 0
0 0.0775 0.53 0.061 0
0 0.046 0.6405000000000001 0 0.061000000000000054
0 0.5509999999999999 0.61 0.07399999999999995 0
0 0.5285 0.65 0.11099999999999999 0
0 0.16 0.69 0.102 0
0 0.3155 0.73 0.049000000000000044 0
0 0.122 0.36450000000000005 0 0.05099999999999999
0 0.162 0.36450000000000005 0 0.05099999999999999
0 0.162 0.69 0 0.04799999999999993
0 0.242 0.3275 0 0.059
0 0.402 0.172 0 0.060000000000000026
0 0.522 0.45099999999999996 0 0.043999999999999984
0 0.522 0.5995 0 0.17100000000000004
0 0.562 0.4995 0 0.05500000000000005
0 0.562 0.6095 0 0.09499999999999997
0 0.602 0.509 0 0.05600000000000005
1 0.38315625 0.2135 0.042665532414936536 0.05
1 0.04503125 0.5945 0.031060487862395205 0.05
1 0.522 0.4935 0.041 0.05
1 0.542 0.5785 0.042059481689626185 0.05
3 0.182 0.289 0.28 0.29400000000000004
3 0.46199999999999997 0.289 0.27999999999999997 0.29400000000000004
3 0.182 0.583 0.28 0.294
3 0.46199999999999997 0.583 0.27999999999999997 0.294