0 1.144 0.33299999999999996 0 0.07
0 1.3679999999999999 0.298 0.1060000000000001 0
0 1.50975 0.3675 0 0.09099999999999997
0 1.14325 0.40449999999999997 0 0.05299999999999999
0 1.3485 0.34199999999999997 0 0.16799999999999998
0 1.123 0.538 1.0299999999999998 0
0 1.54525 0.6365000000000001 0 0.23099999999999998
0 1.27375 0.6725 0 0.050999999999999934
0 0.5925 0.778 0.10099999999999998 0
0 0.21699999999999997 0.818 0.146 0
0 0.41300000000000003 0.818 0.045999999999999985 0
0 0.5820000000000001 0.818 0.08599999999999997 0
0 1.025 0.818 0.05999999999999994 0
0 0.742 0.898 0.04800000000000004 0
0 0.819 0.898 0.04599999999999993 0
0 0.78 0.938 0.124 0
0 1.036 0.938 0.20799999999999985 0
0 0.511 1.0030000000000001 0 0.050000000000000044
0 1.3145 0.978 0.040999999999999925 0
0 1.070375 1.077 0 0.05400000000000005
0 1.3860000000000001 1.098 0.05400000000000005 0
0 1.362 1.138 0.09999999999999987 0
0 0.229875 1.19 0 0.07200000000000006
0 0.347375 1.189 0 0.04400000000000004
0 0.7885 1.2785000000000002 0 0.09099999999999997
0 0.91 1.2574999999999998 0 0.07499999999999996
0 0.602 1.298 0.07200000000000006 0
0 0.2215 1.338 0.044999999999999984 0
0 0.589 1.338 0.04600000000000004 0
0 0.63075 1.3479999999999999 0 0.236
0 0.23550000000000001 1.378 0.07300000000000001 0
0 0.59275 1.3565 0 0.04299999999999993
0 0.86625 1.3495 0 0.23299999999999987
0 0.221 1.418 0.04999999999999999 0
0 0.229 0.8975 0 0.06700000000000006
0 0.229 1.3795 0 0.17300000000000004
0 0.629 0.599 0 0.19799999999999995
0 0.749 0.9159999999999999 0 0.10399999999999998
0 0.789 0.9395 0 0.05699999999999994
0 0.829 0.8999999999999999 0 0.136
0 1.029 0.8065 0 0.04699999999999993
0 1.069 0.9325 0 0.04899999999999993
0 1.229 0.5205 0 0.041000000000000036
0 1.269 0.506 0 0.04800000000000004
0 1.309 0.4615 0 0.123
0 1.389 1.123 0 0.052000000000000046
0 1.629 0.35150000000000003 0 0.059
1 0.781 0.898 0.03 0.05
3 0.5175 0.56 0.747 0.604
3 1.2645 0.56 0.7469999999999999 0.604
3 0.5175 1.164 0.747 0.604
3 1.2645 1.164 0.7469999999999999 0.604