0 0.88 0.152 0 0.05399999999999999
0 0.3025 0.165 0.044999999999999984 0
0 0.7335 0.165 0.09499999999999997 0
0 0.306 0.205 0.04600000000000004 0
0 0.978 0.205 0.05799999999999994 0
0 0.68675 0.28700000000000003 0 0.08400000000000002
0 0.7233125 0.29100000000000004 0 0.09200000000000003
0 0.9139999999999999 0.245 0.06399999999999995 0
0 1.2165 0.245 0.05899999999999994 0
0 0.8180000000000001 0.285 0.08199999999999996 0
0 0.9804999999999999 0.285 0.07699999999999996 0
0 0.3045 0.325 0.041000000000000036 0
0 0.8959999999999999 0.325 0.23799999999999988 0
0 1.2285 0.325 0.08299999999999996 0
0 0.8525 0.33299999999999996 0 0.064
0 0.205125 0.4315 0 0.065
0 0.801625 0.4385 0 0.06699999999999995
0 0.45399999999999996 0.445 0.74 0
0 0.8455 0.474 0 0.057999999999999996
0 0.3045 0.485 0.05299999999999999 0
0 0.4025 0.4625 0 0.044999999999999984
0 0.525 0.469 0 0.062
0 1.058 0.485 0.04400000000000004 0
0 0.7364999999999999 0.525 0.07300000000000006 0
0 0.8475 0.525 0.07099999999999995 0
0 0.08475 0.581 0 0.07999999999999996
0 0.6705 0.565 0.06499999999999995 0
0 0.862 0.565 0.09200000000000008 0
0 1.1265 0.5755 0 0.07499999999999996
0 0.6679999999999999 0.605 0.061999999999999944 0
0 1.0045 0.605 0.21699999999999997 0
0 0.7949999999999999 0.645 0.04999999999999993 0
0 0.9775 0.645 0.21700000000000008 0
0 1.201 0.679 0 0.06799999999999995
0 1.00275 0.639 0 0.14800000000000002
0 1.0635 0.685 0.050999999999999934 0
0 1.2195 0.685 0.10099999999999998 0
0 0.164 0.17099999999999999 0 0.05400000000000002
0 0.164 0.42100000000000004 0 0.05199999999999999
0 0.164 0.546 0 0.05399999999999994
0 0.204 0.3085 0 0.11699999999999999
0 0.244 0.4535 0 0.061
0 0.284 0.232 0 0.21400000000000002
0 0.284 0.5675 0 0.291
0 0.324 0.1825 0 0.10699999999999998
0 0.324 0.2995 0 0.044999999999999984
0 0.324 0.548 0 0.32999999999999996
0 0.364 0.471 0 0.062
0 0.444 0.46399999999999997 0 0.04799999999999999
0 0.484 0.471 0 0.062
0 0.564 0.4585 0 0.046999999999999986
0 0.604 0.46950000000000003 0 0.065
0 0.644 0.575 0 0.27599999999999997
0 0.684 0.47350000000000003 0 0.067
0 0.684 0.5965 0 0.11299999999999999
0 0.724 0.4675 0 0.04899999999999999
0 0.764 0.3365 0 0.069
0 0.764 0.5880000000000001 0 0.136
0 0.844 0.151 0 0.05199999999999999
0 0.844 0.2415 0 0.05500000000000002
0 0.844 0.667 0 0.09199999999999997
0 0.884 0.344 0 0.04199999999999998
0 0.884 0.5085 0 0.12299999999999994
0 0.884 0.667 0 0.09199999999999997
0 0.924 0.351 0 0.055999999999999994
0 0.924 0.49050000000000005 0 0.08900000000000002
0 0.924 0.597 0 0.06000000000000005
0 0.964 0.23 0 0.09600000000000003
0 0.964 0.347 0 0.07200000000000001
0 0.964 0.6385000000000001 0 0.07500000000000007
0 1.004 0.2325 0 0.195
0 1.004 0.47 0 0.04799999999999999
0 1.044 0.5795 0 0.26699999999999996
0 1.084 0.6539999999999999 0 0.118
0 1.124 0.22 0 0.03999999999999998
0 1.164 0.546 0 0.07199999999999995
0 1.204 0.2695 0 0.11100000000000002
0 1.204 0.512 0 0.12599999999999995
0 1.244 0.23199999999999998 0 0.048000000000000015
0 1.244 0.5305 0 0.04500000000000004
0 1.244 0.6855 0 0.05499999999999994
1 0.9445 0.225 0.04011234224026316 0.05
1 0.84825 0.2895 0.03310966626228661 0.05
1 0.2045625 0.357 0.03201976928399079 0.05
1 0.7925 0.525 0.039 0.05
1 0.7055 0.545 0.04011234224026316 0.05
1 0.902 0.585 0.0417612260356422 0.05
1 0.324 0.2565 0.041 0.05
1 0.844 0.1955 0.037 0.05
1 0.904 0.64 0.04044749683231337 0.05
3 0.3805 0.272 0.5930000000000001 0.294
3 0.9735 0.272 0.593 0.294
3 0.3805 0.566 0.5930000000000001 0.294
3 0.9735 0.566 0.593 0.294