0 0.65575 0.264 0 0.06799999999999998
0 0.095 0.27 0.07800000000000001 0
0 0.367 0.27 0.246 0
0 0.334 0.32 0 0.04200000000000004
0 0.73775 0.3105 0 0.04700000000000004
0 0.077 0.39 0.044000000000000004 0
0 0.096375 0.5085 0 0.07700000000000007
0 0.10275 0.6545000000000001 0 0.049000000000000044
0 0.45975 0.6705 0 0.08899999999999997
0 0.6205 0.71 0.051000000000000045 0
0 0.41500000000000004 0.75 0.043999999999999984 0
0 0.46 0.77 0 0.040000000000000036
0 0.4255 0.79 0.065 0
0 0.634 0.79 0.07400000000000007 0
0 0.6145 0.855 0 0.08999999999999997
0 0.09825 0.903 0 0.06600000000000006
0 0.302 0.91 0.13799999999999998 0
0 0.377125 0.9784999999999999 0 0.05699999999999994
0 0.417 1.0150000000000001 0 0.13000000000000012
0 0.69075 0.985 0 0.07000000000000006
0 0.215875 1.022 0 0.1160000000000001
0 0.329 1.0550000000000002 0 0.050000000000000044
0 0.582 1.0550000000000002 0 0.050000000000000044
0 0.654375 1.021 0 0.040000000000000036
0 0.8009999999999999 1.03 0.04799999999999993 0
0 0.269 1.07 0.428 0
0 0.175 0.27349999999999997 0 0.05299999999999999
0 0.215 0.27149999999999996 0 0.04899999999999999
0 0.215 0.909 0 0.050000000000000044
0 0.255 0.984 0 0.19200000000000006
0 0.295 0.274 0 0.05399999999999999
0 0.335 0.9135 0 0.041000000000000036
0 0.375 0.27349999999999997 0 0.05299999999999999
0 0.415 0.27349999999999997 0 0.05299999999999999
0 0.415 0.7105 0 0.17100000000000004
0 0.535 1.049 0 0.062000000000000055
0 0.615 0.69 0 0.04999999999999993
0 0.775 0.27149999999999996 0 0.05299999999999999
0 0.815 0.9115 0 0.04300000000000004
0 0.815 1.046 0 0.06800000000000006
1 0.3145 0.294 0.03905124837953327 0.05
1 0.756375 0.2895 0.03884021755860798 0.05
1 0.459875 0.7325 0.035000892845754666 0.05
1 0.6725625 1.0105 0.04103828243238257 0.05
1 0.2154375 0.982 0.030012757704016468 0.05
3 0.2475 0.4425 0.385 0.42500000000000004
3 0.6325 0.4425 0.38499999999999995 0.42500000000000004
3 0.2475 0.8675 0.385 0.42500000000000004
3 0.6325 0.8675 0.38499999999999995 0.42500000000000004