0 0.955 0.4755 0 0.475
0 1.92 0.44799999999999995 0 0.484
0 1.9 1.0485 0 0.7229999999999999
0 1.92 0.9299999999999999 0 0.2739999999999999
0 0.9724999999999999 1.485 0.051000000000000045 0
0 1.101 1.485 0.053999999999999826 0
0 0.957 1.4620000000000002 0 0.07400000000000007
2 1.92 0.327 0.035 0.05
2 1.92 0.448 0.035 0.05
2 1.92 0.569 0.035 0.05
3 1.19025 0.52925 0.48650000000000004 0.6465000000000001
3 1.67675 0.52925 0.48649999999999993 0.6465000000000001
3 1.19025 1.17575 0.48650000000000004 0.6465000000000001
3 1.67675 1.17575 0.48649999999999993 0.6465000000000001