0 0.401 0.44 0.458 0
0 0.63 0.3865 0 0.31900000000000006
0 0.752 0.253 0.22799999999999998 0
0 0.753 0.277 0.19799999999999995 0
0 0.76 0.325 0.21199999999999997 0
0 0.146 0.461 0.072 0
0 0.526 0.597 0.07999999999999996 0
0 0.7090000000000001 0.629 0.06599999999999995 0
0 0.56 0.645 0.07599999999999996 0
0 0.299 0.685 0.154 0
0 0.511 0.693 0.05400000000000005 0
0 0.5780000000000001 0.693 0.05999999999999994 0
0 0.475 0.741 0.538 0
0 0.201 0.765 0.098 0
0 0.528 0.805 0.28 0
0 0.7749999999999999 0.805 0.08199999999999996 0
0 0.161 0.813 0.126 0
0 0.061 0.263 0 0.11800000000000002
0 0.069 0.624 0 0.1399999999999999
0 0.093 0.301 0 0.118
0 0.093 0.7909999999999999 0 0.05799999999999994
0 0.109 0.32199999999999995 0 0.07600000000000001
0 0.221 0.7190000000000001 0 0.06999999999999995
0 0.301 0.7190000000000001 0 0.06999999999999995
0 0.373 0.7190000000000001 0 0.06999999999999995
0 0.573 0.7070000000000001 0 0.05799999999999994
0 0.581 0.659 0 0.06599999999999995
0 0.629 0.403 0 0.13799999999999996
0 0.653 0.29900000000000004 0 0.08200000000000002
0 0.653 0.595 0 0.08199999999999996
0 0.677 0.593 0 0.08199999999999996
0 0.717 0.581 0 0.05799999999999994
0 0.741 0.5980000000000001 0 0.09199999999999997
0 0.741 0.7509999999999999 0 0.126
0 0.757 0.29900000000000004 0 0.08200000000000002
0 0.861 0.312 0 0.164
0 0.861 0.633 0 0.1459999999999999
1 0.741 0.666 0.044 0.05
2 0.2865 0.44 0.035 0.05
2 0.401 0.44 0.035 0.05
2 0.5155 0.44 0.035 0.05
2 0.63 0.3333333333333333 0.035 0.05
2 0.63 0.43966666666666665 0.035 0.05
3 0.26225 0.358 0.4025 0.30800000000000005
3 0.66475 0.358 0.40249999999999997 0.30800000000000005
3 0.26225 0.6659999999999999 0.4025 0.30799999999999994
3 0.66475 0.6659999999999999 0.40249999999999997 0.30799999999999994