0 1.0845 0.24 0.2650000000000001 0
0 0.49949999999999994 0.29 0.16899999999999998 0
0 1.0895000000000001 0.445 0.2590000000000001 0
0 0.1915 0.56 0.11499999999999999 0
0 0.9695 0.71 0.2330000000000001 0
0 0.135 0.47050000000000003 0 0.15900000000000003
0 0.2935 0.197 0.05299999999999999 0
0 1.097 0.245 0.09799999999999986 0
0 0.46399999999999997 0.445 0.09400000000000003 0
0 0.575 0.445 0.09399999999999997 0
0 0.726 0.445 0.10999999999999999 0
0 0.86 0.445 0.062000000000000055 0
0 0.3335 0.453 0.133 0
0 0.5905 0.453 0.06299999999999994 0
0 1.146 0.453 0.09400000000000008 0
0 1.17 0.469 0.1100000000000001 0
2 1.0845 0.24 0.035 0.05
3 0.40675 0.32525000000000004 0.5455 0.2565
3 0.95225 0.32525000000000004 0.5455000000000001 0.2565
3 0.40675 0.58175 0.5455 0.25649999999999995
3 0.95225 0.58175 0.5455000000000001 0.25649999999999995