0 0.73875 0.324 0 0.45400000000000007
0 0.48650000000000004 0.137 0.613 0
0 0.8205 0.1365 0 0.07899999999999999
0 0.8899999999999999 0.137 0.09799999999999998 0
0 0.06425 0.324 0 0.45400000000000007
0 0.20750000000000002 0.177 0.04500000000000001 0
0 0.201 0.217 0.048000000000000015 0
0 0.261125 0.233 0 0.07600000000000001
0 0.42425 0.25 0 0.06599999999999998
0 0.49550000000000005 0.217 0.056999999999999995 0
0 0.7175 0.217 0.049000000000000044 0
0 0.188 0.257 0.09000000000000002 0
0 0.5485 0.257 0.16899999999999998 0
0 0.718 0.257 0.050000000000000044 0
0 0.7838125 0.314 0 0.11399999999999999
0 0.872 0.257 0.04200000000000004 0
0 0.18 0.297 0.236 0
0 0.46325 0.28800000000000003 0 0.045999999999999985
0 0.675 0.297 0.10599999999999998 0
0 0.143 0.3805 0 0.133
0 0.20750000000000002 0.337 0.04500000000000001 0
0 0.35450000000000004 0.337 0.04899999999999999 0
0 0.5785 0.337 0.10699999999999998 0
0 0.7244999999999999 0.337 0.07100000000000006 0
0 0.21000000000000002 0.377 0.04400000000000001 0
0 0.8254999999999999 0.377 0.22699999999999998 0
0 0.109 0.4165 0 0.044999999999999984
0 0.198 0.417 0.1 0
0 0.35550000000000004 0.417 0.05499999999999999 0
0 0.89675 0.4375 0 0.041000000000000036
0 0.5475 0.457 0.08099999999999996 0
0 0.756 0.457 0.09600000000000009 0
0 0.909 0.457 0.05999999999999994 0
0 0.1925 0.497 0.08100000000000002 0
0 0.5565 0.497 0.09299999999999997 0
0 0.781875 0.478 0 0.07200000000000001
0 0.892 0.497 0.04200000000000004 0
0 0.14750000000000002 0.537 0.171 0
0 0.6635 0.537 0.22499999999999998 0
0 0.102 0.28 0 0.03999999999999998
0 0.182 0.2735 0 0.11100000000000002
0 0.182 0.456 0 0.19000000000000006
0 0.222 0.3255 0 0.45100000000000007
0 0.262 0.139 0 0.06400000000000002
0 0.342 0.144 0 0.082
0 0.342 0.35950000000000004 0 0.09100000000000003
0 0.382 0.136 0 0.07
0 0.382 0.40249999999999997 0 0.046999999999999986
0 0.422 0.14 0 0.086
0 0.502 0.1255 0 0.040999999999999995
0 0.542 0.246 0 0.048000000000000015
0 0.542 0.48750000000000004 0 0.067
0 0.582 0.132 0 0.07
0 0.582 0.248 0 0.048000000000000015
0 0.582 0.498 0 0.10600000000000004
0 0.622 0.133 0 0.07200000000000001
0 0.622 0.2715 0 0.093
0 0.662 0.127 0 0.048
0 0.702 0.141 0 0.074
0 0.702 0.296 0 0.156
0 0.702 0.5075000000000001 0 0.08700000000000002
0 0.862 0.2485 0 0.08099999999999999
0 0.902 0.293 0 0.17200000000000001
1 0.44375 0.274 0.04295346318982906 0.05
1 0.423125 0.19 0.0340743671988197 0.05
1 0.6275 0.277 0.041484937025383084 0.05
1 0.1225 0.3535 0.043324358044868935 0.05
1 0.899375 0.3325 0.038360950196782144 0.05
1 0.702 0.198 0.04 0.05
3 0.28125 0.21050000000000002 0.43849999999999995 0.227
3 0.7197499999999999 0.21050000000000002 0.4385 0.227
3 0.28125 0.4375 0.43849999999999995 0.22700000000000004
3 0.7197499999999999 0.4375 0.4385 0.22700000000000004