0 0.34850000000000003 0.36 0.10100000000000003 0
0 0.757 0.33999999999999997 0 0.03999999999999998
0 0.83675 0.33999999999999997 0 0.03999999999999998
0 0.9923125 0.37 0 0.08599999999999997
0 1.062 0.36 0.04400000000000004 0
0 1.111 0.375 0 0.10999999999999999
0 1.498 0.36 0.09600000000000009 0
0 0.2015 0.4 0.101 0
0 1.031 0.4 0.06799999999999995 0
0 1.4769999999999999 0.4 0.05999999999999983 0
0 2.2125000000000004 0.4 0.04700000000000015 0
0 0.195 0.44 0.086 0
0 0.7335 0.44 0.08900000000000008 0
0 1.4975 0.44 0.10099999999999998 0
0 1.83125 0.48050000000000004 0 0.08900000000000002
0 1.9905 0.472 0 0.10000000000000003
0 2.191 0.44 0.052000000000000046 0
0 1.499 0.48 0.09800000000000009 0
0 1.8685 0.48 0.09899999999999998 0
0 0.313 0.52 0.32399999999999995 0
0 1.0465 0.52 0.8610000000000001 0
0 1.604 0.52 0.18600000000000017 0
0 2.0125 0.52 0.5150000000000001 0
0 0.181 0.56 0.06 0
0 0.35 0.56 0.198 0
0 0.724 0.56 0.09799999999999998 0
0 1.291 0.56 0.04200000000000004 0
0 1.35025 0.5920000000000001 0 0.16000000000000003
0 1.3855 0.536 0 0.04800000000000004
0 1.58925 0.625 0 0.1299999999999999
0 0.151 0.607 0 0.19999999999999996
0 0.273 0.6034999999999999 0 0.041000000000000036
0 0.40449999999999997 0.6 0.11300000000000004 0
0 0.7070000000000001 0.6 0.06399999999999995 0
0 0.41400000000000003 0.64 0.10400000000000004 0
0 1.3105 0.64 0.08099999999999996 0
0 0.382 0.68 0.040000000000000036 0
0 0.4315 0.755 0 0.21199999999999997
0 1.287 0.68 0.04400000000000004 0
0 0.19375 0.7195 0 0.041000000000000036
0 0.384 0.72 0.04400000000000004 0
0 1.286 0.72 0.04200000000000004 0
0 1.58925 0.743 0 0.04600000000000004
0 0.4105 0.76 0.09700000000000003 0
0 1.2930000000000001 0.76 0.04200000000000004 0
0 1.609 0.76 0.04400000000000004 0
0 0.4115 0.8 0.10300000000000004 0
0 1.294 0.8 0.04400000000000004 0
0 1.43225 0.8235 0 0.08899999999999997
0 2.231 0.8095 0 0.09299999999999997
0 0.46925 0.9275 0 0.17499999999999993
0 1.294 0.84 0.040000000000000036 0
0 0.63025 0.9450000000000001 0 0.13
0 1.2925 0.88 0.040999999999999925 0
0 0.432 0.92 0.14 0
0 0.384 0.96 0.04400000000000004 0
0 1.349 0.9814999999999999 0 0.04299999999999993
0 1.479 0.983 0 0.04600000000000004
0 2.061 0.96 0.4179999999999999 0
0 1.109 1 0.7400000000000001 0
0 0.677 1.16 0.398 0
0 0.511 1.722 0 0.18599999999999994
0 0.472 1.676 0 0.278
0 0.151 0.39449999999999996 0 0.05499999999999999
0 0.191 0.4235 0 0.07500000000000001
0 0.191 0.528 0 0.04200000000000004
0 0.231 0.4235 0 0.07500000000000001
0 0.231 0.531 0 0.04800000000000004
0 0.231 0.7444999999999999 0 0.08700000000000008
0 0.271 1.3325 0 0.401
0 0.311 0.357 0 0.07400000000000001
0 0.351 0.356 0 0.07200000000000001
0 0.351 0.575 0 0.122
0 0.391 0.34650000000000003 0 0.05299999999999999
0 0.391 0.7655 0 0.5029999999999999
0 0.431 0.5700000000000001 0 0.11199999999999999
0 0.431 0.992 0 0.04599999999999993
0 0.471 0.35950000000000004 0 0.07900000000000001
0 0.511 0.96 0 0.10599999999999987
0 0.551 0.9575 0 0.10099999999999998
0 0.591 0.9585 0 0.10299999999999998
0 0.671 0.9575 0 0.10099999999999998
0 0.711 0.5589999999999999 0 0.07999999999999996
0 0.711 0.9794999999999999 0 0.05499999999999994
0 0.751 0.556 0 0.07399999999999995
0 0.751 0.9884999999999999 0 0.04499999999999993
0 0.791 0.986 0 0.040000000000000036
0 0.831 0.987 0 0.04200000000000004
0 0.871 0.988 0 0.04400000000000004
0 0.951 0.9864999999999999 0 0.040999999999999925
0 1.031 0.986 0 0.040000000000000036
0 1.071 0.985 0 0.04200000000000004
0 1.191 0.503 0 0.04400000000000004
0 1.271 0.5740000000000001 0 0.124
0 1.311 0.7035 0 0.383
0 1.471 0.4165 0 0.193
0 1.511 0.42600000000000005 0 0.21200000000000002
0 1.551 0.504 0 0.06000000000000005
0 1.591 0.493 0 0.04400000000000004
0 1.871 0.7404999999999999 0 0.5249999999999999
0 1.911 0.42100000000000004 0 0.202
0 1.911 0.9764999999999999 0 0.052999999999999936
0 1.951 0.9754999999999999 0 0.050999999999999934
0 1.991 0.9764999999999999 0 0.052999999999999936
0 2.031 0.35850000000000004 0 0.04899999999999999
0 2.031 0.976 0 0.04800000000000004
0 2.071 0.9764999999999999 0 0.052999999999999936
0 2.111 0.9764999999999999 0 0.052999999999999936
0 2.151 0.979 0 0.05400000000000005
0 2.191 0.42800000000000005 0 0.066
0 2.191 0.98 0 0.08000000000000007
0 2.231 0.4165 0 0.05099999999999999
0 2.231 0.9774999999999999 0 0.050999999999999934
1 1.494 0.52 0.034 0.05
1 0.231 0.56 0.04 0.05
1 1.58925 0.705 0.03 0.05
1 0.172375 0.703 0.043492096983245125 0.05
1 0.450375 0.8505 0.04319794555300055 0.05
3 0.68075 0.69375 1.0594999999999999 0.7474999999999998
3 1.74025 0.69375 1.0595 0.7474999999999998
3 0.68075 1.44125 1.0594999999999999 0.7475
3 1.74025 1.44125 1.0595 0.7475