0 0.31475 0.16 0 0.055999999999999994
0 0.03725 0.1935 0 0.04300000000000001
0 0.35725 0.1935 0 0.04300000000000001
0 0.4 0.195 0 0.04600000000000001
0 0.16099999999999998 0.212 0.252 0
0 0.43100000000000005 0.212 0.188 0
0 0.275875 0.38349999999999995 0 0.059
0 0.078375 0.42000000000000004 0 0.05399999999999999
0 0.275125 0.47950000000000004 0 0.063
0 0.439625 0.438 0 0.04400000000000004
0 0.064 0.492 0.057999999999999996 0
0 0.063 0.532 0.04599999999999999 0
0 0.3163125 0.639 0 0.134
0 0.476625 0.5965 0 0.049000000000000044
0 0.067 0.612 0.060000000000000005 0
0 0.233875 0.611 0 0.06400000000000006
0 0.29400000000000004 0.612 0.07200000000000001 0
0 0.4195 0.612 0.11299999999999999 0
0 0.1585 0.6875 0 0.07099999999999995
0 0.3055 0.652 0.139 0
0 0.1185 0.6605 0 0.07099999999999995
0 0.36250000000000004 0.692 0.325 0
0 0.402 0.732 0.045999999999999985 0
0 0.235 0.369 0 0.04600000000000004
0 0.275 0.6775 0 0.052999999999999936
0 0.355 0.6655 0 0.05899999999999994
0 0.395 0.61 0 0.06400000000000006
0 0.435 0.201 0 0.04000000000000001
0 0.475 0.16999999999999998 0 0.07599999999999998
0 0.515 0.5569999999999999 0 0.04399999999999993
0 0.515 0.6739999999999999 0 0.041999999999999926
1 0.2755 0.4305 0.03500803479203025 0.05
1 0.4958125 0.578 0.03900821227639124 0.05
1 0.2544375 0.647 0.041895890311580676 0.05
1 0.3465 0.612 0.033 0.05
3 0.15750000000000003 0.28200000000000003 0.24500000000000002 0.3
3 0.4025 0.28200000000000003 0.245 0.3
3 0.15750000000000003 0.582 0.24500000000000002 0.3
3 0.4025 0.582 0.245 0.3