0 0.9925 0.105 0.16300000000000003 0
0 0.261 0.397 0 0.066
0 0.261 0.6375 0 0.06500000000000006
0 0.269 0.09 0 0.062
0 0.269 0.32499999999999996 0 0.05199999999999999
0 1.125 0.0805 0 0.08499999999999999
0 1.133 0.628 0 0.09200000000000008
0 1.141 0.6445000000000001 0 0.05900000000000005
3 0.481 0.19699999999999998 0.43999999999999995 0.318
3 0.921 0.19699999999999998 0.44000000000000006 0.318
3 0.481 0.515 0.43999999999999995 0.31800000000000006
3 0.921 0.515 0.44000000000000006 0.31800000000000006