0 1.678 0.261 0 0.226
0 0.7115 0.188 0.07899999999999996 0
0 1.6075 0.188 0.2689999999999999 0
0 0.721 0.2245 0 0.05499999999999999
0 0.7185 0.268 0.09299999999999997 0
0 1.560875 0.249 0 0.08199999999999999
0 1.7609375 0.3295 0 0.123
0 0.6445000000000001 0.308 0.245 0
0 0.9105 0.308 0.131 0
0 1.3675 0.33399999999999996 0 0.05199999999999999
0 1.5805 0.308 0.11299999999999999 0
0 1.721984375 0.371 0 0.19
0 0.6779999999999999 0.348 0.05999999999999994 0
0 0.47975 0.387 0 0.068
0 0.71825 0.36550000000000005 0 0.044999999999999984
0 1.042125 0.4125 0 0.07700000000000001
0 1.32525 0.39749999999999996 0 0.065
0 1.4075 0.388 0.051000000000000156 0
0 1.679125 0.457 0 0.138
0 1.748 0.388 0.05600000000000005 0
0 0.2895 0.4505 0 0.044999999999999984
0 0.5525 0.428 0.06499999999999995 0
0 1.3135 0.428 0.05300000000000016 0
0 1.4144999999999999 0.428 0.06500000000000017 0
0 1.772 0.428 0.12199999999999989 0
0 0.84275 0.499 0 0.062
0 1.302 0.468 0.10400000000000009 0
0 1.4426875 0.457 0 0.18400000000000005
0 1.7575 0.4445 0 0.04700000000000004
0 0.18 0.508 0.11599999999999999 0
0 0.5255000000000001 0.508 0.06500000000000006 0
0 0.92425 0.53 0 0.04400000000000004
0 0.4045 0.5655 0 0.119
0 0.522375 0.579 0 0.08999999999999997
0 0.72425 0.5685 0 0.040999999999999925
0 0.760625 0.5525 0 0.05699999999999994
0 0.8255 0.548 0.08299999999999996 0
0 1.561 0.548 0.3839999999999999 0
0 0.34349999999999997 0.588 0.44299999999999995 0
0 0.758 0.588 0.19999999999999996 0
0 1.364875 0.5775 0 0.05499999999999994
0 0.2055 0.628 0.061 0
0 0.324 0.6705 0 0.08499999999999996
0 0.41500000000000004 0.628 0.07400000000000001 0
0 0.764 0.628 0.19199999999999995 0
0 0.92375 0.605 0 0.04600000000000004
0 1.52425 0.6555 0 0.05500000000000005
0 1.601 0.6205 0 0.051000000000000045
0 1.721 0.615 0 0.040000000000000036
0 0.3195 0.668 0.10099999999999998 0
0 0.4625 0.668 0.10700000000000004 0
0 0.761625 0.6595 0 0.06699999999999995
0 0.92375 0.6950000000000001 0 0.05399999999999994
0 1.639 0.668 0.06800000000000006 0
0 0.123875 0.7204999999999999 0 0.051000000000000045
0 0.21000000000000002 0.708 0.04400000000000001 0
0 0.42100000000000004 0.708 0.08400000000000002 0
0 0.5835 0.708 0.04299999999999993 0
0 0.21100000000000002 0.748 0.04200000000000001 0
0 0.40325 0.768 0 0.14
0 0.46499999999999997 0.748 0.04999999999999999 0
0 0.6605 0.748 0.06499999999999995 0
0 1.6320000000000001 0.748 0.06600000000000006 0
0 0.3105 0.788 0.29100000000000004 0
0 0.669 0.788 0.11399999999999999 0
0 0.92375 0.8085 0 0.05899999999999994
0 1.355 0.788 0.05799999999999983 0
0 1.5165 0.813 0 0.04999999999999993
0 1.7575 0.813 0 0.04999999999999993
0 1.01 0.828 1.646 0
0 0.202 0.6725 0 0.33099999999999996
0 0.242 0.5965 0 0.06700000000000006
0 0.242 0.794 0 0.08799999999999997
0 0.282 0.5529999999999999 0 0.05399999999999994
0 0.282 0.792 0 0.09199999999999997
0 0.322 0.8075 0 0.06099999999999994
0 0.362 0.8075 0 0.06099999999999994
0 0.402 0.444 0 0.04600000000000004
0 0.442 0.7015 0 0.273
0 0.482 0.5640000000000001 0 0.04799999999999993
0 0.482 0.692 0 0.07999999999999996
0 0.522 0.403 0 0.09600000000000003
0 0.562 0.504 0 0.15799999999999997
0 0.562 0.6355 0 0.041000000000000036
0 0.602 0.3275 0 0.04899999999999999
0 0.602 0.667 0 0.06399999999999995
0 0.642 0.326 0 0.09799999999999998
0 0.682 0.548 0 0.04799999999999993
0 0.682 0.6395 0 0.041000000000000036
0 0.682 0.7905 0 0.09499999999999997
0 0.802 0.5760000000000001 0 0.10399999999999998
0 0.842 0.7015 0 0.273
0 0.882 0.8089999999999999 0 0.05799999999999994
0 1.362 0.4575 0 0.046999999999999986
0 1.362 0.8085 0 0.05899999999999994
0 1.562 0.8135 0 0.04899999999999993
0 1.602 0.3275 0 0.08900000000000002
0 1.642 0.35350000000000004 0 0.05099999999999999
0 1.642 0.725 0 0.04800000000000004
0 1.802 0.817 0 0.041999999999999926
1 1.5814375 0.2865 0.04171649104371076 0.05
1 1.75921875 0.406 0.030196297889807617 0.05
1 1.346375 0.3625 0.04254482929804749 0.05
1 1.343625 0.432 0.0369670461357139 0.05
1 1.6605625 0.427 0.0382003354042867 0.05
1 0.822375 0.527 0.04118934935150105 0.05
1 0.924 0.567 0.030004166377354993 0.05
1 0.40325 0.523 0.039080046059338264 0.05
1 0.5421875 0.6195 0.040634229720766205 0.05
1 0.3605 0.648 0.040792156108742275 0.05
1 0.92375 0.648 0.04 0.05
1 0.7818125 0.6085 0.04042450525362061 0.05
1 0.3275 0.768 0.04308131845707603 0.05
1 0.262 0.578 0.04346262762420146 0.05
3 0.54975 0.3205 0.8555 0.345
3 1.40525 0.3205 0.8554999999999999 0.345
3 0.54975 0.6655 0.8555 0.345
3 1.40525 0.6655 0.8554999999999999 0.345