0 0.31 0.228 0.17200000000000001 0
0 0.860625 0.521 0 0.186
0 0.4375 0.468 0.08099999999999996 0
0 0.714 0.468 0.07599999999999996 0
0 0.784875 0.48350000000000004 0 0.05499999999999999
0 0.822 0.47850000000000004 0 0.08700000000000002
0 0.7415 0.508 0.131 0
0 0.6585 0.581 0 0.06599999999999995
0 0.7020625 0.5700000000000001 0 0.08799999999999997
0 0.74 0.581 0 0.06599999999999995
0 0.877 0.548 0.07600000000000007 0
0 0.20700000000000002 0.588 0.14800000000000002 0
0 0.3935 0.588 0.11099999999999999 0
0 0.5585 0.588 0.08699999999999997 0
0 0.8225 0.587 0 0.05399999999999994
0 0.381 0.587 0 0.05399999999999994
0 0.421 0.262 0 0.04199999999999998
0 0.421 0.589 0 0.050000000000000044
0 0.501 0.589 0 0.050000000000000044
0 0.741 0.48550000000000004 0 0.05499999999999999
0 0.781 0.267 0 0.318
0 0.781 0.587 0 0.05399999999999994
0 0.901 0.5355 0 0.15699999999999997
1 0.7829375 0.3095 0.030249225196688923 0.05
1 0.82225 0.541 0.03800328933131973 0.05
1 0.72153125 0.536 0.04105032163394095 0.05
3 0.3285 0.2345 0.391 0.253
3 0.7195 0.2345 0.391 0.253
3 0.3285 0.4875 0.391 0.253
3 0.7195 0.4875 0.391 0.253