0 0.2435 0.82 0.265 0
0 0.3135 0.99 0.125 0
0 0.135 0.911 0 0.18600000000000005
0 0.38 0.9305 0 0.2270000000000001
0 0.37 1.462 0 0.1120000000000001
0 0.44 0.312 0 0.10799999999999998
0 0.555 0.997 0 0.1519999999999999
0 0.23 0.349 0.308 0
0 0.4485 0.349 0.07500000000000001 0
0 0.631 0.349 0.06800000000000006 0
0 0.7070000000000001 0.349 0.07399999999999995 0
0 0.712 0.373 0.06599999999999995 0
0 0.11099999999999999 0.389 0.059999999999999984 0
0 0.718 0.661 0.052000000000000046 0
0 0.7175 0.701 0.051000000000000045 0
0 0.706 0.725 0.07399999999999995 0
0 0.526 0.821 0.06400000000000006 0
0 0.5925 0.925 0.09899999999999998 0
0 0.1475 1.045 0.06499999999999999 0
0 0.347 1.053 0.09400000000000003 0
0 0.33599999999999997 1.061 0.07200000000000001 0
0 0.685 1.253 0.122 0
0 0.6735 1.277 0.08699999999999997 0
0 0.679 1.317 0.07399999999999995 0
0 0.47400000000000003 1.341 0.16800000000000004 0
0 0.28 1.413 0.05199999999999999 0
0 0.6905 1.413 0.050999999999999934 0
0 0.575 1.421 0.06799999999999995 0
0 0.093 0.385 0 0.132
0 0.101 0.3745 0 0.06899999999999995
0 0.101 1.3439999999999999 0 0.06600000000000006
0 0.253 0.9065 0 0.15500000000000003
0 0.253 1.022 0 0.06599999999999995
0 0.373 0.8775 0 0.07300000000000006
0 0.373 1.0205 0 0.06700000000000006
0 0.397 1.3005 0 0.10299999999999998
0 0.485 0.716 0 0.21599999999999997
0 0.541 1.3325 0 0.17099999999999982
0 0.565 1.2189999999999999 0 0.05400000000000005
0 0.573 1.3719999999999999 0 0.15800000000000014
0 0.581 1.42 0 0.08200000000000007
0 0.637 1.2865 0 0.06700000000000017
0 0.653 0.8089999999999999 0 0.07199999999999995
0 0.661 0.7105 0 0.052999999999999936
0 0.701 1.392 0 0.13800000000000012
0 0.709 0.8095 0 0.06699999999999995
0 0.717 0.391 0 0.08400000000000002
0 0.717 1.1185 0 0.07899999999999996
0 0.725 0.665 0 0.06399999999999995
0 0.725 1.343 0 0.238
0 0.733 0.7869999999999999 0 0.06999999999999995
0 0.733 1.3155000000000001 0 0.09899999999999998
0 0.741 0.39049999999999996 0 0.065
0 0.741 0.9245 0 0.05899999999999994
0 0.741 1.3325 0 0.06700000000000017
0 0.741 1.4100000000000001 0 0.08200000000000007
1 0.3975 0.349 0.027 0.05
1 0.672 0.361 0.02778488797889961 0.05
1 0.657 0.7645 0.03687817782917155 0.05
2 0.38 0.9305 0.035 0.05
3 0.2435 0.573 0.33499999999999996 0.63
3 0.5785 0.573 0.335 0.63
3 0.2435 1.203 0.33499999999999996 0.63
3 0.5785 1.203 0.335 0.63