0 2.003 0.75 0.3919999999999999 0
0 1.537 0.83 0.13400000000000012 0
0 1.436 1.16 0.43399999999999994 0
0 1.4725000000000001 1.195 0.21699999999999986 0
0 1.4215 1.505 0.345 0
0 1.5045000000000002 1.74 0.32099999999999995 0
0 1.9765000000000001 1.74 0.41500000000000026 0
0 1.7845 1.765 0.2509999999999999 0
0 2.114 1.765 0.20199999999999996 0
0 0.98 0.5640000000000001 0 0.10199999999999998
0 1.13 1.1155 0 0.34299999999999997
0 1.155 1.59 0 0.242
0 1.365 0.991 0 0.10200000000000009
0 1.44 1.613 0 0.2240000000000002
0 1.49 1.55 0 0.10599999999999987
0 1.67 1.6145 0 0.2270000000000001
0 1.82 1.278 0 0.18199999999999994
0 2.03 1.264 0 0.1379999999999999
0 2.245 1.1415 0 0.5089999999999999
0 2.245 1.5925 0 0.18900000000000006
0 1.4175 1.509 0.05500000000000016 0
0 1.125 1.7389999999999999 0 0.062000000000000055
0 1.429 1.734 0 0.053999999999999826
1 1.662 1.7525 0.02570992026436488 0.05
1 1.14 1.7095 0.03014962686336267 0.05
2 1.364 1.505 0.035 0.05
2 1.479 1.505 0.035 0.05
2 1.9073333333333333 1.74 0.035 0.05
2 2.0456666666666665 1.74 0.035 0.05
2 1.155 1.59 0.035 0.05
2 1.44 1.613 0.035 0.05
2 2.245 1.01425 0.035 0.05
2 2.245 1.1415 0.035 0.05
2 2.245 1.26875 0.035 0.05
2 2.245 1.5925 0.035 0.05
3 1.2962500000000001 0.82725 0.6325000000000001 0.6285
3 1.92875 0.82725 0.6325000000000001 0.6285
3 1.2962500000000001 1.45575 0.6325000000000001 0.6285000000000001
3 1.92875 1.45575 0.6325000000000001 0.6285000000000001