0 0.20725 0.135 0 0.112
0 0.24525 0.10600000000000001 0 0.05
0 0.4415 0.19699999999999998 0 0.188
0 0.5665 0.186 0 0.068
0 0.5995 0.192 0.127 0
0 0.525 0.3105 0 0.157
0 0.198 0.3265 0 0.10899999999999999
0 0.33999999999999997 0.272 0.057999999999999996 0
0 0.554 0.312 0.128 0
0 0.37175 0.38249999999999995 0 0.061
0 0.35350000000000004 0.392 0.07700000000000001 0
0 0.364 0.27249999999999996 0 0.065
0 0.604 0.195 0 0.06
0 0.644 0.189 0 0.04799999999999999
1 0.54575 0.226 0.043200115740585694 0.05
3 0.31425000000000003 0.1625 0.23249999999999998 0.16699999999999998
3 0.5467500000000001 0.1625 0.23250000000000004 0.16699999999999998
3 0.31425000000000003 0.3295 0.23249999999999998 0.16699999999999998
3 0.5467500000000001 0.3295 0.23250000000000004 0.16699999999999998