0 0.17049999999999998 0.129 0.049000000000000016 0
0 0.2376875 0.2155 0 0.173
0 0.275625 0.164 0 0.07
0 0.315 0.16799999999999998 0 0.07799999999999999
0 0.29200000000000004 0.169 0.508 0
0 0.2285 0.249 0.063 0
0 0.2795625 0.27249999999999996 0 0.07300000000000001
0 0.15675 0.3375 0 0.07700000000000001
0 0.51775 0.39549999999999996 0 0.22500000000000003
0 0.355 0.369 0.09400000000000003 0
0 0.12525 0.4255 0 0.046999999999999986
0 0.2395 0.4615 0 0.09300000000000003
0 0.3265 0.449 0.067 0
0 0.291 0.489 0.154 0
0 0.118 0.32499999999999996 0 0.05199999999999999
0 0.198 0.1885 0 0.19899999999999998
0 0.198 0.378 0 0.07799999999999996
0 0.318 0.42300000000000004 0 0.045999999999999985
0 0.398 0.33699999999999997 0 0.11000000000000004
1 0.27759375 0.2175 0.03720892240108547 0.05
1 0.141 0.389 0.040844216236818644 0.05
1 0.177375 0.2325 0.042691480414715065 0.05
1 0.21875 0.4235 0.041548164821084456 0.05
3 0.16499999999999998 0.19374999999999998 0.254 0.2095
3 0.41900000000000004 0.19374999999999998 0.25400000000000006 0.2095
3 0.16499999999999998 0.40325 0.254 0.20950000000000002
3 0.41900000000000004 0.40325 0.25400000000000006 0.20950000000000002