0 0.6579999999999999 0.7 0.14400000000000002 0
0 1.6680000000000001 1.79 0.19999999999999996 0
0 1.7465000000000002 1.92 0.357 0
0 1.238 2.12 0.35599999999999987 0
0 0.4 2.125 0.46399999999999997 0
0 0.105 0.6950000000000001 0 0.124
0 0.17 0.33849999999999997 0 0.46499999999999997
0 0.575 0.737 0 0.18999999999999995
0 0.94 0.2705 0 0.325
0 0.94 0.7185 0 0.367
0 0.94 1.8205 0 0.31499999999999995
0 1.89 1.5895000000000001 0 0.20899999999999985
0 0.5265 0.629 0.10299999999999998 0
0 0.669 0.669 0.448 0
0 1.4805 0.869 1.0829999999999997 0
0 1.9859999999999998 0.885 0.07199999999999984 0
0 0.9685 0.893 0.11099999999999999 0
0 1.0964999999999998 0.893 0.08699999999999997 0
0 1.323 0.893 0.08800000000000008 0
0 1.776 0.893 0.08800000000000008 0
0 2.045 0.893 0.06599999999999984 0
0 1.986 0.917 0.06999999999999984 0
0 1.1219999999999999 0.933 0.13800000000000012 0
0 2.045 1.645 0.06599999999999984 0
0 1.9605 1.773 0.121 0
0 1.983 1.789 0.07599999999999985 0
0 1.0005 2.037 0.12300000000000011 0
0 1.96 2.037 0.12199999999999989 0
0 0.2115 2.053 0.056999999999999995 0
0 1.1315 2.053 0.10899999999999999 0
0 1.541 2.053 0.05600000000000005 0
0 1.9849999999999999 2.053 0.07000000000000006 0
0 0.554 2.069 0.12 0
0 0.8460000000000001 2.117 0.43200000000000005 0
0 1.9619999999999997 2.117 0.11999999999999988 0
0 0.157 2.0855 0 0.08499999999999996
0 0.165 0.404 0 0.478
0 0.189 0.40800000000000003 0 0.08800000000000002
0 0.189 0.6134999999999999 0 0.08900000000000008
0 0.213 0.744 0 0.1399999999999999
0 0.213 0.863 0 0.07800000000000007
0 0.445 0.6645 0 0.05899999999999994
0 0.565 0.5345 0 0.21900000000000003
0 0.581 0.5415 0 0.20500000000000002
0 0.581 0.766 0 0.13
0 0.629 2.085 0 0.08399999999999963
0 0.789 0.7175 0 0.05700000000000005
0 0.837 0.7170000000000001 0 0.061999999999999944
0 0.885 0.482 0 0.322
0 0.885 0.7975000000000001 0 0.261
0 0.885 1.3075 0 0.05700000000000016
0 0.885 1.4140000000000001 0 0.05800000000000005
0 0.885 1.8455 0 0.40700000000000003
0 0.909 0.40249999999999997 0 0.08700000000000002
0 0.909 0.63 0 0.08800000000000008
0 0.909 0.8585 0 0.08900000000000008
0 1.053 2.0839999999999996 0 0.08599999999999985
0 1.597 2.066 0 0.052000000000000046
0 1.885 2.0665 0 0.051000000000000156
0 1.949 2.019 0 0.06400000000000006
0 2.037 0.9385 0 0.09099999999999997
0 2.037 1.054 0 0.08800000000000008
0 2.037 1.282 0 0.08800000000000008
0 2.037 1.5095 0 0.08699999999999997
0 2.037 1.7365 0 0.08899999999999997
0 2.037 1.9625 0 0.08900000000000019
1 2.017 0.881 0.026 0.05
1 1.0385 0.893 0.029 0.05
1 0.201 0.666 0.028844410203711913 0.05
1 2.037 0.997 0.026 0.05
2 0.575 0.737 0.035 0.05
3 0.59825 0.6115 0.9864999999999999 1.011
3 1.5847499999999999 0.6115 0.9864999999999999 1.011
3 0.59825 1.6225 0.9864999999999999 1.0110000000000001
3 1.5847499999999999 1.6225 0.9864999999999999 1.0110000000000001