0 0.127 0.329 0.05 0
0 0.127 0.369 0.05 0
0 0.225 0.369 0.07600000000000001 0
0 0.127 0.409 0.05 0
0 0.2175 0.409 0.061 0
0 0.127 0.449 0.05 0
0 0.2365 0.449 0.09899999999999998 0
0 0.127 0.489 0.05 0
0 0.127 0.529 0.05 0
0 0.134 0.569 0.06400000000000002 0
0 0.637 0.5485 0 0.040999999999999925
0 0.862 0.569 0.06800000000000006 0
0 0.1185 0.609 0.06699999999999999 0
0 0.266 0.609 0.07199999999999998 0
0 0.79525 0.6375 0 0.05700000000000005
0 0.937 0.609 0.126 0
0 1.1475 0.609 0.052999999999999936 0
0 0.135 0.649 0.114 0
0 0.378 0.649 0.064 0
0 0.5485 0.649 0.11499999999999999 0
0 0.7685 0.649 0.261 0
0 1.1375 0.649 0.07299999999999995 0
0 0.127 0.689 0.05 0
0 0.3595 0.659 0 0.126
0 0.127 0.729 0.05 0
0 0.5245 0.729 0.10699999999999998 0
0 0.127 0.769 0.05 0
0 0.9735 0.769 0.09699999999999998 0
0 0.127 0.809 0.05 0
0 0.499 0.809 0.05600000000000005 0
0 0.127 0.849 0.05 0
0 0.30400000000000005 0.849 0.064 0
0 0.6695 0.849 0.05699999999999994 0
0 0.9505 0.849 0.04499999999999993 0
0 0.1955 0.889 0.235 0
0 0.37649999999999995 0.889 0.061 0
0 0.1315 0.929 0.07500000000000001 0
0 0.28700000000000003 0.929 0.03999999999999998 0
0 0.38949999999999996 0.929 0.08700000000000002 0
0 0.9455 0.929 0.040999999999999925 0
0 0.2175 0.969 0.27899999999999997 0
0 0.1195 1.009 0.083 0
0 0.3045 1.009 0.069 0
0 0.127 1.049 0.05 0
0 0.30700000000000005 1.049 0.07 0
0 0.133 1.089 0.06200000000000001 0
0 0.2475 1.089 0.09299999999999997 0
0 0.13 1.129 0.05600000000000001 0
0 0.28750000000000003 1.129 0.10900000000000001 0
0 0.124 1.169 0.055999999999999994 0
0 0.4635 1.169 0.05299999999999999 0
0 0.121 1.209 0.08600000000000001 0
0 0.3045 1.209 0.11499999999999999 0
0 1.1059999999999999 1.209 0.1359999999999999 0
0 0.1195 1.249 0.083 0
0 0.34199999999999997 1.249 0.264 0
0 1.0795 1.323 0 0.24
0 1.146 1.249 0.05599999999999983 0
0 0.11699999999999999 1.289 0.06999999999999999 0
0 0.3285 1.289 0.11299999999999999 0
0 0.683 1.289 0.436 0
0 1.055 1.289 0.11199999999999999 0
0 0.1385 1.329 0.113 0
0 0.3115 1.329 0.08899999999999997 0
0 0.794 1.329 0.08999999999999997 0
0 0.9575 1.3315000000000001 0 0.08100000000000018
0 1.0725 1.329 0.06899999999999995 0
0 0.11499999999999999 1.369 0.074 0
0 0.2975 1.369 0.061 0
0 1.1059999999999999 1.369 0.1359999999999999 0
0 0.28049999999999997 1.409 0.39699999999999996 0
0 0.11699999999999999 1.449 0.06999999999999999 0
0 0.283 1.449 0.152 0
0 0.865 1.449 0.06800000000000006 0
0 1.066 1.449 0.05600000000000005 0
0 0.11699999999999999 1.489 0.06999999999999999 0
0 0.253 1.489 0.092 0
0 0.658 1.489 0.040000000000000036 0
0 0.8265 1.489 0.139 0
0 0.1375 1.529 0.099 0
0 0.35950000000000004 1.529 0.04899999999999999 0
0 0.8634999999999999 1.529 0.06500000000000006 0
0 0.11199999999999999 1.569 0.06799999999999999 0
0 0.7995 1.5884999999999998 0 0.10699999999999998
0 0.8634999999999999 1.569 0.06500000000000006 0
0 0.11199999999999999 1.609 0.06799999999999999 0
0 0.9135 1.6084999999999998 0 0.06699999999999995
0 0.118 0.9654999999999999 0 1.353
0 0.158 0.6355 0 0.051000000000000045
0 0.158 1.1395 0 0.2370000000000001
0 0.158 1.326 0 0.05400000000000005
0 0.158 1.557 0 0.1060000000000001
0 0.198 0.419 0 0.118
0 0.198 0.625 0 0.08200000000000007
0 0.198 1.3225 0 0.04700000000000015
0 0.238 0.625 0 0.04800000000000004
0 0.238 1.2485 0 0.119
0 0.238 1.4380000000000002 0 0.07800000000000007
0 0.278 1.028 0 1.228
0 0.318 0.9415 0 0.261
0 0.318 1.2315 0 0.06299999999999994
0 0.318 1.3175 0 0.04699999999999993
0 0.318 1.422 0 0.07600000000000007
0 0.358 1.062 0 0.04800000000000004
0 0.398 0.631 0 0.07000000000000006
0 0.398 0.9015 0 0.07299999999999995
0 0.398 1.232 0 0.05799999999999983
0 0.398 1.3175 0 0.04699999999999993
0 0.438 1.2375 0 0.040999999999999925
0 0.438 1.3175 0 0.04699999999999993
0 0.478 1.13 0 1.024
0 0.518 0.631 0 0.07000000000000006
0 0.558 0.6365000000000001 0 0.08100000000000007
0 0.558 0.757 0 0.062000000000000055
0 0.598 0.642 0 0.04800000000000004
0 0.638 0.642 0 0.04800000000000004
0 0.638 1.533 0 0.11599999999999988
0 0.678 0.642 0 0.04800000000000004
0 0.718 0.642 0 0.04800000000000004
0 0.758 0.6194999999999999 0 0.08700000000000008
0 0.758 1.3215 0 0.06699999999999995
0 0.798 1.3399999999999999 0 0.10399999999999987
0 0.838 0.5295 0 0.11699999999999999
0 0.838 0.642 0 0.04800000000000004
0 0.838 1.4649999999999999 0 0.35399999999999987
0 0.878 0.54 0 0.25200000000000006
0 0.878 1.5015 0 0.18300000000000005
0 0.918 0.348 0 0.04999999999999999
0 0.918 0.625 0 0.06400000000000006
0 0.918 1.4815 0 0.14300000000000002
0 0.958 0.348 0 0.04999999999999999
0 0.958 0.4365 0 0.04500000000000004
0 0.958 0.6065 0 0.11299999999999999
0 0.998 0.348 0 0.04999999999999999
0 0.998 0.631 0 0.07000000000000006
0 0.998 0.754 0 0.050000000000000044
0 0.998 1.2435 0 0.052999999999999936
0 1.038 1.424 0 0.43599999999999994
0 1.118 0.5725 0 0.18700000000000006
0 1.118 1.2235 0 0.16100000000000003
0 1.158 0.6375 0 0.07300000000000006
0 1.158 0.9824999999999999 0 0.06899999999999995
0 1.158 1.208 0 0.1299999999999999
0 1.158 1.5455 0 0.09499999999999997
1 0.1695 0.369 0.035 0.05
1 0.622 0.649 0.032 0.05
1 0.341 0.869 0.04123105625617661 0.05
1 0.2555 0.949 0.041484937025383084 0.05
1 0.1825 1.089 0.037 0.05
1 0.4695 1.269 0.041 0.05
1 1.0865 1.269 0.040607881008493905 0.05
1 0.1935 1.509 0.044721359549995794 0.05
1 0.89575 1.526 0.03980263810352274 0.05
1 0.158 1.2785 0.041 0.05
1 0.218 1.2675 0.041 0.05
1 0.318 1.2785 0.031 0.05
1 0.318 1.3625 0.043 0.05
1 0.398 1.2775 0.033 0.05
1 0.838 0.603 0.03 0.05
1 0.958 0.3935 0.041 0.05
3 0.352 0.62725 0.548 0.6765000000000001
3 0.8999999999999999 0.62725 0.5479999999999999 0.6765000000000001
3 0.352 1.30375 0.548 0.6764999999999999
3 0.8999999999999999 1.30375 0.5479999999999999 0.6764999999999999