0 1.476125 0.34950000000000003 0 0.05299999999999999
0 0.9244999999999999 0.363 0.1529999999999999 0
0 1.2719999999999998 0.363 0.236 0
0 1.5314999999999999 0.363 0.07499999999999996 0
0 1.662 0.363 0.09999999999999987 0
0 0.192625 0.43000000000000005 0 0.05399999999999999
0 1.39875 0.36850000000000005 0 0.069
0 1.264 0.443 0.053999999999999826 0
0 1.3605 0.443 0.04899999999999993 0
0 1.276 0.516 0 0.06600000000000006
0 1.3575 0.483 0.04299999999999993 0
0 0.2825 0.523 0.05099999999999999 0
0 1.67175 0.5225 0 0.05300000000000005
0 1.396625 0.5874999999999999 0 0.049000000000000044
0 1.5946875 0.599 0 0.09799999999999998
0 1.6795 0.563 0.06499999999999995 0
0 1.2415 0.5655 0 0.07499999999999996
0 1.3094999999999999 0.603 0.04100000000000015 0
0 1.599 0.603 0.1459999999999999 0
0 1.114375 0.662 0 0.040000000000000036
0 1.5630000000000002 0.643 0.07400000000000007 0
0 1.074125 0.6835 0 0.07299999999999995
0 1.231 0.6715 0 0.04499999999999993
0 1.47475 0.6915 0 0.08099999999999996
0 1.1455000000000002 0.803 0.08699999999999997 0
0 1.11075 0.9179999999999999 0 0.22999999999999987
0 1.3625 0.883 0.17300000000000004 0
0 1.6615 0.883 0.10099999999999998 0
0 1.27525 1.126 0 0.4059999999999999
0 1.3535 0.9135 0 0.05899999999999994
0 1.44125 0.963 0 0.07999999999999985
0 1.435 0.963 0.12400000000000011 0
0 0.306 1.003 0.040000000000000036 0
0 0.48350000000000004 1.003 0.04299999999999998 0
0 0.911 1.003 0.128 0
0 1.2335 1.0499999999999998 0 0.09400000000000008
0 1.4235 1.003 0.09699999999999998 0
0 0.32075 1.0074999999999998 0 0.07099999999999995
0 0.47025 1.0175 0 0.050999999999999934
0 0.6665 1.043 0.04899999999999993 0
0 0.874 1.043 0.04800000000000004 0
0 1.1555 1.043 0.2250000000000001 0
0 1.3915000000000002 1.043 0.04299999999999993 0
0 1.4809999999999999 1.043 0.04200000000000004 0
0 1.0835 1.123 0.04299999999999993 0
0 1.1085 1.1415000000000002 0 0.04299999999999993
0 1.1840000000000002 1.163 0.10200000000000009 0
0 1.6909999999999998 1.243 0.04200000000000004 0
0 1.08 1.403 0.04200000000000004 0
0 1.23625 1.593 0 0.21999999999999997
0 1.079 1.67 0 0.05400000000000005
0 1.077 1.683 0.04400000000000004 0
0 1.4715 1.683 0.48099999999999987 0
0 0.234 0.5245 0 0.04300000000000004
0 0.314 0.388 0 0.118
0 0.314 0.787 0 0.20399999999999996
0 0.674 1.017 0 0.04200000000000004
0 0.874 0.682 0 0.696
0 1.074 1.391 0 0.041999999999999815
0 1.194 0.637 0 0.05800000000000005
0 1.194 1.027 0 0.040000000000000036
0 1.314 0.36450000000000005 0 0.063
0 1.314 0.615 0 0.07600000000000007
0 1.314 1.6775 0 0.04700000000000015
0 1.354 0.495 0 0.040000000000000036
0 1.354 0.641 0 0.04200000000000004
0 1.394 0.9915 0 0.121
0 1.434 1.684 0 0.040000000000000036
0 1.474 0.9410000000000001 0 0.07399999999999995
0 1.474 1.0375 0 0.04100000000000015
0 1.554 0.37 0 0.07399999999999995
0 1.634 0.358 0 0.043999999999999984
0 1.634 0.625 0 0.07400000000000007
1 1.5905 0.363 0.043 0.05
1 1.25875 0.5385 0.04038873605350878 0.05
1 1.3753125 0.616 0.04336923592824757 0.05
1 1.2125 0.651 0.040718546143004665 0.05
1 1.37375 0.937 0.04224038352098617 0.05
1 1.457625 1.01 0.035616885040665756 0.05
3 0.57246875 0.66825 0.7596875000000001 0.6905000000000001
3 1.33215625 0.66825 0.7596875 0.6905000000000001
3 0.57246875 1.3587500000000001 0.7596875000000001 0.6904999999999999
3 1.33215625 1.3587500000000001 0.7596875 0.6904999999999999