0 0.911125 0.2565 0 0.06699999999999998
0 0.36450000000000005 0.293 0.20700000000000002 0
0 0.704 0.293 0.15800000000000003 0
0 0.36350000000000005 0.373 0.04099999999999998 0
0 0.9124999999999999 0.533 0.19299999999999995 0
0 0.7535000000000001 0.653 0.05700000000000005 0
0 0.5655 0.733 0.395 0
0 0.58575 0.7615000000000001 0 0.06700000000000006
0 0.86925 0.8160000000000001 0 0.06399999999999995
0 0.0675625 0.9245 0 0.07499999999999996
0 0.2025 0.893 0.207 0
0 0.11800000000000001 0.973 0.10200000000000001 0
0 0.245 0.973 0.07999999999999999 0
0 0.36050000000000004 0.973 0.061 0
0 0.107 0.9359999999999999 0 0.09599999999999997
0 0.147 0.804 0 0.04399999999999993
0 0.147 0.9245 0 0.07099999999999995
0 0.187 0.804 0 0.041999999999999926
0 0.187 0.9255 0 0.07299999999999995
0 0.227 0.804 0 0.04399999999999993
0 0.227 0.9235 0 0.07099999999999995
0 0.427 0.759 0 0.06800000000000006
0 0.467 0.73 0 0.128
0 0.507 0.7605 0 0.06900000000000006
1 0.187 0.973 0.036 0.05
3 0.3025 0.41325 0.47100000000000003 0.38050000000000006
3 0.7735 0.41325 0.47099999999999986 0.38050000000000006
3 0.3025 0.79375 0.47100000000000003 0.38049999999999995
3 0.7735 0.79375 0.47099999999999986 0.38049999999999995