0 0.4000002136230469 0.8355 0 0.647
0 0.438625 0.833 0 0.6419999999999999
0 0.52065625 0.61 0 0.19599999999999995
0 0.8055 0.512 0.06699999999999995 0
0 0.9191875 0.589 0 0.15400000000000003
0 0.960001220703125 0.866 0 0.708
0 1.00000048828125 0.8825 0 0.7409999999999999
0 1.1200000915527344 1.0575 0 1.091
0 1.160005859375 0.9745 0 0.925
0 1.24 0.5755 0 0.127
0 0.47650000000000003 0.552 0.14900000000000002 0
0 0.6014375 0.597 0 0.134
0 0.640015625 0.639 0 0.20799999999999996
0 0.679734375 0.6214999999999999 0 0.19499999999999995
0 0.8055 0.552 0.20700000000000007 0
0 1.0399375 0.6345000000000001 0 0.18299999999999994
0 1.1715 0.552 0.21499999999999986 0
0 0.468 0.592 0.15200000000000002 0
0 0.56275 0.601 0 0.10799999999999998
0 0.6555 0.592 0.05700000000000005 0
0 0.808 0.592 0.18800000000000006 0
0 1.0110000000000001 0.592 0.04600000000000004 0
0 1.138 0.592 0.09199999999999986 0
0 1.2000185546875 0.7224999999999999 0 0.275
0 1.279995849609375 0.732 0 0.38
0 0.831 0.632 0.8919999999999999 0
0 0.7655000000000001 0.672 0.8430000000000001 0
0 0.42600000000000005 0.712 0.064 0
0 0.4801015625 0.7725 0 0.18899999999999995
0 0.80015625 0.919 0 0.666
0 0.880015625 0.8055 0 0.2310000000000001
0 1.0819999999999999 0.712 0.17599999999999993 0
0 0.4215 0.752 0.069 0
0 0.51996875 0.829 0 0.16400000000000003
0 0.55984375 0.871 0 0.238
0 0.639875 0.829 0 0.15400000000000003
0 0.8375 0.774 0 0.04400000000000004
0 1.080000732421875 1.0594999999999999 0 0.647
0 1.151 0.752 0.06599999999999984 0
0 0.2375 0.792 0.119 0
0 0.52 0.792 0.254 0
0 0.903 0.792 0.08599999999999997 0
0 1.0399974365234375 1.057 0 0.6
0 1.113 0.792 0.10199999999999987 0
0 1.32175 0.7909999999999999 0 0.05799999999999994
0 0.324125 0.847 0 0.07199999999999995
0 0.4965 0.832 0.22099999999999997 0
0 0.745 0.832 0.19599999999999995 0
0 0.9185 0.8465 0 0.05300000000000005
0 1.13 0.832 0.07000000000000006 0
0 1.358875 0.8165 0 0.04499999999999993
0 0.45299999999999996 0.872 0.322 0
0 0.9535 0.872 0.4590000000000001 0
0 1.200052734375 1.043 0 0.34199999999999997
0 0.4365 0.912 0.10099999999999998 0
0 0.6795 0.9590000000000001 0 0.13
0 0.8240000000000001 0.912 0.14600000000000002 0
0 0.920005859375 1.0625 0 0.31700000000000006
0 0.9784999999999999 0.912 0.04499999999999993 0
0 1.1139999999999999 0.912 0.1100000000000001 0
0 0.4255 0.952 0.067 0
0 0.48009765625 1.0554999999999999 0 0.20899999999999996
0 0.719974609375 1.095 0 0.28600000000000003
0 0.819 0.952 0.09599999999999997 0
0 0.8818125 0.9895 0 0.07700000000000007
0 1.0535 0.952 0.267 0
0 1.241 0.985 0 0.06600000000000006
0 1.518875 0.9644999999999999 0 0.04300000000000004
0 1.613 0.952 0.052000000000000046 0
0 0.3575 1.0135 0 0.04299999999999993
0 0.41400000000000003 0.992 0.07200000000000001 0
0 0.7424999999999999 0.992 0.17699999999999994 0
0 1.076 0.992 0.27000000000000013 0
0 1.280203125 1.099 0 0.2320000000000001
0 1.6495 0.992 0.27700000000000014 0
0 0.41900000000000004 1.032 0.07 0
0 0.5195 1.092 0 0.11999999999999988
0 0.84084375 1.068 0 0.18200000000000005
0 1.0545 1.032 0.2829999999999999 0
0 0.41700000000000004 1.072 0.08200000000000002 0
0 0.599640625 1.1485 0 0.16900000000000004
0 0.681125 1.1225 0 0.10099999999999998
0 0.788 1.072 0.06599999999999995 0
0 0.88 1.139 0 0.15399999999999991
0 1.072 1.072 0.32399999999999995 0
0 0.405 1.112 0.11400000000000005 0
0 0.562125 1.1360000000000001 0 0.07000000000000006
0 0.8115 1.112 0.07899999999999996 0
0 1.0335 1.112 0.263 0
0 0.556 1.152 0.508 0
0 1.059 1.152 0.43800000000000006 0
0 0.43997265625 2.047 0 1.7100000000000002
0 0.9944999999999999 1.192 0.1110000000000001 0
0 1.198 1.192 0.17599999999999993 0
0 0.88053125 1.302 0 0.14000000000000012
0 1.0495 1.232 0.13300000000000012 0
0 1.2411875 1.2285 0 0.08099999999999996
0 1.279982421875 1.3359999999999999 0 0.20799999999999996
0 0.962125 1.318 0 0.09200000000000008
0 1.001375 1.3105 0 0.07699999999999996
0 0.3975 1.3085 0 0.04300000000000015
0 0.556 1.312 0.23600000000000004 0
0 0.878 1.312 0.1100000000000001 0
0 1.1364999999999998 1.312 0.06699999999999995 0
0 1.200125 1.3625 0 0.11699999999999999
0 1.237375 1.3215 0 0.04500000000000015
0 0.559875 1.3315000000000001 0 0.05499999999999994
0 0.7735000000000001 1.352 0.04500000000000004 0
0 1.1125 1.352 0.121 0
0 0.557875 1.4155 0 0.04899999999999993
0 0.68 1.4 0 0.04800000000000004
0 0.7185625 1.405 0 0.06800000000000006
0 0.7695000000000001 1.392 0.05300000000000005 0
0 0.841875 1.4195 0 0.05500000000000016
0 0.881 1.416 0 0.04800000000000004
0 0.91925 1.415 0 0.07000000000000006
0 0.960078125 1.474 0 0.16400000000000015
0 0.999734375 1.5274999999999999 0 0.27100000000000013
0 1.040625 1.4395 0 0.0950000000000002
0 1.135 1.392 0.05600000000000005 0
0 0.611 1.432 0.14800000000000002 0
0 0.758125 1.4315 0 0.04899999999999993
0 0.9315 1.432 0.09099999999999997 0
0 1.141 1.432 0.06000000000000005 0
0 0.9864999999999999 1.472 0.05500000000000005 0
0 1.1335 1.472 0.04499999999999993 0
0 1.281 1.496 0 0.04800000000000004
0 0.5935 1.512 0.10299999999999998 0
0 0.75775 1.54 0 0.05600000000000005
0 0.878625 1.5305 0 0.10099999999999998
0 1.1435 1.512 0.06499999999999995 0
0 0.603625 1.5434999999999999 0 0.06500000000000017
0 0.64025 1.5445000000000002 0 0.09499999999999997
0 0.755 1.552 0.04600000000000004 0
0 0.8505 1.552 0.06900000000000006 0
0 0.918875 1.573 0 0.04200000000000004
0 1.24325 1.5465 0 0.051000000000000156
0 0.719875 1.6025 0 0.05899999999999994
0 0.479125 1.6549999999999998 0 0.04600000000000004
0 0.5985 1.657 0 0.050000000000000044
0 1.038 1.6549999999999998 0 0.04600000000000004
0 1.077375 1.6555 0 0.04899999999999993
0 1.158875 1.643 0 0.041999999999999815
0 0.46199999999999997 1.672 0.057999999999999996 0
0 0.881 1.672 0.246 0
0 0.80003515625 1.8265 0 0.2469999999999999
0 1.133 1.712 0.04999999999999982 0
0 1.129 1.752 0.04999999999999982 0
0 0.400033203125 1.904 0 0.248
0 0.5645 1.792 0.050999999999999934 0
0 0.7795000000000001 1.792 0.041000000000000036 0
0 1.143 1.792 0.07600000000000007 0
0 0.40149999999999997 1.832 0.065 0
0 0.72034375 1.9 0 0.1359999999999999
0 1.13 1.832 0.07199999999999984 0
0 1.2005 1.876 0 0.1180000000000001
0 1.236 1.854 0 0.04399999999999982
0 0.52025 1.9135 0 0.08299999999999996
0 0.600125 1.916 0 0.08799999999999986
0 0.641 1.917 0 0.09600000000000009
0 0.682875 1.9035000000000002 0 0.06299999999999994
0 0.841125 1.908 0 0.07999999999999985
0 0.88028125 2.254 0 0.764
0 1.044125 1.8925 0 0.040999999999999925
0 1.1205625 1.8679999999999999 0 0.1519999999999999
0 1.2149999999999999 1.872 0.12200000000000011 0
0 1.601 1.872 0.06800000000000006 0
0 1.778 1.872 0.06599999999999984 0
0 0.434 1.912 0.10999999999999999 0
0 0.617 1.912 0.134 0
0 0.8109999999999999 1.912 0.14400000000000002 0
0 1.154 1.912 0.1260000000000001 0
0 1.6001875 1.9089999999999998 0 0.06600000000000006
0 0.760125 1.925 0 0.05600000000000005
0 0.9615625 1.9949999999999999 0 0.08599999999999985
0 1.12375 1.978 0 0.052000000000000046
0 1.16475 1.915 0 0.07400000000000007
0 1.000625 2.038 0 0.09599999999999986
0 0.4125 2.032 0.056999999999999995 0
0 1.037625 2.038 0 0.04800000000000004
0 0.598 2.072 0.07000000000000006 0
0 0.95997265625 2.181 0 0.2240000000000002
0 0.5985 2.112 0.051000000000000045 0
0 1.04025 2.1455 0 0.08700000000000019
0 1.5605625 2.1795 0 0.07500000000000018
0 0.40449999999999997 2.192 0.063 0
0 0.863 2.192 0.09800000000000009 0
0 1.3985 2.192 0.08499999999999996 0
0 1.51 2.192 0.07399999999999984 0
0 0.39249999999999996 2.232 0.067 0
0 0.719 2.2655 0 0.06899999999999995
0 0.758 2.2625 0 0.06099999999999994
0 0.8574999999999999 2.232 0.049000000000000044 0
0 0.91991015625 2.3665000000000003 0 0.2689999999999997
0 1.000625 2.2584999999999997 0 0.07100000000000017
0 1.122375 2.255 0 0.04599999999999982
0 1.28034375 2.26 0 0.14000000000000012
0 1.48325 2.2105 0 0.04300000000000015
0 1.52025 2.2165 0 0.08300000000000018
0 0.41800000000000004 2.272 0.068 0
0 0.7995 2.272 0.16700000000000004 0
0 1.039999771118164 2.5869999999999997 0 0.6300000000000003
0 1.082875 2.2805 0 0.04499999999999993
0 0.276875 2.339 0 0.05400000000000027
0 0.31975 2.3275 0 0.08499999999999996
0 0.40249999999999997 2.312 0.05499999999999999 0
0 0.8685 2.312 0.06500000000000006 0
0 0.40349999999999997 2.352 0.067 0
0 0.4799999542236328 2.58 0 0.45599999999999996
0 0.7999994506835938 2.601 0 0.5179999999999998
0 0.8875 2.352 0.121 0
0 0.997875 2.351 0 0.041999999999999815
0 1.081375 2.3855 0 0.06700000000000017
0 1.11999995803833 2.6260000000000003 0 0.552
0 1.2001484375 2.4219999999999997 0 0.16599999999999993
0 1.27999853515625 2.5925000000000002 0 0.4810000000000003
0 0.31725 2.4124999999999996 0 0.040999999999999925
0 0.40149999999999997 2.392 0.063 0
0 0.999984375 2.6470000000000002 0 0.5100000000000002
0 1.36065625 2.4619999999999997 0 0.14000000000000012
0 1.55978125 2.4565 0 0.129
0 0.28046875 2.477 0 0.08999999999999986
0 0.39449999999999996 2.432 0.07700000000000001 0
0 0.60125 2.458 0 0.07600000000000007
0 0.72002734375 2.5715 0 0.31700000000000017
0 0.8725 2.432 0.08100000000000007 0
0 0.96059375 2.4855 0 0.14100000000000001
0 1.0355 2.432 0.08100000000000007 0
0 1.3198125 2.4844999999999997 0 0.11100000000000021
0 1.40175 2.466 0 0.06800000000000006
0 1.479375 2.4615 0 0.08499999999999996
0 1.519 2.466 0 0.07999999999999963
0 1.602375 2.463 0 0.06200000000000028
0 1.6395625 2.4705 0 0.11500000000000021
0 1.75975 2.4859999999999998 0 0.13000000000000034
0 0.120375 2.496 0 0.04800000000000004
0 0.157875 2.4935 0 0.04300000000000015
0 0.399875 2.448 0 0.12600000000000033
0 0.526 2.472 0.19 0
0 0.640004638671875 2.6340000000000003 0 0.35199999999999987
0 0.8600000000000001 2.472 0.348 0
0 1.08005859375 2.58 0 0.2599999999999998
0 1.4165 2.472 0.4970000000000001 0
0 1.7530000000000001 2.472 0.11599999999999988 0
0 0.46299999999999997 2.512 0.10000000000000003 0
0 0.56078125 2.526 0 0.1080000000000001
0 0.5999765625 2.6189999999999998 0 0.21399999999999997
0 0.8105 2.512 0.21900000000000008 0
0 1.038 2.512 0.17000000000000004 0
0 1.28 2.512 0.25 0
0 1.438875 2.5090000000000003 0 0.08400000000000007
0 1.6139999999999999 2.512 0.1399999999999999 0
0 1.717875 2.5065 0 0.04499999999999993
0 0.6798828125 2.6425 0 0.18299999999999983
0 0.8460000000000001 2.552 0.09999999999999998 0
0 1.1999970703125 2.7205000000000004 0 0.363
0 1.3599609375 2.6405000000000003 0 0.17700000000000005
0 1.401625 2.5685000000000002 0 0.05899999999999972
0 1.55998046875 2.7265 0 0.351
0 1.600265625 2.7009999999999996 0 0.35199999999999987
0 0.40249999999999997 2.592 0.063 0
0 0.5601796875 2.7035 0 0.22299999999999986
0 0.8345 2.592 0.133 0
0 0.92125 2.626 0 0.08199999999999985
0 0.9599765625 2.7439999999999998 0 0.3160000000000003
0 1.184 2.592 0.1419999999999999 0
0 1.48109375 2.6435 0 0.10299999999999976
0 1.554 2.592 0.06000000000000005 0
0 1.6400234375 2.7245 0 0.2789999999999999
0 1.68003125 2.7145 0 0.29499999999999993
0 1.7195625 2.592 0 0.05600000000000005
0 0.4008125 2.662 0 0.07200000000000006
0 0.51990625 2.6905 0 0.11699999999999999
0 0.7685 2.632 0.16499999999999992 0
0 0.9975 2.632 0.2250000000000001 0
0 1.1975 2.632 0.06099999999999994 0
0 1.2435 2.7435 0 0.31700000000000017
0 1.399640625 2.7215 0 0.17899999999999983
0 1.544 2.632 0.10199999999999987 0
0 0.31959375 2.7275 0 0.11099999999999977
0 0.6100000000000001 2.672 0.15000000000000002 0
0 0.7909999999999999 2.672 0.10599999999999998 0
0 0.879625 2.785 0 0.23399999999999999
0 0.921 2.787 0 0.22999999999999998
0 1.0715 2.672 0.04299999999999993 0
0 1.159796875 2.7215 0 0.1549999999999998
0 1.2174999999999998 2.672 0.07899999999999996 0
0 1.3200390625 2.7595 0 0.2030000000000003
0 1.5470000000000002 2.672 0.1100000000000001 0
0 1.7608125 2.7625 0 0.18100000000000005
0 0.39349999999999996 2.712 0.067 0
0 0.5880000000000001 2.712 0.09999999999999998 0
0 0.7689999999999999 2.712 0.15400000000000003 0
0 1.238 2.712 0.11799999999999988 0
0 1.520125 2.7885 0 0.18100000000000005
0 0.1215 2.7475 0 0.04499999999999993
0 0.39990625 2.8005000000000004 0 0.14500000000000002
0 0.643 2.752 0.05800000000000005 0
0 0.68109375 2.827 0 0.15000000000000036
0 0.9924999999999999 2.752 0.5369999999999999 0
0 1.359875 2.809 0 0.11400000000000032
0 1.441625 2.76 0 0.053999999999999826
0 1.612 2.752 0.264 0
0 0.60225 2.7845 0 0.04300000000000015
0 0.7204375 2.834 0 0.13600000000000012
0 0.954 2.792 0.34399999999999986 0
0 1.3085 2.792 0.2410000000000001 0
0 1.6360000000000001 2.792 0.29600000000000004 0
0 0.161125 2.8545 0 0.04499999999999993
0 0.38749999999999996 2.832 0.069 0
0 0.6415 2.867 0 0.07000000000000028
0 0.9015 2.832 0.387 0
0 1.2149999999999999 2.832 0.06600000000000006 0
0 1.398 2.867 0 0.07000000000000028
0 1.658 2.832 0.236 0
0 0.202875 2.8755 0 0.052999999999999936
0 0.41400000000000003 2.872 0.07400000000000001 0
0 0.512 2.872 0.05800000000000005 0
0 0.8825 2.872 0.2729999999999999 0
0 1.19 2.872 0.07400000000000007 0
0 1.674 2.872 0.05800000000000005 0
0 0.12 0.89 0 0.05400000000000005
0 0.16 0.893 0 0.05800000000000005
0 0.36 1.135 0 0.040000000000000036
0 0.36 2.402 0 0.050000000000000266
0 0.36 2.6895 0 0.11700000000000044
0 0.4 1.5074999999999998 0 0.07499999999999996
0 0.4 2.2145 0 0.29499999999999993
0 0.48 0.5845 0 0.14300000000000002
0 0.48 1.906 0 0.052000000000000046
0 0.48 2.8715 0 0.06099999999999994
0 0.52 1.5175 0 0.04699999999999993
0 0.52 2.469 0 0.09600000000000009
0 0.52 2.8745000000000003 0 0.05500000000000016
0 0.56 1.884 0 0.04399999999999982
0 0.56 2.879 0 0.04600000000000026
0 0.6 1.802 0 0.07600000000000007
0 0.64 1.1255 0 0.06899999999999995
0 0.64 1.432 0 0.07000000000000006
0 0.72 0.5355000000000001 0 0.04300000000000004
0 0.72 0.625 0 0.07400000000000007
0 0.72 0.848 0 0.04600000000000004
0 0.76 0.5935 0 0.15900000000000003
0 0.76 0.868 0 0.08400000000000007
0 0.76 0.9844999999999999 0 0.07900000000000007
0 0.76 1.217 0 0.32400000000000007
0 0.76 1.802 0 0.1419999999999999
0 0.76 2.444 0 0.11599999999999966
0 0.76 2.6959999999999997 0 0.12799999999999967
0 0.76 2.877 0 0.050000000000000266
0 0.8 0.5375 0 0.050999999999999934
0 0.8 1.361 0 0.15600000000000014
0 0.8 1.6155 0 0.129
0 0.8 2.2225 0 0.09299999999999997
0 0.84 0.5920000000000001 0 0.16000000000000003
0 0.84 0.8899999999999999 0 0.128
0 0.84 1.3195000000000001 0 0.06900000000000017
0 0.84 2.2175000000000002 0 0.08299999999999974
0 0.84 2.597 0 0.6100000000000003
0 0.88 0.5920000000000001 0 0.14600000000000002
0 0.96 1.65 0 0.04600000000000004
0 0.96 2.3575 0 0.06700000000000017
0 1.08 0.6335 0 0.16099999999999992
0 1.08 2.202 0 0.06400000000000006
0 1.08 2.8565 0 0.09100000000000019
0 1.12 1.7035 0 0.131
0 1.16 1.5285 0 0.04300000000000015
0 1.16 1.774 0 0.15600000000000014
0 1.16 2.5460000000000003 0 0.14600000000000035
0 1.16 2.873 0 0.058000000000000274
0 1.2 0.537 0 0.050000000000000044
0 1.24 1.109 0 0.11399999999999988
0 1.24 2.493 0 0.12199999999999989
0 1.32 2.223 0 0.06000000000000005
0 1.36 1.8965 0 0.06099999999999994
0 1.36 2.1955 0 0.054999999999999716
0 1.4 0.817 0 0.04399999999999993
0 1.4 0.923 0 0.041999999999999926
0 1.4 2.218 0 0.07200000000000006
0 1.44 2.2075 0 0.06299999999999972
0 1.44 2.682 0 0.04600000000000026
0 1.48 2.8209999999999997 0 0.09399999999999986
0 1.52 2.6295 0 0.09099999999999975
0 1.6 0.9145000000000001 0 0.04300000000000004
0 1.68 2.504 0 0.07399999999999984
0 1.72 2.4405 0 0.040999999999999925
0 1.72 2.8085 0 0.18700000000000028
0 1.76 0.9824999999999999 0 0.08099999999999996
0 1.76 1.885 0 0.06800000000000006
0 1.8 2.4924999999999997 0 0.05699999999999994
0 1.8 2.7815000000000003 0 0.16700000000000026
1 0.439298828125 1.173 0.03802388956127666 0.05
1 0.5203125 0.7275 0.03900605922481788 0.05
1 0.981062744140625 1.2625 0.04237396149220776 0.05
1 1.1394375457763672 1.6125 0.0432696025725137 0.05
1 0.768 0.572 0.043863424398922615 0.05
1 1.0599691162109375 0.731 0.0412924035639629 0.05
1 0.699 0.592 0.03 0.05
1 0.800078125 1.2675 0.031000393772700693 0.05
1 0.9000107421875 0.9125 0.043453640185460086 0.05
1 0.8600078125 0.7165 0.04387767364093754 0.05
1 0.6596875 0.9 0.04140218140388257 0.05
1 0.83875 0.811 0.030103986446980736 0.05
1 1.0603128662109376 1.3875 0.0403911909178115 0.05
1 0.647 0.812 0.04 0.05
1 0.9002685546875 1.2265 0.040978589352353725 0.05
1 0.88090625 1.045 0.034048276847000646 0.05
1 1.2405 1.035 0.0340147027033899 0.05
1 0.8455 1.132 0.041484937025383084 0.05
1 1.1345 1.212 0.04044749683231337 0.05
1 0.861203125 1.382 0.04352362190882671 0.05
1 1.23928125 1.284 0.030241282318215275 0.05
1 1.2804912109375 1.456 0.03201617505637547 0.05
1 0.9611015625 1.378 0.02807471633455314 0.05
1 0.558875 1.375 0.0320624390837628 0.05
1 0.73928125 1.247 0.04220268245325171 0.05
1 0.8798125 1.46 0.040070445779901175 0.05
1 0.9394765625 1.554 0.04139682970670128 0.05
1 0.968 1.452 0.043863424398922615 0.05
1 1.262125 1.5205 0.03776324271033938 0.05
1 0.7388125 1.5705 0.03820360748672827 0.05
1 0.640125 1.4945 0.0300010416485828 0.05
1 0.797 1.552 0.038 0.05
1 1.1594375 1.68 0.03201976928399079 0.05
1 0.4000166015625 2.0475 0.03900001413393987 0.05
1 1.16 1.852 0.0417612260356422 0.05
1 0.6000625 1.862 0.032000244139693684 0.05
1 0.879953125 2.652 0.03200672841860754 0.05
1 0.960767578125 2.0535 0.031040741021267745 0.05
1 1.14425 1.941 0.041 0.05
1 0.959986328125 2.3085 0.031000012059363206 0.05
1 1.060125 2.1795 0.04405749085002458 0.05
1 1.457 2.192 0.032 0.05
1 1.102625 2.268 0.04427471061452576 0.05
1 0.339875 2.3735 0.04085416135475063 0.05
1 0.4799999771118164 2.8245 0.03300000000003175 0.05
1 0.7799997253417968 2.856 0.040791617459831724 0.05
1 1.080716796875 2.4345 0.03102793782085814 0.05
1 1.20007275390625 2.522 0.03400033693988122 0.05
1 0.298859375 2.4325 0.03679484137161757 0.05
1 0.9799921875 2.613 0.0399968779299163 0.05
1 1.381140625 2.5355 0.041562464755624154 0.05
1 1.559880859375 2.536 0.030000661461213676 0.05
1 0.432 2.452 0.04004996878900158 0.05
1 0.700560546875 2.741 0.04471939984268616 0.05
1 1.73965625 2.5575 0.04223784033600676 0.05
1 1.68 2.472 0.03 0.05
1 0.60111328125 2.7445 0.037069779039891865 0.05
1 0.9365 2.512 0.033 0.05
1 1.139 2.512 0.032 0.05
1 1.21999853515625 2.667 0.04272276189085941 0.05
1 1.4006328125 2.615 0.03405785877210464 0.05
1 0.56008984375 2.8355 0.041000393749300215 0.05
1 1.07 2.612 0.04011234224026316 0.05
1 1.500609375 2.6965 0.03914637245725969 0.05
1 1.680015625 2.6645 0.026000018780041295 0.05
1 0.400359375 2.713 0.0300136850297077 0.05
1 0.693 2.652 0.04001249804748511 0.05
1 1.1598984375 2.636 0.025000825181694004 0.05
1 1.4408125 2.723 0.028047114379201293 0.05
1 1.4608125 2.7805 0.04051716457256109 0.05
1 0.38 2.247 0.04272001872658766 0.05
1 0.76 0.9275 0.035 0.05
1 0.76 1.0395 0.031 0.05
1 0.84 2.2755 0.033 0.05
3 0.5427500000000001 1.1095000000000002 0.8455 1.195
3 1.38825 1.1095000000000002 0.8454999999999999 1.195
3 0.5427500000000001 2.3045 0.8455 1.195
3 1.38825 2.3045 0.8454999999999999 1.195