0 0.5035000000000001 0.595 0.11700000000000005 0
0 0.19999999999999998 0.995 0.18 0
0 0.184 1.155 0.14600000000000002 0
0 0.5445 1.485 0.11299999999999999 0
0 0.21 1.6179999999999999 0 0.20600000000000018
0 0.48350000000000004 0.365 0.05499999999999999 0
0 0.48350000000000004 0.389 0.05499999999999999 0
0 0.99 0.405 0.052000000000000046 0
0 0.484 0.413 0.05399999999999999 0
0 0.48450000000000004 0.437 0.05499999999999999 0
0 0.48450000000000004 0.461 0.05499999999999999 0
0 0.48450000000000004 0.485 0.05499999999999999 0
0 0.48550000000000004 0.509 0.05499999999999999 0
0 0.48550000000000004 0.533 0.05499999999999999 0
0 0.491 0.557 0.066 0
0 0.491 0.581 0.066 0
0 0.23099999999999998 0.597 0.246 0
0 0.48850000000000005 0.605 0.07300000000000001 0
0 0.7905 0.765 0.050999999999999934 0
0 0.7975 0.789 0.050999999999999934 0
0 0.8045 0.813 0.050999999999999934 0
0 0.8115 0.837 0.050999999999999934 0
0 0.8235 0.877 0.050999999999999934 0
0 0.8935 1.109 0.051000000000000045 0
0 0.9005000000000001 1.133 0.051000000000000045 0
0 0.1705 1.157 0.113 0
0 0.5365 1.261 0.09899999999999998 0
0 0.9505 1.301 0.050999999999999934 0
0 0.9625 1.341 0.050999999999999934 0
0 0.5289999999999999 1.357 0.07999999999999996 0
0 0.23149999999999998 1.533 0.22899999999999998 0
0 0.141 0.8069999999999999 0 0.06999999999999995
0 0.141 1.315 0 0.944
0 0.149 1.0765 0 0.19300000000000006
0 0.149 1.4295 0 0.2490000000000001
0 0.157 1.488 0 0.1280000000000001
0 0.325 1.1205 0 0.43100000000000005
0 0.333 1.513 0 0.1060000000000001
0 0.333 1.7245 0 0.121
0 0.453 0.4775 0 0.267
0 0.477 0.477 0 0.26799999999999996
0 0.485 1.4145 0 0.11299999999999999
0 0.501 0.477 0 0.26799999999999996
0 0.517 0.5615 0 0.09899999999999998
0 0.525 0.5835 0 0.05499999999999994
0 0.557 1.3094999999999999 0 0.123
0 0.677 0.5825 0 0.05499999999999994
0 0.701 0.5820000000000001 0 0.05399999999999994
0 0.773 0.778 0 0.05600000000000005
0 0.797 0.8140000000000001 0 0.14200000000000002
0 0.821 0.8375 0 0.127
0 0.829 0.8495 0 0.09899999999999998
0 0.837 0.862 0 0.07000000000000006
0 0.877 1.123 0 0.05799999999999983
0 0.933 1.3115 0 0.05899999999999994
0 0.989 1.374 0 0.07599999999999985
2 0.2 0.995 0.035 0.05
3 0.335 0.704 0.45400000000000007 0.722
3 0.789 0.704 0.45399999999999996 0.722
3 0.335 1.426 0.45400000000000007 0.722
3 0.789 1.426 0.45399999999999996 0.722