0 1.0031875 0.341 0 0.128
0 0.2695 0.317 0.227 0
0 0.4655 0.317 0.07300000000000001 0
0 0.5715 0.317 0.04499999999999993 0
0 0.1865 0.357 0.05499999999999999 0
0 0.24725 0.31999999999999995 0 0.07400000000000001
0 0.36725 0.34550000000000003 0 0.067
0 0.4595 0.357 0.09300000000000003 0
0 0.6032265625 0.46299999999999997 0 0.36000000000000004
0 0.724625 0.3425 0 0.046999999999999986
0 0.774 0.357 0.040000000000000036 0
0 1.041375 0.3425 0 0.046999999999999986
0 0.2955 0.397 0.07100000000000001 0
0 0.4515 0.397 0.065 0
0 0.655 0.397 0.19199999999999995 0
0 0.8115 0.397 0.05499999999999994 0
0 1.0675 0.397 0.3669999999999999 0
0 0.32225 0.4135 0 0.046999999999999986
0 0.6265 0.437 0.415 0
0 1.0695 0.437 0.3629999999999999 0
0 0.2225 0.477 0.04099999999999998 0
0 0.41700000000000004 0.477 0.10000000000000003 0
0 0.48525 0.48050000000000004 0 0.08900000000000002
0 0.8855 0.477 0.7309999999999999 0
0 0.188 0.517 0.04999999999999999 0
0 0.46799999999999997 0.517 0.09000000000000002 0
0 0.5755 0.517 0.06499999999999995 0
0 0.96271875 0.5640000000000001 0 0.15200000000000002
0 1.042375 0.5835 0 0.14500000000000002
0 0.185 0.557 0.043999999999999984 0
0 0.565 0.5815 0 0.609
0 0.645875 0.5565 0 0.08499999999999996
0 0.8849375 0.5800000000000001 0 0.11199999999999999
0 0.159 0.597 0.07 0
0 0.6465 0.597 0.16700000000000004 0
0 0.9195 0.597 0.10899999999999999 0
0 1.00375 0.6455 0 0.19099999999999995
0 1.1035 0.597 0.06699999999999995 0
0 0.175 0.637 0.064 0
0 0.591 0.637 0.08999999999999997 0
0 0.8009999999999999 0.637 0.12 0
0 1.004 0.637 0.10999999999999999 0
0 1.1995 0.637 0.10299999999999998 0
0 0.2045 0.7995000000000001 0 0.245
0 0.388 0.677 0.09999999999999998 0
0 0.1795 0.717 0.04100000000000001 0
0 0.5895 0.717 0.08099999999999996 0
0 1.0265 0.717 0.05699999999999994 0
0 1.1760000000000002 0.717 0.062000000000000055 0
0 0.1655 0.7825 0 0.051000000000000045
0 0.538 0.757 0.09999999999999998 0
0 1.0225 0.757 0.06099999999999994 0
0 1.182 0.757 0.05600000000000005 0
0 0.365625 0.7945 0 0.06699999999999995
0 0.5405 0.797 0.11299999999999999 0
0 0.766 0.797 0.08200000000000007 0
0 1.00275 0.7975 0 0.040999999999999925
0 1.16 0.796 0 0.04399999999999993
0 1.20525 0.798 0 0.04799999999999993
0 0.135 0.837 0.104 0
0 0.2875 0.837 0.04899999999999999 0
0 0.324625 0.853 0 0.09399999999999997
0 0.44625 0.8200000000000001 0 0.07999999999999996
0 0.64225 0.7909999999999999 0 0.30799999999999994
0 0.12275 0.899 0 0.09999999999999998
0 0.723 0.8565 0 0.041000000000000036
0 0.76325 0.8155 0 0.18700000000000006
0 1.2285 0.877 0.04499999999999993 0
0 0.17300000000000001 0.917 0.18 0
0 0.5395 0.917 0.07099999999999995 0
0 0.1175 0.957 0.06899999999999999 0
0 0.2205 0.957 0.07100000000000001 0
0 0.5785 0.957 0.07099999999999995 0
0 0.17900000000000002 0.997 0.192 0
0 0.482125 1.006 0 0.06800000000000006
0 1.12 0.997 0.11999999999999988 0
0 0.1365 1.037 0.107 0
0 0.29200000000000004 1.037 0.057999999999999996 0
0 0.624 1.037 0.12200000000000011 0
0 0.84625 1.04 0 0.05800000000000005
0 1.1125 1.037 0.137 0
0 0.5065 1.077 0.6809999999999999 0
0 1.1555 1.077 0.19099999999999984 0
0 1.20325 1.094 0 0.04800000000000004
0 0.1675 1.157 0.069 0
0 0.46950000000000003 1.157 0.061 0
0 0.55675 1.2485 0 0.10299999999999998
0 0.766 1.234 0 0.07399999999999984
0 0.8495 1.2185000000000001 0 0.04299999999999993
0 0.966 1.2175 0 0.040999999999999925
0 1.1065 1.197 0.040999999999999925 0
0 1.163625 1.1844999999999999 0 0.07300000000000018
0 0.8225 1.237 0.07699999999999996 0
0 0.9925 1.237 0.15100000000000002 0
0 1.08825 1.362 0 0.31200000000000006
0 1.205 1.2365 0 0.040999999999999925
0 0.723 1.266 0 0.10000000000000009
0 0.8745 1.277 0.07700000000000007 0
0 1.0819999999999999 1.277 0.07000000000000006 0
0 0.2048125 1.4075 0 0.2330000000000001
0 1.1375 1.317 0.22699999999999987 0
0 1.1585 1.357 0.18499999999999983 0
0 0.191 1.397 0.043999999999999984 0
0 1.00525 1.4075 0 0.051000000000000156
0 1.0939999999999999 1.397 0.062000000000000055 0
0 0.1895 1.437 0.04099999999999998 0
0 0.400875 1.432 0 0.04800000000000004
0 1.12625 1.43 0 0.06400000000000006
0 1.16275 1.4609999999999999 0 0.05400000000000005
0 1.20325 1.4775 0 0.09299999999999997
0 0.198 1.477 0.057999999999999996 0
0 0.817 1.477 0.07999999999999996 0
0 0.88575 1.505 0 0.05599999999999983
0 0.9215 1.5145 0 0.10899999999999999
0 0.199 1.517 0.06 0
0 0.4365 1.517 0.17100000000000004 0
0 0.598 1.543 0 0.052000000000000046
0 0.874 1.517 0.06400000000000006 0
0 1.16825 1.543 0 0.052000000000000046
0 0.29 1.5354999999999999 0 0.06699999999999995
0 0.43975 1.5345 0 0.04499999999999993
0 0.48325 1.5405 0 0.05699999999999994
0 0.51725 1.536 0 0.04200000000000004
0 0.72775 1.547 0 0.04400000000000004
0 0.887 1.557 0.05800000000000005 0
0 0.163 1.048 0 0.05400000000000005
0 0.163 1.274 0 0.04400000000000004
0 0.203 0.432 0 0.30999999999999994
0 0.203 1.1280000000000001 0 0.272
0 0.243 0.47950000000000004 0 0.061
0 0.243 0.9575 0 0.08699999999999986
0 0.243 1.4515 0 0.040999999999999925
0 0.283 1.029 0 0.09999999999999998
0 0.323 0.314 0 0.07399999999999995
0 0.323 1.041 0 0.06000000000000005
0 0.363 1.2839999999999998 0 0.05800000000000005
0 0.403 0.9495 0 0.04499999999999993
0 0.403 1.048 0 0.07400000000000007
0 0.443 0.35050000000000003 0 0.044999999999999984
0 0.443 1.0495 0 0.07700000000000018
0 0.483 0.3485 0 0.131
0 0.483 1.1015000000000001 0 0.06299999999999994
0 0.523 0.48750000000000004 0 0.044999999999999984
0 0.523 0.7745 0 0.08499999999999996
0 0.523 0.91 0 0.04400000000000004
0 0.563 0.9915 0 0.14900000000000002
0 0.603 0.728 0 0.08999999999999997
0 0.603 0.9425 0 0.07099999999999995
0 0.643 0.3815 0 0.20299999999999996
0 0.643 1.0465 0 0.07699999999999996
0 0.683 0.3245 0 0.08300000000000002
0 0.683 0.5125 0 0.15299999999999997
0 0.683 1.374 0 0.04200000000000004
0 0.723 0.5515 0 0.07499999999999996
0 0.723 1.048 0 0.07400000000000007
0 0.763 0.36850000000000005 0 0.177
0 0.763 0.5575 0 0.139
0 0.763 1.048 0 0.08000000000000007
0 0.803 0.3815 0 0.09899999999999998
0 0.803 0.5305 0 0.13699999999999996
0 0.803 1.045 0 0.06800000000000006
0 0.843 0.516 0 0.238
0 0.843 1.42 0 0.29800000000000004
0 0.883 0.47350000000000003 0 0.056999999999999995
0 0.923 0.40549999999999997 0 0.07700000000000001
0 0.923 0.5329999999999999 0 0.11599999999999999
0 0.923 1.3250000000000002 0 0.22399999999999998
0 0.963 0.3275 0 0.063
0 0.963 0.4265 0 0.07300000000000001
0 1.003 0.5 0 0.050000000000000044
0 1.083 0.323 0 0.08599999999999997
0 1.083 0.5355 0 0.121
0 1.083 1.028 0 0.09200000000000008
0 1.123 0.323 0 0.08599999999999997
0 1.123 0.5549999999999999 0 0.16000000000000003
0 1.123 1.054 0 0.040000000000000036
0 1.123 1.2069999999999999 0 0.13800000000000012
0 1.123 1.3405 0 0.06099999999999994
0 1.163 0.3635 0 0.16100000000000003
0 1.163 0.629 0 0.22999999999999998
0 1.163 1.029 0 0.1060000000000001
0 1.203 0.344 0 0.12200000000000005
0 1.203 0.629 0 0.22999999999999998
0 1.203 0.8835 0 0.051000000000000045
0 1.203 1.38 0 0.05400000000000005
0 1.243 0.3635 0 0.16100000000000003
0 1.243 0.613 0 0.04800000000000004
0 1.243 0.892 0 0.04200000000000004
0 1.243 1.237 0 0.04200000000000004
1 0.98309375 0.3975 0.04289563096924907 0.05
1 0.62273828125 0.64 0.039482004436406294 0.05
1 0.6765 0.377 0.04011234224026316 0.05
1 0.789 0.377 0.04123105625617661 0.05
1 0.322625 0.357 0.039007210871837526 0.05
1 0.203 0.497 0.041484937025383084 0.05
1 0.837 0.497 0.040607881008493905 0.05
1 0.528 0.517 0.03 0.05
1 0.962859375 0.515 0.025001581981196713 0.05
1 1.0226875 0.5655 0.041789838776908436 0.05
1 0.544 0.887 0.04204759208325728 0.05
1 0.6444375 0.4395 0.03113303109239446 0.05
1 0.7355 0.617 0.041484937025383084 0.05
1 0.8575 0.617 0.04019950248448356 0.05
1 1.00325 0.759 0.036013886210738214 0.05
1 1.1425 0.617 0.041484937025383084 0.05
1 0.22375 0.918 0.03932238548206352 0.05
1 1.204125 0.84 0.03607024396923315 0.05
1 0.1685 0.957 0.033 0.05
1 0.269 1.017 0.0417612260356422 0.05
1 0.4825625 1.055 0.030012757704016468 0.05
1 1.183125 1.047 0.042000744041028604 0.05
1 0.84625 1.2555 0.03167412192942371 0.05
1 1.022 1.217 0.043863424398922615 0.05
1 1.1843125 1.2185 0.041676019783563785 0.05
1 0.952 1.257 0.04019950248448356 0.05
1 0.18390625 1.388 0.04211039249698345 0.05
1 0.20390625 1.258 0.02706076784294932 0.05
1 1.124625 1.386 0.027194898418637273 0.05
1 1.1655 1.5025 0.029516944286290883 0.05
1 0.8495 1.497 0.04272001872658766 0.05
1 0.183 1.144 0.0417612260356422 0.05
1 0.223 1.089 0.041 0.05
1 0.403 0.9915 0.039 0.05
1 0.763 0.4725 0.031 0.05
1 0.903 0.4345 0.04001249804748511 0.05
1 1.123 1.293 0.034 0.05
3 0.375 0.6000000000000001 0.5840000000000001 0.646
3 0.959 0.6000000000000001 0.5839999999999999 0.646
3 0.375 1.246 0.5840000000000001 0.6459999999999999
3 0.959 1.246 0.5839999999999999 0.6459999999999999