0 0.1355 0.7215 0 0.859
0 0.61325 0.3045 0 0.04899999999999999
0 0.3155 0.332 0.43100000000000005 0
0 0.7015 0.332 0.16300000000000003 0
0 0.0885 0.452 0.07300000000000001 0
0 0.0525 0.537 0 0.176
0 0.2165 0.552 0 0.039999999999999925
0 0.223 0.572 0.22400000000000003 0
0 0.411375 0.623 0 0.04400000000000004
0 0.3275 0.652 0.11299999999999999 0
0 0.08925 0.74 0 0.09600000000000009
0 0.19749999999999998 0.692 0.173 0
0 0.093 0.732 0.05399999999999999 0
0 0.10500000000000001 0.772 0.06600000000000002 0
0 0.732 0.954 0 0.3839999999999999
0 0.1395 0.812 0.05700000000000001 0
0 0.39949999999999997 0.812 0.07900000000000001 0
0 0.127 0.852 0.044 0
0 0.1725 0.8305 0 0.08699999999999997
0 0.3725 0.852 0.09099999999999997 0
0 0.2975 0.892 0.069 0
0 0.37575 0.9345 0 0.08499999999999996
0 0.41475 0.8785000000000001 0 0.05700000000000005
0 0.0935 0.932 0.08300000000000002 0
0 0.3165 0.932 0.10699999999999998 0
0 0.09125 1.002 0 0.09399999999999997
0 0.193 0.972 0.17600000000000005 0
0 0.33475 0.9884999999999999 0 0.1329999999999999
0 0.7515000000000001 0.972 0.06300000000000006 0
0 0.1695 1.012 0.183 0
0 0.1025 1.052 0.08299999999999999 0
0 0.203 1.052 0.04600000000000001 0
0 0.5895 1.052 0.06499999999999995 0
0 0.7555000000000001 1.052 0.05500000000000005 0
0 0.053375 1.1099999999999999 0 0.07599999999999985
0 0.123 1.092 0.05199999999999999 0
0 0.33675 1.116 0 0.04799999999999982
0 0.41900000000000004 1.132 0.728 0
0 0.092 1.131 0 0.10199999999999987
0 0.172 0.2765 0 0.11500000000000002
0 0.172 1.0350000000000001 0 0.248
0 0.212 0.276 0 0.12600000000000003
0 0.212 0.6679999999999999 0 0.07399999999999995
0 0.212 1.047 0 0.18400000000000005
0 0.252 0.679 0 0.09599999999999997
0 0.252 1.096 0 0.08200000000000007
0 0.292 1.06 0 0.16399999999999992
0 0.332 0.311 0 0.052000000000000046
0 0.332 0.8674999999999999 0 0.041000000000000036
0 0.372 0.714 0 0.05399999999999994
0 0.372 1.12 0 0.039999999999999813
0 0.412 0.79 0 0.04599999999999993
0 0.452 1.131 0 0.06199999999999983
0 0.492 0.6005 0 0.09899999999999998
0 0.572 0.3165 0 0.041000000000000036
0 0.572 1.12 0 0.039999999999999813
0 0.612 1.0925 0 0.2250000000000001
0 0.692 1.139 0 0.04599999999999982
0 0.772 1.1324999999999998 0 0.04299999999999993
1 0.2475 0.672 0.042059481689626185 0.05
1 0.175 0.712 0.041 0.05
1 0.17225 0.8925 0.03700337822415677 0.05
1 0.3405 0.872 0.04031128874149274 0.05
1 0.39525 0.9135 0.041785164831552354 0.05
1 0.413375 0.837 0.037102055199139575 0.05
1 0.2375 0.952 0.043863424398922615 0.05
1 0.0723125 1.0605 0.044311574390897016 0.05
1 0.33575 1.0735 0.03705401462729781 0.05
1 0.162 1.052 0.036 0.05
3 0.23475 0.46099999999999997 0.3655 0.496
3 0.60025 0.46099999999999997 0.36550000000000005 0.496
3 0.23475 0.9570000000000001 0.3655 0.4960000000000001
3 0.60025 0.9570000000000001 0.36550000000000005 0.4960000000000001