0 0.45199999999999996 0.33 0.062 0
0 0.47925 0.3805 0 0.10699999999999998
0 0.1135 0.41 0.11500000000000002 0
0 0.36550000000000005 0.41 0.046999999999999986 0
0 0.4905 0.41 0.041000000000000036 0
0 0.517 0.65 0.07200000000000006 0
0 0.513 0.69 0.06400000000000006 0
0 0.5145 0.73 0.06700000000000006 0
0 0.205125 0.8035 0 0.05499999999999994
0 0.517 0.81 0.06800000000000006 0
0 0.173 0.89 0.05200000000000002 0
0 0.111 0.93 0.10400000000000001 0
0 0.284 0.93 0.13199999999999998 0
0 0.08399999999999999 0.97 0.05 0
0 0.12825 0.9530000000000001 0 0.04999999999999993
0 0.5585 0.97 0.14500000000000002 0
0 0.1615 1.0325 0 0.07699999999999996
0 0.279875 1.0105 0 0.07100000000000006
0 0.5585 1.01 0.14500000000000002 0
0 0.602 1.0185 0 0.12300000000000011
0 0.261 1.09 0.08199999999999999 0
0 0.1225 1.139 0 0.07200000000000006
0 0.11649999999999999 1.17 0.11499999999999999 0
0 0.562875 1.1585 0 0.04699999999999993
0 0.36 1.37 0.04999999999999999 0
0 0.10699999999999998 1.41 0.06999999999999999 0
0 0.082 1.024 0 0.19600000000000006
0 0.162 0.8 0 0.04999999999999993
0 0.242 1.0245 0 0.19699999999999995
0 0.322 0.9545 0 0.05699999999999994
0 0.362 1.3645 0 0.052999999999999936
0 0.482 0.6925 0 0.08899999999999997
0 0.482 1.3054999999999999 0 0.09499999999999997
0 0.522 0.7635000000000001 0 0.23299999999999998
0 0.562 1.0434999999999999 0 0.06900000000000017
1 0.129 0.91 0.04308131845707603 0.05
1 0.2085 0.91 0.04428317965096906 0.05
1 0.144875 0.986 0.03689935636295029 0.05
1 0.3009375 0.986 0.04287791535277805 0.05
1 0.10225 1.0505 0.044735332791877164 0.05
3 0.19975 0.59775 0.28750000000000003 0.5415000000000001
3 0.48725 0.59775 0.2875 0.5415000000000001
3 0.19975 1.13925 0.28750000000000003 0.5414999999999999
3 0.48725 1.13925 0.2875 0.5414999999999999