0 0.23850000000000002 0.121 0.419 0
0 0.050499999999999996 0.161 0.043 0
0 0.243 0.161 0.06600000000000003 0
0 0.392625 0.1905 0 0.069
0 0.246 0.241 0.07199999999999998 0
0 0.264 0.2585 0 0.04899999999999996
0 0.1475 0.3975 0 0.123
0 0.308375 0.399 0 0.066
0 0.392 0.40700000000000003 0 0.043999999999999984
0 0.121 0.441 0.182 0
0 0.229 0.202 0 0.06799999999999998
1 0.2465 0.2255 0.03505709628591621 0.05
3 0.13375 0.2055 0.2095 0.16899999999999998
3 0.34325 0.2055 0.20950000000000002 0.16899999999999998
3 0.13375 0.3745 0.2095 0.16900000000000004
3 0.34325 0.3745 0.20950000000000002 0.16900000000000004