0 0.1885 0.2715 0 0.347
0 0.027375 0.177 0 0.07
0 0.06690625 0.21100000000000002 0 0.13800000000000004
0 0.2215 0.218 0.07100000000000001 0
0 0.1075 0.324 0 0.09199999999999997
0 0.1455 0.2995 0 0.04899999999999999
0 0.1605 0.338 0.04299999999999998 0
0 0.1125 0.458 0.167 0
0 0.30100000000000005 0.458 0.04999999999999999 0
0 0.02675 0.49750000000000005 0 0.063
0 0.2935 0.498 0.061 0
0 0.3055 0.538 0.063 0
0 0.066 0.3425 0 0.05099999999999999
0 0.106 0.1685 0 0.056999999999999995
1 0.087203125 0.279 0.040642988805727615 0.05
3 0.1043125 0.20800000000000002 0.155125 0.22
3 0.2594375 0.20800000000000002 0.155125 0.22
3 0.1043125 0.42800000000000005 0.155125 0.22000000000000003
3 0.2594375 0.42800000000000005 0.155125 0.22000000000000003