0 0.1506875 0.394 0 0.552
0 0.43625 0.1865 0 0.056999999999999995
0 0.312 0.198 0.06399999999999995 0
0 0.3085 0.238 0.059 0
0 0.3915 0.243 0 0.04000000000000001
0 0.46299999999999997 0.238 0.045999999999999985 0
0 0.4125 0.278 0.07300000000000001 0
0 0.2875 0.318 0.061 0
0 0.1775 0.358 0.12299999999999998 0
0 0.169 0.398 0.057999999999999996 0
0 0.312875 0.4535 0 0.15700000000000003
0 0.191375 0.473 0 0.11800000000000005
0 0.281 0.438 0.10600000000000001 0
0 0.162 0.478 0.043999999999999984 0
0 0.2825 0.478 0.07100000000000001 0
0 0.350375 0.51 0 0.04400000000000004
0 0.1045 0.558 0.10300000000000001 0
0 0.2265 0.634 0 0.07200000000000006
0 0.0935 0.638 0.061 0
0 0.112 0.6225 0 0.049000000000000044
0 0.232 0.471 0 0.12400000000000005
0 0.272 0.4325 0 0.11499999999999999
0 0.312 0.258 0 0.18999999999999997
1 0.431 0.258 0.041 0.05
1 0.217 0.338 0.043863424398922615 0.05
3 0.16125 0.256 0.21650000000000003 0.276
3 0.37775000000000003 0.256 0.21649999999999997 0.276
3 0.16125 0.532 0.21650000000000003 0.276
3 0.37775000000000003 0.532 0.21649999999999997 0.276