0 0.479875 0.233 0 0.068
0 0.187 0.239 0.276 0
0 0.219 0.639 0.334 0
0 0.476 0.75 0 0.062000000000000055
0 0.495 0.759 0.040000000000000036 0
0 0.55575 0.817 0 0.17600000000000005
0 0.32125 0.8415 0 0.127
0 0.082875 0.877 0 0.05600000000000005
0 0.08 0.258 0 0.04200000000000004
0 0.08 0.5980000000000001 0 0.10199999999999998
0 0.32 0.5994999999999999 0 0.06900000000000006
0 0.36 0.5994999999999999 0 0.06900000000000006
3 0.1756875 0.37550000000000006 0.253375 0.35300000000000004
3 0.4290625 0.37550000000000006 0.25337499999999996 0.35300000000000004
3 0.1756875 0.7285 0.253375 0.353
3 0.4290625 0.7285 0.25337499999999996 0.353