0 0.16999999999999998 0.144 0.04200000000000001 0
0 0.209125 0.1755 0 0.063
0 0.2915 0.224 0.061 0
0 0.68825 0.4225 0 0.09699999999999998
0 0.2625 0.464 0.231 0
0 0.158 0.504 0.045999999999999985 0
0 0.371 0.532 0 0.05600000000000005
0 0.608125 0.5945 0 0.07899999999999996
0 0.28775 0.6415 0 0.131
0 0.3694375 0.7 0 0.07199999999999995
0 0.442 0.7435 0 0.07900000000000007
0 0.687625 0.7424999999999999 0 0.07700000000000007
0 0.24 0.744 0.10399999999999998 0
0 0.32925 0.733 0 0.04200000000000004
0 0.48825 0.7625 0 0.05700000000000005
0 0.168 0.274 0 0.14199999999999996
0 0.288 0.495 0 0.11800000000000005
1 0.1885625 0.205 0.04131907096003007 0.05
1 0.3085 0.7095 0.04180011961705373 0.05
3 0.2733125 0.30575 0.276625 0.3235
3 0.5499375 0.30575 0.276625 0.3235
3 0.2733125 0.6292500000000001 0.276625 0.3235
3 0.5499375 0.6292500000000001 0.276625 0.3235