0 0.0455 0.41600000000000004 0 0.442
0 0.485125 0.225 0 0.06
0 0.08525 0.3345 0 0.253
0 0.08149999999999999 0.315 0.073 0
0 0.0765 0.355 0.063 0
0 0.08299999999999999 0.395 0.076 0
0 0.08199999999999999 0.435 0.074 0
0 0.166 0.475 0.132 0
0 0.1805 0.515 0.125 0
0 0.123375 0.5205 0 0.12099999999999994
0 0.085625 0.688 0 0.12
0 0.2035 0.6265000000000001 0 0.04700000000000004
0 0.6005 0.635 0.15500000000000003 0
0 0.1445 0.675 0.195 0
0 0.6005 0.675 0.15500000000000003 0
0 0.1455 0.715 0.197 0
0 0.526 0.673 0 0.08399999999999996
0 0.61225 0.6930000000000001 0 0.04399999999999993
0 0.1785 0.755 0.267 0
0 0.08449999999999999 0.795 0.079 0
0 0.20675 0.7745 0 0.041000000000000036
0 0.28425 0.796 0 0.09399999999999997
0 0.10800000000000001 0.835 0.12000000000000001 0
0 0.2695 0.835 0.093 0
0 0.213 0.875 0.07800000000000001 0
0 0.144 0.915 0.06599999999999999 0
0 0.2595 0.915 0.041000000000000036 0
0 0.3256875 0.9555 0 0.21700000000000008
0 0.10350000000000001 0.955 0.111 0
0 0.29000000000000004 0.955 0.09800000000000003 0
0 0.3065 0.995 0.18500000000000003 0
0 0.6145 0.995 0.05900000000000005 0
0 0.23349999999999999 1.035 0.10499999999999998 0
0 0.37250000000000005 1.035 0.067 0
0 0.442 1.056 0 0.052000000000000046
0 0.5525 1.035 0.06499999999999995 0
0 0.20350000000000001 1.075 0.137 0
0 0.472 1.075 0.11000000000000004 0
0 0.6545000000000001 1.075 0.04700000000000004 0
0 0.085 1.029 0 0.1100000000000001
0 0.125 0.7005 0 0.10099999999999998
0 0.125 0.9430000000000001 0 0.118
0 0.165 0.498 0 0.062
0 0.165 0.7195 0 0.14300000000000002
0 0.165 0.87 0 0.09600000000000009
0 0.205 0.49750000000000005 0 0.061
0 0.205 1.0230000000000001 0 0.09800000000000009
0 0.245 0.5285 0 0.12299999999999994
0 0.245 0.848 0 0.44599999999999995
0 0.285 0.9755 0 0.19300000000000006
0 0.365 0.988 0 0.10599999999999987
0 0.405 0.359 0 0.328
0 0.405 1.0090000000000001 0 0.15000000000000002
0 0.525 0.9359999999999999 0 0.2899999999999999
0 0.565 0.671 0 0.08199999999999996
0 0.565 1.0785 0 0.06300000000000017
0 0.645 0.23700000000000002 0 0.068
0 0.645 0.6685 0 0.07699999999999996
0 0.645 1.0310000000000001 0 0.1140000000000001
1 0.0655625 0.6325 0.041121960373989956 0.05
1 0.1043125 0.4605 0.03813811249917856 0.05
1 0.18425 0.649 0.03855191305240247 0.05
1 0.22425 0.5585 0.04348850422812907 0.05
1 0.30496875 0.845 0.04163011417531785 0.05
1 0.171 0.855 0.04044749683231337 0.05
1 0.582 1.015 0.04 0.05
1 0.4115 1.055 0.041484937025383084 0.05
1 0.501 1.055 0.040607881008493905 0.05
3 0.20325 0.42374999999999996 0.3165 0.45749999999999996
3 0.51975 0.42374999999999996 0.31650000000000006 0.45749999999999996
3 0.20325 0.8812500000000001 0.3165 0.45750000000000013
3 0.51975 0.8812500000000001 0.31650000000000006 0.45750000000000013