0 0.03 0.17950000000000002 0 0.327
0 0.375 0.4775 0 0.22099999999999997
0 0.12250000000000001 0.397 0.219 0
0 0.35550000000000004 0.397 0.07700000000000001 0
0 0.35850000000000004 0.613 0.07300000000000001 0
0 0.12000000000000001 0.637 0.212 0
0 0.358 0.637 0.07200000000000001 0
0 0.205 0.5820000000000001 0 0.10599999999999998
3 0.1085 0.17125 0.19099999999999998 0.3105
3 0.2995 0.17125 0.19100000000000003 0.3105
3 0.1085 0.48175 0.19099999999999998 0.3105
3 0.2995 0.48175 0.19100000000000003 0.3105