0 0.5765 0.218 0.20500000000000007 0
0 0.605 0.258 0.05800000000000005 0
0 0.5994999999999999 0.298 0.04700000000000004 0
0 0.63 0.344 0 0.06
0 0.597 0.378 0.04200000000000004 0
0 0.6499999999999999 0.418 0.14800000000000002 0
0 0.892 0.418 0.256 0
0 0.548375 0.484 0 0.08400000000000002
0 0.589375 0.579 0 0.08199999999999996
0 0.6295 0.5715 0 0.06699999999999995
0 0.605 0.578 0.05400000000000005 0
0 0.82525 0.593 0 0.08599999999999997
0 0.8683125 0.6535 0 0.121
0 0.82525 0.6915 0 0.06699999999999995
0 0.605 0.818 0.05400000000000005 0
0 0.951875 0.8545 0 0.07300000000000006
0 0.603 0.858 0.050000000000000044 0
0 0.596 0.898 0.04800000000000004 0
0 0.873 0.898 0.06600000000000006 0
0 0.596 0.938 0.04400000000000004 0
0 0.9395 0.938 0.09499999999999997 0
0 0.5965 0.978 0.041000000000000036 0
0 0.9345 0.978 0.08099999999999996 0
0 0.388 0.9510000000000001 0 0.126
0 0.588 0.2975 0 0.235
0 0.588 0.894 0 0.16799999999999993
0 0.628 0.2315 0 0.09900000000000003
0 0.628 0.8905 0 0.15300000000000002
0 0.868 0.873 0 0.08800000000000008
1 0.629 0.278 0.03306055050963308 0.05
1 0.744 0.418 0.04 0.05
1 0.568875 0.532 0.04272001872658766 0.05
1 0.899 0.918 0.04237924020083418 0.05
3 0.546 0.38849999999999996 0.31599999999999995 0.417
3 0.862 0.38849999999999996 0.31600000000000006 0.417
3 0.546 0.8055 0.31599999999999995 0.41700000000000004
3 0.862 0.8055 0.31600000000000006 0.41700000000000004