0 0.35275 0.2245 0 0.069
0 0.433 0.2245 0 0.069
0 0.28150000000000003 0.23 0.493 0
0 0.03725 0.265 0 0.09
0 0.278 0.265 0 0.09
0 0.03725 0.6 0 0.5
0 0.278 0.449 0 0.20200000000000007
0 0.2756875 0.72 0 0.26
0 0.4595 0.59 0.08300000000000002 0
0 0.24050000000000002 0.63 0.07700000000000001 0
0 0.23750000000000002 0.67 0.07100000000000001 0
0 0.46925 0.6915 0 0.04299999999999993
0 0.068 0.71 0.066 0
0 0.1154375 0.7615000000000001 0 0.17699999999999994
0 0.155171875 0.7315 0 0.237
0 0.1943125 0.766 0 0.16799999999999993
0 0.2366875 0.73 0 0.126
0 0.45499999999999996 0.71 0.07200000000000001 0
0 0.07596875 0.788 0 0.124
0 0.2435 0.79 0.09699999999999998 0
0 0.491 0.79 0.07400000000000001 0
0 0.16349999999999998 0.83 0.257 0
0 0.504 0.83 0.04800000000000004 0
0 0.075 0.6575 0 0.08899999999999997
0 0.315 0.218 0 0.08400000000000002
0 0.395 0.239 0 0.04000000000000001
0 0.515 0.813 0 0.07399999999999995
1 0.03725 0.33 0.04 0.05
1 0.278 0.329 0.038 0.05
1 0.27684375 0.57 0.04006678994192073 0.05
3 0.15825 0.34450000000000003 0.24649999999999997 0.337
3 0.40475 0.34450000000000003 0.24650000000000005 0.337
3 0.15825 0.6815 0.24649999999999997 0.33699999999999997
3 0.40475 0.6815 0.24650000000000005 0.33699999999999997