0 1.4975 0.865 0.19300000000000006 0
0 1.14 0.447 0 0.398
0 1.18 0.8475 0 0.14700000000000002
0 1.215 0.361 0 0.21599999999999997
0 1.565 0.4405 0 0.11099999999999999
0 1.605 0.657 0 0.552
0 1.1829999999999998 0.325 0.06600000000000006 0
0 1.0145 0.653 0.05500000000000005 0
0 1.182 0.653 0.06600000000000006 0
0 1.3855 0.653 0.05499999999999994 0
0 1.3245 0.661 0.06499999999999995 0
2 1.4975 0.865 0.035 0.05
2 1.14 0.38066666666666665 0.035 0.05
2 1.14 0.5133333333333333 0.035 0.05
3 1.1415 0.41925 0.30900000000000005 0.3425
3 1.4505 0.41925 0.30899999999999994 0.3425
3 1.1415 0.76175 0.30900000000000005 0.3425
3 1.4505 0.76175 0.30899999999999994 0.3425