0 0.52475 0.26149999999999995 0 0.05299999999999999
0 0.129 0.255 0 0.040000000000000036
0 0.528 0.5415 0 0.2929999999999999
0 0.1925 0.595 0.133 0
0 0.089 0.635 0.082 0
0 0.25275 0.659 0 0.04800000000000004
0 0.366 0.6495 0 0.07899999999999996
0 0.518 0.635 0.15599999999999997 0
0 0.7035 0.635 0.04899999999999993 0
0 0.13025 0.633 0 0.08400000000000007
0 0.208 0.7265 0 0.131
0 0.398 0.755 0.03999999999999998 0
0 0.526 0.872 0 0.23399999999999999
0 0.187 0.795 0.118 0
0 0.4335 0.795 0.201 0
0 0.24525 0.9155 0 0.16100000000000003
0 0.449375 0.851 0 0.05600000000000005
0 0.64575 0.8185 0 0.04699999999999993
0 0.078 0.875 0.06 0
0 0.3735 0.875 0 0.04600000000000004
0 0.47450000000000003 0.875 0.11500000000000005 0
0 0.078 0.915 0.06 0
0 0.37375 0.935 0 0.039999999999999925
0 0.46699999999999997 0.915 0.10000000000000003 0
0 0.1515 0.955 0.20700000000000002 0
0 0.39749999999999996 0.955 0.14699999999999996 0
0 0.5645 0.955 0.09899999999999998 0
0 0.153 0.995 0.21000000000000002 0
0 0.3895 0.995 0.131 0
0 0.5455 0.995 0.06499999999999995 0
0 0.606 0.968 0 0.05800000000000005
0 0.093 1.035 0.09000000000000001 0
0 0.52825 1.1225 0 0.17900000000000005
0 0.6095 1.077 0 0.08200000000000007
0 0.5775 1.115 0.301 0
0 0.5575 1.155 0.04899999999999993 0
0 0.49350000000000005 1.195 0.13300000000000006 0
0 0.519 1.235 0.06800000000000006 0
0 0.446 1.275 0.040000000000000036 0
0 0.47950000000000004 1.315 0.10500000000000004 0
0 0.088 0.639 0 0.052000000000000046
0 0.088 0.9099999999999999 0 0.17200000000000004
0 0.128 0.8109999999999999 0 0.11399999999999999
0 0.128 0.968 0 0.05600000000000005
0 0.168 0.8285 0 0.07899999999999996
0 0.168 0.9695 0 0.05300000000000005
0 0.208 0.8474999999999999 0 0.04700000000000004
0 0.208 0.9704999999999999 0 0.051000000000000045
0 0.328 0.9610000000000001 0 0.06399999999999995
0 0.408 0.8175 0 0.05899999999999994
0 0.448 0.6475 0 0.07500000000000007
0 0.448 0.976 0 0.04800000000000004
0 0.488 0.6515 0 0.07899999999999996
0 0.488 0.8345 0 0.08499999999999996
0 0.488 0.956 0 0.08399999999999996
0 0.488 1.139 0 0.07200000000000006
0 0.568 0.6365000000000001 0 0.05300000000000005
0 0.568 0.9664999999999999 0 0.05500000000000005
0 0.568 1.1835 0 0.052999999999999936
0 0.648 1.1255000000000002 0 0.08299999999999996
0 0.648 1.307 0 0.050000000000000044
0 0.688 0.6375 0 0.051000000000000045
1 0.1535 0.615 0.04019950248448356 0.05
1 0.188 0.7905 0.04011234224026316 0.05
1 0.527125 1.011 0.04405749085002458 0.05
1 0.39075 0.843 0.034860436027106714 0.05
1 0.516 0.935 0.04004996878900158 0.05
1 0.60775 1.0165 0.03915673632978111 0.05
1 0.4895 1.255 0.04428317965096906 0.05
3 0.218 0.50925 0.34 0.5485
3 0.558 0.50925 0.33999999999999997 0.5485
3 0.218 1.05775 0.34 0.5485000000000001
3 0.558 1.05775 0.33999999999999997 0.5485000000000001