0 0.75975 0.30900000000000005 0 0.057999999999999996
0 1.116 0.3105 0 0.061
0 0.6094999999999999 0.32 0.703 0
0 1.099 0.32 0.08800000000000008 0
0 0.39975 0.3315 0 0.056999999999999995
0 0.5635 0.3315 0 0.056999999999999995
0 0.63375 0.34650000000000003 0 0.08700000000000002
0 0.8005 0.36 0.040999999999999925 0
0 0.637 0.5495 0 0.16699999999999998
0 0.7264999999999999 0.48 0.06300000000000006 0
0 0.84025 0.48650000000000004 0 0.04099999999999998
0 0.1959375 0.79 0 0.5419999999999999
0 0.756 0.52 0.122 0
0 0.9695 0.52 0.18900000000000006 0
0 0.73 0.56 0.062000000000000055 0
0 0.881 0.56 0.16799999999999993 0
0 0.7585 0.6 0.119 0
0 0.838125 0.585 0 0.08399999999999996
0 0.897 0.6 0.052000000000000046 0
0 0.4455 0.64 0.059 0
0 0.8089999999999999 0.64 0.22000000000000008 0
0 0.391 0.7350000000000001 0 0.10999999999999999
0 0.637 0.7315 0 0.10299999999999998
0 0.8075 0.68 0.21700000000000008 0
0 0.961 0.7735000000000001 0 0.18699999999999994
0 0.594625 0.7175 0 0.05900000000000005
0 0.716 0.649 0 0.14200000000000002
0 0.475 0.7665 0 0.04500000000000004
0 0.635 0.76 0.134 0
0 1.0514999999999999 0.88 0.18300000000000005 0
0 1.055 0.92 0.17600000000000005 0
0 0.657 0.96 0.07999999999999996 0
0 0.6859999999999999 1 0.07999999999999996 0
0 1.023 1 0.11199999999999999 0
0 0.6719999999999999 1.04 0.051999999999999935 0
0 0.665 1.08 0.07399999999999995 0
0 0.8795 1.093 0 0.08999999999999986
0 1.0335 1.08 0.13300000000000012 0
0 0.19675 1.1475 0 0.10899999999999999
0 0.481 1.139 0 0.041999999999999815
0 0.235 1.2145000000000001 0 0.04500000000000015
0 0.997125 1.2229999999999999 0 0.07599999999999985
0 1.081 1.2 0.08000000000000007 0
0 0.35750000000000004 1.24 0.044999999999999984 0
0 1.092 1.24 0.10200000000000009 0
0 0.83725 1.3225 0 0.05500000000000016
0 0.15625 1.4325 0 0.3190000000000002
0 0.726 1.36 0.040000000000000036 0
0 0.793 1.456 0 0.1120000000000001
0 0.8260000000000001 1.44 0.06399999999999995 0
0 0.43975 1.505 0 0.050000000000000044
0 0.825 1.48 0.061999999999999944 0
0 0.39449999999999996 1.52 0.069 0
0 0.8069999999999999 1.52 0.07599999999999996 0
0 0.8180000000000001 1.56 0.07599999999999996 0
0 0.276 0.39649999999999996 0 0.179
0 0.276 0.895 0 0.5840000000000001
0 0.316 1.1755 0 0.05900000000000016
0 0.356 1.3265 0 0.28900000000000015
0 0.516 0.6645 0 0.07299999999999995
0 0.556 0.7070000000000001 0 0.051999999999999935
0 0.636 1.0154999999999998 0 0.14700000000000002
0 0.676 1.017 0 0.15800000000000014
0 0.716 0.41900000000000004 0 0.26600000000000007
0 0.716 1.4715 0 0.2410000000000001
0 0.756 0.52 0 0.10199999999999998
0 0.796 0.5640000000000001 0 0.09799999999999998
0 0.836 0.3415 0 0.07700000000000001
0 0.836 1.572 0 0.040000000000000036
0 0.876 0.601 0 0.16400000000000003
0 0.916 0.5865 0 0.19300000000000006
0 0.956 0.32399999999999995 0 0.04199999999999998
0 0.996 0.511 0 0.08400000000000007
0 0.996 0.899 0 0.04200000000000004
0 1.036 0.511 0 0.08400000000000007
0 1.036 0.8494999999999999 0 0.06900000000000006
0 1.036 1.2214999999999998 0 0.07899999999999996
0 1.076 0.32399999999999995 0 0.04199999999999998
0 1.076 1.1949999999999998 0 0.1260000000000001
0 1.116 0.8975 0 0.04500000000000004
1 0.8391875 0.525 0.0360626624779702 0.05
1 0.19634375 1.077 0.032010313279472916 0.05
1 0.9785 0.8725 0.03668787265568828 0.05
1 0.716 0.503 0.026 0.05
1 0.215875 1.197 0.03953558523659413 0.05
1 0.2555 0.92 0.041303752856126766 0.05
1 0.536 0.691 0.044721359549995794 0.05
3 0.4029375 0.6080000000000001 0.493375 0.656
3 0.8963125000000001 0.6080000000000001 0.493375 0.656
3 0.4029375 1.264 0.493375 0.656
3 0.8963125000000001 1.264 0.493375 0.656