0 0.581 0.715 0.15800000000000003 0
0 1.9180000000000001 1.265 0.1100000000000001 0
0 1.613 1.29 0.764 0
0 1.1524999999999999 1.545 0.14300000000000002 0
0 0.683 1.6 0.13 0
0 0.5820000000000001 1.8 0.11599999999999999 0
0 1.1934999999999998 1.985 0.123 0
0 0.996 2.155 0.258 0
0 0.135 2.0715 0 0.381
0 0.415 1.1804999999999999 0 0.135
0 0.455 2.033 0 0.30200000000000027
0 0.5 2.1449999999999996 0 0.262
0 0.77 2.2255 0 0.10899999999999999
0 0.805 1.7325 0 0.20500000000000007
0 0.86 1.0105 0 0.12300000000000011
0 0.87 2.2245 0 0.11699999999999999
0 1.045 2.218 0 0.1299999999999999
0 1.135 2.0925000000000002 0 0.371
0 1.24 2.045 0 0.32399999999999984
0 1.785 0.5065 0 0.46499999999999997
0 0.125 2.2275 0 0.054999999999999716
0 0.525 1.4100000000000001 0 0.09199999999999986
0 0.613 0.747 0 0.06400000000000006
0 0.877 0.355 0 0.09400000000000003
0 1.133 1.5875 0 0.07899999999999996
0 1.381 1.337 0 0.08199999999999985
0 1.773 0.48150000000000004 0 0.07100000000000001
0 1.789 1.1880000000000002 0 0.062000000000000055
2 0.581 0.715 0.035 0.05
2 0.805 1.7325 0.035 0.05
2 1.135 2.030666666666667 0.035 0.05
2 1.135 2.1543333333333337 0.035 0.05
2 1.24 1.991 0.035 0.05
2 1.24 2.099 0.035 0.05
2 1.785 0.39025 0.035 0.05
2 1.785 0.5065 0.035 0.05
2 1.785 0.62275 0.035 0.05
3 0.5925 0.77625 0.935 1.0045
3 1.5275 0.77625 0.935 1.0045
3 0.5925 1.7807499999999998 0.935 1.0045
3 1.5275 1.7807499999999998 0.935 1.0045