0 0.3225 0.301 0 0.21799999999999997
0 0.249 0.573 0 0.041999999999999926
0 0.403 0.595 0 0.040000000000000036
0 0.5225625 0.604 0 0.08200000000000007
0 0.379 0.672 0.16400000000000003 0
0 0.32140625 0.8225 0 0.22100000000000009
0 0.482875 0.706 0 0.04799999999999993
0 0.36125 0.7915 0 0.10299999999999998
0 0.5605 0.839 0 0.16400000000000003
0 0.605 0.792 0.04400000000000004 0
0 0.398875 0.8534999999999999 0 0.04300000000000004
0 0.5760000000000001 0.832 0.041999999999999926 0
0 0.4828125 0.8895 0 0.08900000000000008
0 0.39049999999999996 0.912 0.179 0
0 0.5695 0.912 0.040999999999999925 0
0 0.571 0.992 0.051999999999999935 0
0 0.5865 1.072 0.08099999999999996 0
0 0.441 0.9125 0 0.052999999999999936
0 0.521 0.45299999999999996 0 0.03999999999999998
0 0.521 0.6965 0 0.04299999999999993
1 0.52178125 0.66 0.030040662546788145 0.05
1 0.3800625 0.8375 0.03920000797193796 0.05
1 0.591 0.812 0.04237924020083418 0.05
3 0.3435 0.41200000000000003 0.189 0.44
3 0.5325 0.41200000000000003 0.189 0.44
3 0.3435 0.8520000000000001 0.189 0.44000000000000006
3 0.5325 0.8520000000000001 0.189 0.44000000000000006