0 0.63 0.28 0.10200000000000009 0
0 0.7809999999999999 0.335 0.16200000000000003 0
0 0.385 0.45999999999999996 0 0.46799999999999997
0 0.455 0.2815 0 0.307
0 0.525 0.8460000000000001 0 0.17000000000000004
0 0.715 0.20400000000000001 0 0.15400000000000003
0 0.23099999999999998 0.909 0.11199999999999999 0
2 0.781 0.335 0.035 0.05
2 0.385 0.343 0.035 0.05
2 0.385 0.46 0.035 0.05
2 0.385 0.577 0.035 0.05
2 0.455 0.2303333333333333 0.035 0.05
2 0.455 0.3326666666666666 0.035 0.05
2 0.525 0.846 0.035 0.05
3 0.34675 0.328 0.34349999999999997 0.402
3 0.69025 0.328 0.3435 0.402
3 0.34675 0.73 0.34349999999999997 0.402
3 0.69025 0.73 0.3435 0.402