0 0.43525 0.622 0 0.04400000000000004
0 0.29600000000000004 0.72 0.518 0
0 0.0825 0.8400000000000001 0 0.07999999999999996
0 0.07734375 1.1135000000000002 0 0.14700000000000002
0 0.1345 1.12 0.195 0
0 0.193 1.2 0.07600000000000001 0
0 0.061 1.24 0.04 0
0 0.2505 1.28 0.06499999999999997 0
0 0.31925 1.279 0 0.062000000000000055
0 0.534 1.32 0.04200000000000004 0
0 0.280625 1.3445 0 0.07299999999999995
0 0.083 1.4369999999999998 0 0.07400000000000007
0 0.524 1.3035 0 0.19299999999999984
0 0.197125 1.442 0 0.07200000000000006
0 0.396 1.44 0.05199999999999999 0
0 0.487 1.52 0.062 0
0 0.037 0.717 0 0.04800000000000004
0 0.077 1.2650000000000001 0 0.051999999999999824
0 0.117 1.1525 0 0.07299999999999995
0 0.117 1.427 0 0.09800000000000009
0 0.157 1.167 0 0.10199999999999987
0 0.157 1.427 0 0.09800000000000009
0 0.197 1.1625 0 0.09299999999999997
0 0.277 1.242 0 0.04400000000000004
0 0.317 1.1715 0 0.08700000000000019
0 0.317 1.4289999999999998 0 0.09000000000000008
0 0.397 1.3665 0 0.125
1 0.2999375 1.309 0.03867674527413081 0.05
1 0.318125 1.219 0.03307661560679992 0.05
1 0.2988125 1.3825 0.036498501681575916 0.05
3 0.16649999999999998 0.8300000000000001 0.259 0.4600000000000001
3 0.4255 0.8300000000000001 0.25900000000000006 0.4600000000000001
3 0.16649999999999998 1.29 0.259 0.45999999999999996
3 0.4255 1.29 0.25900000000000006 0.45999999999999996