0 0.66875 0.149 0 0.062
0 0.74675 0.156 0 0.07600000000000001
0 0.06675 0.3955 0 0.555
0 0.7085 0.158 0.09099999999999997 0
0 0.27949999999999997 0.198 0.08900000000000002 0
0 0.7035 0.1745 0 0.047000000000000014
0 0.349875 0.28049999999999997 0 0.04099999999999998
0 0.2264375 0.347 0 0.08800000000000002
0 0.8655 0.40249999999999997 0 0.07300000000000001
0 0.5185 0.438 0.37699999999999995 0
0 0.901 0.438 0.14 0
0 0.2845 0.478 0.08900000000000002 0
0 0.49350000000000005 0.478 0.067 0
0 0.626171875 0.5585 0 0.17900000000000005
0 0.9145000000000001 0.478 0.041000000000000036 0
0 0.510375 0.6155 0 0.11499999999999999
0 0.58703125 0.5980000000000001 0 0.15000000000000002
0 0.499 0.598 0.050000000000000044 0
0 0.855 0.598 0.05800000000000005 0
0 0.91025 0.5925 0 0.051000000000000045
0 0.293 0.638 0.10599999999999998 0
0 0.39 0.647 0 0.052000000000000046
0 0.463125 0.6395 0 0.06700000000000006
0 0.6419999999999999 0.638 0.13 0
0 0.226 0.5415 0 0.08499999999999996
0 0.266 0.646 0 0.05400000000000005
0 0.306 0.646 0 0.05400000000000005
0 0.346 0.646 0 0.05400000000000005
0 0.466 0.4515 0 0.05299999999999999
0 0.546 0.478 0 0.10400000000000004
0 0.666 0.5495 0 0.24700000000000005
0 0.706 0.46599999999999997 0 0.35200000000000004
0 0.826 0.5485 0 0.08099999999999996
0 0.906 0.47 0 0.08400000000000002
0 0.946 0.4525 0 0.04899999999999999
0 0.986 0.28600000000000003 0 0.08600000000000002
1 0.88575 0.4335 0.04196724913548659 0.05
1 0.4735 0.458 0.04001249804748511 0.05
1 0.566515625 0.5495 0.04162407328172605 0.05
3 0.2965625 0.25675000000000003 0.45962500000000006 0.2775
3 0.7561875 0.25675000000000003 0.45962499999999995 0.2775
3 0.2965625 0.53425 0.45962500000000006 0.2775
3 0.7561875 0.53425 0.45962499999999995 0.2775