0 0.096 0.297 0.08000000000000002 0
0 0.2575 0.297 0.041000000000000036 0
0 0.6214999999999999 0.297 0.04500000000000004 0
0 0.8135 0.537 0.07699999999999996 0
0 0.136625 0.779 0 0.21399999999999997
0 0.661 0.697 0.09399999999999997 0
0 0.102 0.777 0.092 0
0 0.0765 0.817 0.041 0
0 0.09 0.857 0.068 0
0 0.53 0.937 0.062000000000000055 0
0 0.6930000000000001 0.977 0.08399999999999996 0
0 0.7515000000000001 1.097 0.20099999999999996 0
0 0.673 1.177 0.04999999999999993 0
0 0.732 1.2385000000000002 0 0.04299999999999993
0 0.454 1.257 0.7959999999999999 0
0 0.7829999999999999 1.337 0.138 0
0 0.744 1.417 0.07800000000000007 0
0 0.096 0.7210000000000001 0 0.08599999999999997
0 0.096 1.224 0 0.04800000000000004
0 0.136 1.241 0 0.09999999999999987
0 0.216 0.27849999999999997 0 0.04299999999999998
0 0.216 0.8320000000000001 0 0.07799999999999996
0 0.216 1.244 0 0.09399999999999986
0 0.256 0.7695000000000001 0 0.06300000000000006
0 0.256 1.241 0 0.09999999999999987
0 0.296 1.3864999999999998 0 0.06299999999999994
0 0.336 1.2595 0 0.06299999999999994
0 0.376 0.5095000000000001 0 0.505
0 0.376 1.0785 0 0.42499999999999993
0 0.416 0.9035 0 0.08099999999999996
0 0.416 1.2165 0 0.06299999999999994
0 0.496 1.2149999999999999 0 0.05400000000000005
0 0.536 0.2845 0 0.05499999999999999
0 0.536 1.258 0 0.06599999999999984
0 0.576 1.2285 0 0.06299999999999994
0 0.616 1.255 0 0.07199999999999984
0 0.656 1.074 0 0.42800000000000005
0 0.696 1.008 0 0.17399999999999993
0 0.696 1.2245 0 0.133
0 0.776 0.6245 0 0.22699999999999998
0 0.776 1.221 0 0.07199999999999984
0 0.776 1.376 0 0.09000000000000008
0 0.816 0.5994999999999999 0 0.19099999999999995
0 0.816 1.2454999999999998 0 0.04699999999999993
1 0.236 0.8045 0.040792156108742275 0.05
1 0.516 1.2335 0.04346262762420146 0.05
3 0.255 0.548 0.398 0.582
3 0.653 0.548 0.39799999999999996 0.582
3 0.255 1.13 0.398 0.5820000000000001
3 0.653 1.13 0.39799999999999996 0.5820000000000001