0 0.447 0.3245 0 0.061
0 0.5615 0.3225 0 0.04899999999999999
0 0.5915 0.338 0.07299999999999995 0
0 0.087 0.48150000000000004 0 0.05099999999999999
0 0.6525 0.48050000000000004 0 0.044999999999999984
0 0.101 0.498 0.108 0
0 0.3535 0.498 0.237 0
0 0.6094999999999999 0.498 0.07500000000000007 0
0 0.645875 0.683 0 0.04999999999999993
0 0.6484375 0.784 0 0.09199999999999997
0 0.6525 0.818 0.11699999999999999 0
0 0.46799999999999997 0.858 0.09000000000000002 0
0 0.571125 0.892 0 0.06800000000000006
0 0.287 0.35 0 0.04199999999999998
0 0.447 0.8505 0 0.04500000000000004
0 0.487 0.848 0 0.04800000000000004
0 0.527 0.907 0 0.040000000000000036
0 0.607 0.3125 0 0.051000000000000045
0 0.607 0.694 0 0.039999999999999925
1 0.64715625 0.723 0.030109241210133475 0.05
1 0.507 0.8795 0.04272001872658766 0.05
3 0.213 0.44699999999999995 0.332 0.32
3 0.5449999999999999 0.44699999999999995 0.33199999999999996 0.32
3 0.213 0.767 0.332 0.32000000000000006
3 0.5449999999999999 0.767 0.33199999999999996 0.32000000000000006