0 0.3528125 0.21200000000000002 0 0.11200000000000002
0 0.9110625 0.23550000000000001 0 0.07100000000000001
0 0.835625 0.2815 0 0.13299999999999998
0 0.1235 0.334 0.040999999999999995 0
0 0.1225 0.374 0.04299999999999998 0
0 0.30775 0.308 0 0.348
0 0.1215 0.414 0.044999999999999984 0
0 0.392375 0.4335 0 0.07099999999999995
0 0.8385 0.414 0.051000000000000045 0
0 0.11649999999999999 0.454 0.056999999999999995 0
0 0.86875 0.474 0 0.03999999999999998
0 1.031125 0.4565 0 0.04899999999999999
0 0.47125 0.48250000000000004 0 0.04299999999999998
0 0.914625 0.495 0 0.06
0 0.604 0.534 0.07400000000000007 0
0 0.5640000000000001 0.574 0.04599999999999993 0
0 0.6725 0.6335 0 0.08700000000000008
0 0.112 0.449 0 0.63
0 0.552 0.6665 0 0.19500000000000006
0 0.592 0.46299999999999997 0 0.05399999999999999
0 0.592 0.5449999999999999 0 0.04999999999999993
0 0.592 0.6245 0 0.041000000000000036
0 0.632 0.6025 0 0.05900000000000005
0 0.672 0.516 0 0.09799999999999992
0 0.832 0.44199999999999995 0 0.064
0 0.872 0.6970000000000001 0 0.134
0 0.992 0.6585 0 0.07099999999999995
0 1.032 0.6475 0 0.05700000000000005
0 1.072 0.571 0 0.04799999999999993
0 1.072 0.7090000000000001 0 0.061999999999999944
1 0.850375 0.452 0.04183972394746409 0.05
1 0.591 0.554 0.044721359549995794 0.05
1 0.67225 0.572 0.025004999500099975 0.05
1 0.572 0.642 0.04001249804748511 0.05
1 1.052 0.677 0.04004996878900158 0.05
3 0.33399999999999996 0.2915 0.492 0.315
3 0.8260000000000001 0.2915 0.4920000000000001 0.315
3 0.33399999999999996 0.6065 0.492 0.315
3 0.8260000000000001 0.6065 0.4920000000000001 0.315