0 0.14200000000000002 0.331 0.25 0
0 0.01925 0.351 0 0.03999999999999998
0 0.1495 0.371 0.177 0
0 0.1575 0.411 0.05499999999999999 0
0 0.22275 0.4415 0 0.061
0 0.1995 0.451 0.135 0
0 0.05825 0.472 0 0.043999999999999984
0 0.1595 0.491 0.05499999999999999 0
0 0.1525 0.531 0.04099999999999998 0
0 0.247 0.531 0.04000000000000001 0
0 0.177 0.571 0.096 0
0 0.1595 0.611 0.061 0
0 0.155 0.651 0.045999999999999985 0
0 0.14550000000000002 0.691 0.047000000000000014 0
0 0.159 0.731 0.05399999999999999 0
0 0.097 0.35150000000000003 0 0.069
0 0.137 0.476 0 0.236
0 0.137 0.6795 0 0.08699999999999997
0 0.177 0.47150000000000003 0 0.5509999999999999
0 0.217 0.35150000000000003 0 0.059
0 0.217 0.573 0 0.04399999999999993
0 0.257 0.355 0 0.05399999999999999
0 0.257 0.5345 0 0.04700000000000004
1 0.219875 0.397 0.03054607176053903 0.05
1 0.198 0.551 0.04004996878900158 0.05
1 0.137 0.615 0.042 0.05
3 0.07949999999999999 0.33375 0.12499999999999999 0.27549999999999997
3 0.20450000000000002 0.33375 0.12500000000000003 0.27549999999999997
3 0.07949999999999999 0.60925 0.12499999999999999 0.2755
3 0.20450000000000002 0.60925 0.12500000000000003 0.2755