0 0.157 0.264 0.09599999999999999 0
0 0.11750000000000001 0.304 0.157 0
0 0.27225 0.2975 0 0.04299999999999998
0 0.35425 0.29700000000000004 0 0.04199999999999998
0 0.354 0.504 0.05399999999999999 0
0 0.328 0.544 0.09399999999999997 0
0 0.348 0.5505 0 0.06699999999999995
0 0.2455 0.624 0.059000000000000025 0
0 0.2215 0.664 0.339 0
0 0.47050000000000003 0.664 0.08300000000000002 0
0 0.219 0.704 0.33 0
0 0.1455 0.744 0.079 0
0 0.3335 0.744 0.07100000000000001 0
0 0.47950000000000004 0.744 0.065 0
0 0.23125 0.7805 0 0.08099999999999996
0 0.39549999999999996 0.784 0.069 0
0 0.074 0.2995 0 0.046999999999999986
0 0.074 0.688 0 0.04599999999999993
0 0.114 0.4825 0 0.6769999999999999
0 0.154 0.2845 0 0.04299999999999998
0 0.154 0.743 0 0.15599999999999992
0 0.194 0.28500000000000003 0 0.07800000000000001
0 0.194 0.7025 0 0.17900000000000005
0 0.234 0.29900000000000004 0 0.045999999999999985
0 0.234 0.6890000000000001 0 0.04799999999999993
0 0.274 0.7050000000000001 0 0.08199999999999996
0 0.314 0.3005 0 0.044999999999999984
0 0.314 0.504 0 0.04200000000000004
0 0.314 0.7175 0 0.10699999999999998
0 0.354 0.7105 0 0.09299999999999997
0 0.394 0.30000000000000004 0 0.04799999999999999
0 0.434 0.2975 0 0.04299999999999998
0 0.474 0.319 0 0.08599999999999997
1 0.331 0.5335 0.034928498393145956 0.05
1 0.41 0.664 0.038 0.05
1 0.365 0.764 0.040792156108742275 0.05
1 0.4365 0.764 0.04346262762420146 0.05
1 0.232625 0.743 0.027139684965010187 0.05
3 0.15725 0.31325 0.23650000000000002 0.3385
3 0.39375000000000004 0.31325 0.2365 0.3385
3 0.15725 0.6517499999999999 0.23650000000000002 0.33849999999999997
3 0.39375000000000004 0.6517499999999999 0.2365 0.33849999999999997