0 0.6725 0.313 0.05499999999999994 0
0 0.827 0.313 0.16000000000000003 0
0 1.1865 0.313 0.06500000000000017 0
0 1.292 0.313 0.08400000000000007 0
0 0.734 0.353 1.2000000000000002 0
0 0.1575 0.393 0.046999999999999986 0
0 0.259 0.393 0.05199999999999996 0
0 0.4195 0.393 0.05499999999999999 0
0 0.716 0.393 0.06999999999999995 0
0 0.80475 0.346 0 0.09400000000000003
0 0.85 0.393 0.04400000000000004 0
0 0.606 0.433 0.04200000000000004 0
0 0.7145 0.433 0.08299999999999996 0
0 0.536 0.473 0.172 0
0 0.7270000000000001 0.473 0.09199999999999997 0
0 0.80675 0.5485 0 0.15100000000000002
0 0.5495 0.513 0.199 0
0 0.5235 0.553 0.14699999999999996 0
0 0.774 0.553 0.050000000000000044 0
0 0.8285 0.593 0.05699999999999994 0
0 0.1355 0.713 0.05900000000000001 0
0 0.446625 0.7345 0 0.11299999999999999
0 0.972 0.752 0 0.07800000000000007
0 0.125 0.753 0.041999999999999996 0
0 0.169875 0.9039999999999999 0 0.386
0 1.0885 0.753 0.4910000000000001 0
0 0.6185 0.793 0.1529999999999999 0
0 0.9059999999999999 0.793 0.10599999999999998 0
0 0.66 0.833 0.29200000000000004 0
0 0.8939999999999999 0.833 0.11199999999999999 0
0 0.6315 0.873 0.11499999999999999 0
0 0.8965000000000001 0.873 0.07300000000000006 0
0 0.598 0.913 0.26999999999999996 0
0 0.1875 0.953 0.19899999999999998 0
0 0.6015 0.953 0.17100000000000004 0
0 0.624 0.993 0.21599999999999997 0
0 0.8360000000000001 0.993 0.06799999999999995 0
0 0.3865 1.033 0.489 0
0 0.7095 1.033 0.052999999999999936 0
0 0.89475 1.065 0 0.06400000000000006
0 0.93075 1.0539999999999998 0 0.04200000000000004
0 0.16449999999999998 1.073 0.04100000000000001 0
0 0.5355000000000001 1.073 0.04300000000000004 0
0 0.9850000000000001 1.073 0.598 0
0 0.168 0.4105 0 0.22900000000000004
0 0.288 0.3605 0 0.123
0 0.328 0.321 0 0.04400000000000004
0 0.368 0.3225 0 0.046999999999999986
0 0.408 0.369 0 0.09599999999999997
0 0.448 0.3975 0 0.14100000000000001
0 0.448 0.5805 0 0.06699999999999995
0 0.488 0.5105000000000001 0 0.08500000000000002
0 0.528 0.479 0 0.316
0 0.528 0.96 0 0.274
0 0.568 0.49550000000000005 0 0.10500000000000004
0 0.568 0.8029999999999999 0 0.061999999999999944
0 0.568 0.9285 0 0.10499999999999998
0 0.608 0.4335 0 0.21300000000000002
0 0.608 0.6435 0 0.05700000000000005
0 0.608 0.9095 0 0.33099999999999996
0 0.648 0.34099999999999997 0 0.08400000000000002
0 0.648 0.9185 0 0.30899999999999994
0 0.688 0.394 0 0.15599999999999997
0 0.688 0.583 0 0.09799999999999998
0 0.688 0.9385 0 0.31699999999999995
0 0.728 0.40449999999999997 0 0.15099999999999997
0 0.728 0.8645 0 0.07300000000000006
0 0.728 1.0725 0 0.04899999999999993
0 0.768 0.33699999999999997 0 0.062
0 0.768 0.526 0 0.182
0 0.768 1.0585 0 0.07699999999999996
0 0.808 0.739 0 0.050000000000000044
0 0.808 0.8280000000000001 0 0.039999999999999925
0 0.848 0.45799999999999996 0 0.318
0 0.848 0.792 0 0.10999999999999999
0 0.848 1.0725 0 0.04899999999999993
0 0.888 0.3275 0 0.056999999999999995
0 0.888 0.802 0 0.15000000000000002
0 0.928 0.796 0 0.15400000000000003
0 0.968 1.0765 0 0.040999999999999925
0 1.008 1.0765 0 0.040999999999999925
0 1.048 1.0765 0 0.040999999999999925
0 1.088 1.0765 0 0.040999999999999925
0 1.128 1.0765 0 0.040999999999999925
0 1.168 0.32699999999999996 0 0.045999999999999985
0 1.168 1.0765 0 0.040999999999999925
0 1.208 0.3285 0 0.04899999999999999
0 1.248 0.32599999999999996 0 0.043999999999999984
0 1.288 0.3265 0 0.044999999999999984
0 1.328 0.32499999999999996 0 0.04199999999999998
1 1.2345 0.313 0.031 0.05
1 0.7995 0.573 0.04001249804748511 0.05
1 0.822 0.833 0.032 0.05
1 0.949375 1.0655 0.0418158163856692 0.05
1 0.468 0.468 0.04 0.05
1 0.468 0.541 0.04044749683231337 0.05
1 0.548 0.9345 0.041484937025383084 0.05
1 0.568 0.855 0.042 0.05
3 0.39949999999999997 0.49624999999999997 0.623 0.4005
3 1.0225 0.49624999999999997 0.6230000000000001 0.4005
3 0.39949999999999997 0.8967499999999999 0.623 0.40049999999999997
3 1.0225 0.8967499999999999 0.6230000000000001 0.40049999999999997