0 0.6074999999999999 0.159 0.16499999999999992 0
0 0.633 0.199 0.11399999999999999 0
0 0.32575 0.2455 0 0.04500000000000001
0 0.6105 0.21350000000000002 0 0.101
0 0.28525 0.259 0 0.040000000000000036
0 0.394 0.359 0.45599999999999996 0
0 0.17075 0.344 0 0.11000000000000004
0 0.44925 0.369 0 0.06
0 0.5305 0.399 0.10099999999999998 0
0 0.56 0.439 0.05599999999999994 0
0 0.3249375 0.49750000000000005 0 0.07100000000000001
0 0.524875 0.501 0 0.08200000000000002
0 0.4455 0.5065 0 0.041000000000000036
0 0.486125 0.496 0 0.314
0 0.20875 0.5675 0 0.04899999999999993
0 0.273 0.599 0.212 0
0 0.609 0.6575 0 0.041000000000000036
0 0.644 0.626 0 0.050000000000000044
0 0.166 0.5125 0 0.15699999999999997
0 0.406 0.363 0 0.04799999999999999
0 0.406 0.633 0 0.09000000000000008
0 0.526 0.3755 0 0.07299999999999995
0 0.526 0.6085 0 0.061000000000000054
0 0.566 0.177 0 0.04000000000000001
0 0.566 0.509 0 0.338
0 0.646 0.16 0 0.07200000000000001
0 0.686 0.178 0 0.09
0 0.686 0.5875 0 0.10299999999999998
1 0.168375 0.4165 0.03532085078250523 0.05
1 0.5254375 0.56 0.03601757383555977 0.05
1 0.6265 0.6395 0.03769615364994153 0.05
3 0.297 0.2625 0.262 0.277
3 0.5589999999999999 0.2625 0.26199999999999996 0.277
3 0.297 0.5395000000000001 0.262 0.277
3 0.5589999999999999 0.5395000000000001 0.26199999999999996 0.277