0 0.098 0.368 0.039999999999999994 0
0 0.0965 0.448 0.043 0
0 0.0965 0.488 0.043 0
0 0.0965 0.528 0.043 0
0 0.5055000000000001 0.528 0.04300000000000004 0
0 0.0955 0.568 0.045 0
0 0.0955 0.608 0.045 0
0 0.0765 0.648 0.059 0
0 0.08399999999999999 0.688 0.074 0
0 0.08399999999999999 0.728 0.074 0
0 0.24 0.728 0.05200000000000002 0
0 0.11649999999999999 0.768 0.077 0
0 0.17 0.7855 0 0.07499999999999996
0 0.60525 0.8779999999999999 0 0.2779999999999999
0 0.6865625 0.9095 0 0.347
0 0.125 0.808 0.09399999999999999 0
0 0.4575 0.808 0.133 0
0 0.634 0.808 0.15999999999999992 0
0 0.077 0.848 0.06 0
0 0.48575 0.844 0 0.04600000000000004
0 0.634 0.848 0.15999999999999992 0
0 0.077 0.888 0.06 0
0 0.244 0.9045000000000001 0 0.06500000000000006
0 0.347 0.888 0.04799999999999999 0
0 0.634 0.888 0.15999999999999992 0
0 0.078 0.928 0.062 0
0 0.2895 0.952 0 0.04799999999999993
0 0.634 0.928 0.15999999999999992 0
0 0.075 0.968 0.055999999999999994 0
0 0.249 0.968 0.06999999999999998 0
0 0.486375 0.9595 0 0.04300000000000004
0 0.634 0.968 0.15999999999999992 0
0 0.0965 1.008 0.047 0
0 0.4045 1.0285 0 0.040999999999999925
0 0.634 1.008 0.15999999999999992 0
0 0.08549999999999999 1.048 0.077 0
0 0.667 1.048 0.09399999999999997 0
0 0.079 1.088 0.06 0
0 0.6355 1.088 0.15699999999999992 0
0 0.10500000000000001 1.128 0.039999999999999994 0
0 0.086 1.168 0.078 0
0 0.10500000000000001 1.208 0.039999999999999994 0
0 0.2535 1.208 0.06499999999999997 0
0 0.10400000000000001 1.288 0.041999999999999996 0
0 0.49549999999999994 1.288 0.14499999999999996 0
0 0.10300000000000001 1.328 0.039999999999999994 0
0 0.4876875 1.3595000000000002 0 0.14700000000000002
0 0.10300000000000001 1.368 0.039999999999999994 0
0 0.5725 1.368 0.09899999999999998 0
0 0.3825 1.408 0.6629999999999999 0
0 0.0865 0.888 0 1.1199999999999999
0 0.1565 1.488 0.21900000000000003 0
0 0.6145 1.488 0.06700000000000006 0
0 0.334 1.562 0 0.06800000000000006
0 0.285 1.568 0.12799999999999997 0
0 0.37175 1.6355 0 0.135
0 0.607 1.568 0.04800000000000004 0
0 0.6495 1.5745 0 0.06700000000000017
0 0.5405 1.608 0.347 0
0 0.5369999999999999 1.808 0.061999999999999944 0
0 0.605875 1.7770000000000001 0 0.17199999999999993
0 0.36675 1.839 0 0.04800000000000004
0 0.127 1.4005 0 0.04100000000000015
0 0.207 0.9325 0 0.121
0 0.247 0.7105 0 0.06899999999999995
0 0.247 0.99 0 0.040000000000000036
0 0.247 1.56 0 0.04800000000000004
0 0.287 0.7635000000000001 0 0.04500000000000004
0 0.287 1.5735000000000001 0 0.04100000000000015
0 0.327 0.8995 0 0.05500000000000005
0 0.367 0.9604999999999999 0 0.17699999999999994
0 0.367 1.398 0 0.040000000000000036
0 0.407 1.3965 0 0.04299999999999993
0 0.447 1.3375 0 0.15700000000000003
0 0.527 0.7945 0 0.04299999999999993
0 0.527 1.4245 0 0.33699999999999997
0 0.567 0.946 0 0.41400000000000003
0 0.567 1.3205 0 0.17700000000000005
0 0.607 1.3885 0 0.040999999999999925
0 0.607 1.5645 0 0.04700000000000015
0 0.647 0.952 0 0.2899999999999999
0 0.647 1.3955 0 0.040999999999999925
1 0.539 0.808 0.03 0.05
1 0.2455 0.9535 0.033136083051561786 0.05
1 0.358 1.588 0.043863424398922615 0.05
1 0.267 0.743 0.04019950248448356 0.05
3 0.21375 0.71175 0.3335 0.7674999999999998
3 0.54725 0.71175 0.33349999999999996 0.7674999999999998
3 0.21375 1.47925 0.3335 0.7675000000000001
3 0.54725 1.47925 0.33349999999999996 0.7675000000000001