0 0.57925 0.32499999999999996 0 0.04199999999999998
0 0.9115 0.344 1.323 0
0 1.5375 0.544 0.07099999999999995 0
0 1.024125 0.9844999999999999 0 1.339
0 1.0939999999999999 0.744 0.05800000000000005 0
0 1.553 0.744 0.040000000000000036 0
0 0.4425 0.824 0.10099999999999998 0
0 0.651 0.824 0.04200000000000004 0
0 0.345125 0.8725 0 0.07500000000000007
0 0.703 0.9605 0 0.2350000000000001
0 0.9079999999999999 0.904 0.19799999999999984 0
0 1.1835 0.904 0.06700000000000017 0
0 0.181 0.944 0.09 0
0 1.141 0.944 0.08400000000000007 0
0 1.5085 0.984 0.040999999999999925 0
0 1.1465 1.064 0.09499999999999997 0
0 1.34175 1.0715 0 0.04699999999999993
0 0.4505 1.104 0.067 0
0 0.348 1.2545 0 0.32299999999999995
0 1.26 1.144 0.06199999999999983 0
0 0.174 1.184 0.07599999999999998 0
0 0.38325 1.3039999999999998 0 0.264
0 0.4465 1.184 0.069 0
0 0.706 1.216 0 0.10400000000000009
0 0.7885 1.184 0.10099999999999998 0
0 0.899 1.184 0.04400000000000004 0
0 0.945 1.2045 0 0.08100000000000018
0 1.3325 1.184 0.08699999999999997 0
0 0.2015 1.224 0.131 0
0 0.40800000000000003 1.224 0.13399999999999995 0
0 0.8200000000000001 1.224 0.38 0
0 1.3565 1.224 0.129 0
0 0.54225 1.2965 0 0.2490000000000001
0 0.952 1.264 0.06399999999999995 0
0 1.3359999999999999 1.264 0.474 0
0 0.303 1.304 0.33399999999999996 0
0 0.591 1.304 0.10399999999999998 0
0 1.0855000000000001 1.304 0.04100000000000015 0
0 1.181 1.2925 0 0.07500000000000018
0 1.382125 1.333 0 0.15600000000000014
0 0.252 1.344 0.23199999999999998 0
0 0.4595 1.344 0.11299999999999999 0
0 1.3820000000000001 1.344 0.1359999999999999 0
0 0.446 1.384 0.09199999999999997 0
0 0.827 1.384 0.09199999999999997 0
0 1.4260000000000002 1.384 0.08200000000000007 0
0 0.3315 1.424 0.41900000000000004 0
0 1.379 1.424 0.1299999999999999 0
0 0.62325 1.5779999999999998 0 0.28800000000000003
0 0.46199999999999997 1.504 0.043999999999999984 0
0 1.5375 1.584 0.07099999999999995 0
0 0.6579999999999999 1.624 0.07799999999999996 0
0 0.6579999999999999 1.704 0.07799999999999996 0
0 0.144 1.02 0 1.404
0 0.184 1.2105000000000001 0 0.05899999999999994
0 0.224 0.6935 0 0.07499999999999996
0 0.224 1.259 0 0.07000000000000006
0 0.224 1.4405000000000001 0 0.08100000000000018
0 0.304 0.8725 0 0.07500000000000007
0 0.424 1.2905 0 0.2749999999999999
0 0.464 1.05 0 0.10199999999999998
0 0.464 1.3025 0 0.2610000000000001
0 0.504 1.391 0 0.04999999999999982
0 0.664 0.8765000000000001 0 0.1469999999999999
0 0.744 1.206 0 0.08400000000000007
0 0.784 1.291 0 0.254
0 0.824 0.8765000000000001 0 0.06700000000000006
0 0.824 1.2565 0 0.06499999999999995
0 0.824 1.3795000000000002 0 0.050999999999999934
0 0.864 1.385 0 0.06199999999999983
0 0.904 0.8765000000000001 0 0.06700000000000006
0 0.904 1.202 0 0.07600000000000007
0 0.944 1.4415 0 0.07900000000000018
0 0.984 0.8765000000000001 0 0.06700000000000006
0 0.984 1.2505 0 0.052999999999999936
0 1.104 1.013 0 1.418
0 1.184 0.9225 0 0.10099999999999998
0 1.304 1.2214999999999998 0 0.07499999999999996
0 1.344 1.2654999999999998 0 0.18700000000000006
0 1.384 1.2025000000000001 0 0.061000000000000165
0 1.424 1.189 0 0.482
0 1.504 0.973 0 0.050000000000000044
1 1.29 1.164 0.04004996878900158 0.05
1 0.858 1.184 0.038 0.05
1 0.9645 1.2345 0.04429446918070021 0.05
1 1.319 1.284 0.040607881008493905 0.05
1 0.3855 1.344 0.035 0.05
1 0.204 1.232 0.04308131845707603 0.05
3 0.48475 0.6585 0.7255 0.7089999999999999
3 1.21025 0.6585 0.7254999999999999 0.7089999999999999
3 0.48475 1.3675 0.7255 0.7090000000000001
3 1.21025 1.3675 0.7254999999999999 0.7090000000000001