0 0.1165 0.166 0.04100000000000001 0
0 0.595 0.166 0.05600000000000005 0
0 0.596 0.206 0.05800000000000005 0
0 0.44375 0.2555 0 0.041000000000000036
0 0.596 0.246 0.05600000000000005 0
0 0.7225 0.27549999999999997 0 0.059
0 0.596 0.286 0.05800000000000005 0
0 0.739 0.286 0.04800000000000004 0
0 0.132 0.326 0.07 0
0 0.11800000000000001 0.366 0.04200000000000001 0
0 0.48725 0.3835 0 0.04500000000000004
0 0.1195 0.406 0.046999999999999986 0
0 0.548 0.406 0.05399999999999994 0
0 0.11750000000000001 0.446 0.04300000000000001 0
0 0.369875 0.437 0 0.07799999999999996
0 0.1305 0.486 0.069 0
0 0.2505 0.526 0.061000000000000026 0
0 0.4105 0.526 0.07300000000000001 0
0 1.0585 0.526 0.08300000000000018 0
0 0.40349999999999997 0.566 0.065 0
0 0.8899999999999999 0.566 0.2659999999999999 0
0 1.2149999999999999 0.566 0.09400000000000008 0
0 0.5800000000000001 0.606 0.04999999999999993 0
0 1.001 0.606 0.1319999999999999 0
0 0.5894999999999999 0.646 0.041000000000000036 0
0 0.733 0.646 0.07800000000000007 0
0 1.010125 0.6565 0 0.11499999999999999
0 0.3285 0.685 0 0.05799999999999994
0 0.5505 0.686 0.10499999999999998 0
0 0.687625 0.683 0 0.061999999999999944
0 0.9655 0.686 0.11099999999999988 0
0 0.127 0.4225 0 0.583
0 0.207 0.685 0 0.05799999999999994
0 0.287 0.685 0 0.05799999999999994
0 0.327 0.4255 0 0.05299999999999999
0 0.407 0.235 0 0.04600000000000001
0 0.447 0.5445 0 0.040999999999999925
0 0.487 0.685 0 0.05799999999999994
0 0.567 0.173 0 0.094
0 0.567 0.279 0 0.045999999999999985
0 0.567 0.4065 0 0.04299999999999998
0 0.567 0.6835 0 0.06099999999999994
0 0.607 0.5365 0 0.06899999999999995
0 0.607 0.644 0 0.08600000000000008
0 0.647 0.6839999999999999 0 0.05999999999999994
0 0.767 0.217 0 0.182
0 0.767 0.592 0 0.244
0 0.887 0.579 0 0.08399999999999996
0 1.087 0.5449999999999999 0 0.039999999999999925
0 1.127 0.2975 0 0.08700000000000002
0 1.167 0.512 0 0.08400000000000007
0 1.167 0.6890000000000001 0 0.04999999999999993
1 0.425375 0.244 0.04335392139126518 0.05
1 0.9285 0.546 0.04044749683231337 0.05
1 0.567 0.238 0.036 0.05
1 0.607 0.586 0.03 0.05
3 0.3875 0.273 0.5830000000000001 0.294
3 0.9705 0.273 0.583 0.294
3 0.3875 0.567 0.5830000000000001 0.294
3 0.9705 0.567 0.583 0.294