0 0.1445 0.256 0.203 0
0 0.03975 0.3095 0 0.07699999999999996
0 0.038875 0.4435 0 0.135
0 0.236125 0.3725 0 0.05500000000000005
0 0.519875 0.6745 0 0.07699999999999996
0 0.08425 0.752 0 0.04800000000000004
0 0.078265625 0.9355 0 0.239
0 0.517875 0.8514999999999999 0 0.07100000000000006
0 0.2355 0.8835 0 0.05500000000000005
0 0.28200000000000003 0.936 0.04999999999999999 0
0 0.521875 0.9595 0 0.04699999999999993
0 0.03853125 1.1135 0 0.16500000000000004
0 0.42200000000000004 1.096 0.21200000000000002 0
0 0.36075 1.116 0 0.039999999999999813
0 0.5445 1.136 0.052999999999999936 0
0 0.5445 1.216 0.052999999999999936 0
0 0.158 0.7355 0 0.04300000000000004
0 0.198 0.37849999999999995 0 0.065
0 0.278 0.3725 0 0.05500000000000005
0 0.318 1.155 0 0.1379999999999999
0 0.438 0.597 0 0.05600000000000005
0 0.518 1.1225 0 0.07499999999999996
0 0.558 0.9059999999999999 0 0.09199999999999997
0 0.558 1.135 0 0.09200000000000008
1 0.0393125 0.362 0.028013668538768712 0.05
1 0.0812578125 0.796 0.04044518196448898 0.05
1 0.5399375 0.9215 0.039509690267072455 0.05
1 0.523 1.116 0.04123105625617661 0.05
3 0.1716484375 0.498 0.26623437499999997 0.484
3 0.43788281249999994 0.498 0.26623437499999997 0.484
3 0.1716484375 0.982 0.26623437499999997 0.484
3 0.43788281249999994 0.982 0.26623437499999997 0.484