0 0.149 0.248 0.224 0
0 0.4375 0.248 0.127 0
0 0.518375 0.249 0 0.08199999999999999
0 0.172 0.288 0.27 0
0 0.3765 0.288 0.07499999999999996 0
0 0.439375 0.3045 0 0.061
0 0.4985 0.288 0.04700000000000004 0
0 0.129 0.328 0.184 0
0 0.237006591796875 0.695 0 0.974
0 0.3245 0.328 0.10099999999999998 0
0 0.476625 0.3435 0 0.067
0 0.51375 0.36 0 0.064
0 0.1105 0.368 0.147 0
0 0.198875 0.365 0 0.11399999999999999
0 0.3565625 0.386 0 0.066
0 0.398375 0.399 0 0.062
0 0.46599999999999997 0.368 0.057999999999999996 0
0 0.1255 0.408 0.177 0
0 0.27696875 0.5575 0 0.299
0 0.516125 0.4565 0 0.09700000000000003
0 0.0955 0.448 0.11699999999999999 0
0 0.2235 0.448 0.061 0
0 0.3570010986328125 0.7995 0 0.7030000000000001
0 0.398375 0.494 0 0.09200000000000003
0 0.4769609375 0.569 0 0.25799999999999995
0 0.1575 0.488 0.24100000000000002 0
0 0.0985 0.528 0.123 0
0 0.316625 0.5549999999999999 0 0.05399999999999994
0 0.46299999999999997 0.528 0.04999999999999999 0
0 0.516125 0.612 0 0.16799999999999993
0 0.1575 0.568 0.24100000000000002 0
0 0.48150000000000004 0.568 0.07900000000000001 0
0 0.1545 0.608 0.23500000000000001 0
0 0.3181875 0.671 0 0.126
0 0.46599999999999997 0.608 0.20199999999999996 0
0 0.19599999999999998 0.648 0.318 0
0 0.491 0.648 0.15199999999999997 0
0 0.302 0.688 0.5299999999999999 0
0 0.1095 0.728 0.145 0
0 0.200625 0.955 0 0.45399999999999996
0 0.3185 0.728 0.09499999999999997 0
0 0.1575 0.768 0.24100000000000002 0
0 0.47708984375 0.915 0 0.368
0 0.20049999999999998 0.808 0.327 0
0 0.4370546875 0.8805000000000001 0 0.17699999999999994
0 0.5568046875 0.9025000000000001 0 0.18899999999999995
0 0.1885 0.848 0.30300000000000005 0
0 0.4495 0.848 0.10899999999999999 0
0 0.5195 0.8420000000000001 0 0.061999999999999944
0 0.19149999999999998 0.888 0.309 0
0 0.4425 0.888 0.08699999999999997 0
0 0.5169140625 0.988 0 0.20000000000000007
0 0.2615 0.928 0.449 0
0 0.2385 0.968 0.403 0
0 0.189 1.008 0.30400000000000005 0
0 0.22399999999999998 1.048 0.374 0
0 0.43725 1.092 0 0.08799999999999986
0 0.302 1.088 0.5299999999999999 0
0 0.126 1.128 0.178 0
0 0.28200000000000003 1.128 0.07200000000000001 0
0 0.19099999999999998 1.168 0.308 0
0 0.5215 1.168 0.09099999999999997 0
0 0.077 0.695 0 0.974
0 0.117 0.695 0 0.974
0 0.157 0.695 0 0.974
0 0.197 0.247 0 0.07799999999999999
0 0.197 0.5725 0 0.23499999999999993
0 0.277 0.2925 0 0.169
0 0.277 0.9635 0 0.43699999999999994
0 0.317 0.3015 0 0.044999999999999984
0 0.317 0.9755 0 0.4129999999999999
0 0.357 0.269 0 0.12200000000000003
0 0.397 0.2475 0 0.07899999999999999
0 0.397 0.6439999999999999 0 0.14800000000000002
0 0.397 0.9595 0 0.275
0 0.437 0.22849999999999998 0 0.04100000000000001
0 0.437 0.6695 0 0.19700000000000006
0 0.477 0.22849999999999998 0 0.04100000000000001
0 0.557 0.2385 0 0.061000000000000026
0 0.557 0.6355 0 0.139
0 0.557 1.1045 0 0.08099999999999996
1 0.5160625 0.309 0.03828042090938918 0.05
1 0.323 0.288 0.032 0.05
1 0.458 0.3225 0.04486159270467333 0.05
1 0.4181875 0.2715 0.044324266773405285 0.05
1 0.1979375 0.4385 0.03305322412413047 0.05
1 0.35678179931640625 0.4335 0.029003316513128374 0.05
1 0.276984375 0.4575 0.031000015751004063 0.05
1 0.276984375 0.726 0.03800001284950441 0.05
1 0.3976875 0.555 0.03003149388558618 0.05
1 0.477025390625 0.7145 0.03300025176905911 0.05
1 0.31740625 0.595 0.026046907805918153 0.05
1 0.1988125 0.8185 0.03817251137926348 0.05
1 0.2015 0.748 0.040607881008493905 0.05
1 0.2305 1.128 0.031 0.05
3 0.16949999999999998 0.45149999999999996 0.265 0.487
3 0.4345 0.45149999999999996 0.26499999999999996 0.487
3 0.16949999999999998 0.9384999999999999 0.265 0.487
3 0.4345 0.9384999999999999 0.26499999999999996 0.487