0 0.18125 0.1835 0 0.063
0 0.14700000000000002 0.227 0.04200000000000001 0
0 0.21775 0.2225 0 0.07700000000000001
0 0.1575 0.507 0.05099999999999999 0
0 0.13 0.547 0.106 0
0 0.1865 0.53 0 0.11399999999999999
0 0.2675 0.587 0.07299999999999998 0
0 0.06 0.21000000000000002 0 0.04400000000000001
0 0.1 0.575 0 0.07199999999999995
0 0.26 0.5685 0 0.040999999999999925
0 0.3 0.5685 0 0.040999999999999925
3 0.121 0.26675 0.122 0.2295
3 0.243 0.26675 0.122 0.2295
3 0.121 0.49624999999999997 0.122 0.22949999999999998
3 0.243 0.49624999999999997 0.122 0.22949999999999998