0 0.03 0.271 0 0.38
0 0.23500000000000001 0.121 0.412 0
0 0.27 0.139 0 0.044
0 0.34903125 0.2155 0 0.197
0 0.34950000000000003 0.281 0.07100000000000001 0
0 0.14150000000000001 0.321 0.10900000000000001 0
0 0.381 0.321 0.05199999999999999 0
0 0.055 0.361 0.052000000000000005 0
0 0.27949999999999997 0.361 0.07100000000000001 0
0 0.4135 0.441 0.05499999999999999 0
0 0.229 0.1085 0 0.04500000000000001
0 0.309 0.2905 0 0.04899999999999999
0 0.309 0.3835 0 0.04500000000000004
0 0.389 0.2435 0 0.253
1 0.2495 0.1235 0.043324358044868935 0.05
1 0.1125 0.341 0.04044749683231337 0.05
3 0.132 0.17600000000000002 0.206 0.19
3 0.33799999999999997 0.17600000000000002 0.20600000000000002 0.19
3 0.132 0.366 0.206 0.19
3 0.33799999999999997 0.366 0.20600000000000002 0.19