0 1.215 0.48 0.4840000000000001 0
0 1.2690000000000001 0.49 0.35399999999999987 0
0 1.373 1.435 0.42600000000000016 0
0 1.3639999999999999 1.655 0.32599999999999985 0
0 0.3775 1.76 0.487 0
0 0.493 1.79 0.19199999999999995 0
0 1.8195 1.805 0.121 0
0 0.354 1.84 0.10599999999999998 0
0 0.441 2.33 0.11599999999999999 0
0 0.135 2.0835 0 0.45300000000000007
0 0.17 1.647 0 0.266
0 0.53 0.5565 0 0.401
0 0.57 1.7225000000000001 0 0.41700000000000004
0 0.875 0.625 0 0.29200000000000004
0 0.875 1.4545 0 0.29100000000000015
0 1 1.816 0 0.30600000000000005
0 1.205 1.6764999999999999 0 0.393
0 1.46 0.6459999999999999 0 0.348
0 1.495 1.47 0 0.1299999999999999
0 1.55 1.4855 0 0.11699999999999999
0 1.86 1.9025 0 0.129
0 2.125 0.363 0 0.42999999999999994
0 2.145 1.591 0 0.28600000000000003
0 2.255 1.2309999999999999 0 0.494
0 0.8445 0.485 0.07099999999999995 0
0 1.1565 0.485 0.06899999999999995 0
0 0.9809999999999999 0.789 0.06399999999999995 0
0 1.073 0.789 0.062000000000000055 0
0 1.6295000000000002 1.005 0.05499999999999994 0
0 1.279 1.021 0.08399999999999985 0
0 1.4104999999999999 1.021 0.08299999999999996 0
0 0.7975 1.317 0.06899999999999995 0
0 1.287 1.661 0.05400000000000005 0
0 1.4344999999999999 1.661 0.06699999999999995 0
0 1.175 1.677 0.06400000000000006 0
0 1.5215 1.709 0.10299999999999998 0
0 1.7765 1.717 0.05499999999999994 0
0 1.8345 1.717 0.05699999999999994 0
0 0.49 1.781 0.08000000000000002 0
0 0.7250000000000001 1.949 0.09599999999999997 0
0 0.141 1.85 0 0.11599999999999988
0 0.141 2.1575 0 0.17300000000000004
0 0.141 2.2800000000000002 0 0.06600000000000028
0 0.149 1.69 0 0.17199999999999993
0 0.501 0.7745 0 0.05500000000000005
0 0.509 0.47 0 0.09800000000000003
0 0.509 0.5635 0 0.05699999999999994
0 0.525 2.0774999999999997 0 0.1469999999999998
0 0.805 0.7075 0 0.16300000000000003
0 0.869 0.5509999999999999 0 0.14200000000000002
0 0.869 1.472 0 0.1499999999999999
0 0.877 1.3599999999999999 0 0.06799999999999984
0 0.965 2.0295 0 0.10099999999999998
0 0.989 1.8755000000000002 0 0.135
0 1.029 1.0815 0 0.10499999999999998
0 1.029 1.334 0 0.11199999999999988
0 1.221 0.575 0 0.19000000000000006
0 1.229 0.7475 0 0.08300000000000007
0 1.269 1.8435000000000001 0 0.05300000000000016
0 1.381 0.751 0 0.062000000000000055
0 1.477 1.849 0 0.06000000000000005
0 1.709 1.0845 0 0.09299999999999997
0 1.733 1.3485 0 0.051000000000000156
0 1.829 0.4655 0 0.07100000000000001
0 1.845 0.39649999999999996 0 0.061
0 1.853 0.5815 0 0.07499999999999996
0 1.853 1.8935 0 0.08499999999999996
0 1.869 1.623 0 0.08199999999999985
0 1.893 1.6425 0 0.05699999999999994
0 2.117 0.478 0 0.238
1 0.1555 1.786 0.031384709652950434 0.05
1 0.5155 0.752 0.030675723300355933 0.05
1 0.9825 1.974 0.03640054944640259 0.05
1 1.0275 0.789 0.029 0.05
1 1.225 0.688 0.03687817782917155 0.05
2 1.302 1.435 0.035 0.05
2 1.444 1.435 0.035 0.05
2 0.493 1.79 0.035 0.05
2 0.135 1.97025 0.035 0.05
2 0.135 2.0835 0.035 0.05
2 0.135 2.19675 0.035 0.05
2 0.53 0.48966666666666664 0.035 0.05
2 0.53 0.6233333333333333 0.035 0.05
2 0.57 1.653 0.035 0.05
2 0.57 1.792 0.035 0.05
2 0.875 0.625 0.035 0.05
2 0.875 1.4545 0.035 0.05
2 1 1.765 0.035 0.05
2 1 1.867 0.035 0.05
2 1.46 0.588 0.035 0.05
2 1.46 0.704 0.035 0.05
2 2.125 0.29133333333333333 0.035 0.05
2 2.125 0.43466666666666665 0.035 0.05
3 0.66425 0.6935 1.0604999999999998 1.0910000000000002
3 1.7247499999999998 0.6935 1.0605 1.0910000000000002
3 0.66425 1.7845 1.0604999999999998 1.091
3 1.7247499999999998 1.7845 1.0605 1.091