0 0.1423125 0.1585 0 0.07300000000000001
0 0.22375 0.17049999999999998 0 0.04300000000000001
0 0.181 0.188 0 0.043999999999999984
0 0.156 0.349 0.07200000000000001 0
0 0.0635 0.389 0.04699999999999999 0
0 0.1725 0.389 0.047000000000000014 0
0 0.0655 0.509 0.051 0
0 0.183375 0.517 0 0.04800000000000004
0 0.098 0.537 0 0.04400000000000004
0 0.0635 0.589 0.04699999999999999 0
0 0.061 0.16749999999999998 0 0.091
0 0.061 0.30000000000000004 0 0.06
0 0.181 0.3745 0 0.05500000000000005
3 0.0859375 0.23875 0.09187499999999998 0.23349999999999999
3 0.17781249999999998 0.23875 0.09187500000000001 0.23349999999999999
3 0.0859375 0.47224999999999995 0.09187499999999998 0.23349999999999999
3 0.17781249999999998 0.47224999999999995 0.09187500000000001 0.23349999999999999