0 0.642 0.315 0.04400000000000004 0
0 0.7669999999999999 0.435 0.14200000000000002 0
0 0.441875 0.624 0 0.09200000000000008
0 0.5349999999999999 0.635 0.06999999999999995 0
0 0.4024375 0.6970000000000001 0 0.09399999999999997
0 0.577 0.675 0.15400000000000003 0
0 0.9165000000000001 0.675 0.23099999999999998 0
0 1.1585 0.675 0.05899999999999994 0
0 0.20375 0.7424999999999999 0 0.07500000000000007
0 0.53 0.715 0.052000000000000046 0
0 0.6154999999999999 0.715 0.05700000000000005 0
0 0.962 0.715 0.10799999999999998 0
0 0.168 0.755 0.064 0
0 0.3655 0.755 0.271 0
0 0.309 0.795 0.15 0
0 0.488 0.795 0.062 0
0 0.7685 0.795 0.09099999999999997 0
0 0.1195 0.835 0.075 0
0 1.002 0.875 0.06800000000000006 0
0 0.48025 0.935 0 0.039999999999999925
0 0.9934999999999999 0.915 0.05499999999999994 0
0 1.081625 0.9199999999999999 0 0.04599999999999993
0 0.8826875 0.9834999999999999 0 0.08299999999999996
0 0.963 0.9764999999999999 0 0.06899999999999995
0 1.19975 0.9829999999999999 0 0.05599999999999994
0 1.041 1.03 0 0.06400000000000006
0 0.162 0.7765 0 0.061000000000000054
0 0.242 0.8035 0 0.09299999999999997
0 0.282 0.7575000000000001 0 0.041000000000000036
0 0.282 0.935 0 0.039999999999999925
0 0.322 0.7835000000000001 0 0.05300000000000005
0 0.362 0.8145 0 0.07099999999999995
0 0.362 0.9239999999999999 0 0.04399999999999993
0 0.482 0.7275 0 0.10299999999999998
0 0.522 0.6799999999999999 0 0.10599999999999998
0 0.562 0.6625 0 0.07099999999999995
0 0.602 0.6950000000000001 0 0.05399999999999994
0 0.642 0.6815 0 0.10899999999999999
0 0.882 0.6890000000000001 0 0.04799999999999993
0 0.922 0.961 0 0.09999999999999987
0 0.962 0.698 0 0.06599999999999995
0 1.002 0.901 0 0.052000000000000046
0 1.162 0.9789999999999999 0 0.06399999999999995
1 0.42215625 0.66 0.04421895980515598 0.05
1 0.222875 0.7685 0.04463252737634292 0.05
1 0.5715 0.715 0.031 0.05
1 0.393 0.735 0.04011234224026316 0.05
1 0.9825 0.943 0.041785164831552354 0.05
3 0.36143749999999997 0.50175 0.558875 0.3735
3 0.9203125000000001 0.50175 0.5588750000000001 0.3735
3 0.36143749999999997 0.8752500000000001 0.558875 0.37350000000000005
3 0.9203125000000001 0.8752500000000001 0.5588750000000001 0.37350000000000005