0 0.041 0.167 0 0.188
0 0.43975 0.128 0 0.11
0 0.521125 0.154 0 0.055999999999999994
0 0.56025 0.1345 0 0.12300000000000001
0 0.40225 0.2175 0 0.04899999999999999
0 0.4795 0.196 0 0.04600000000000001
0 0.5595 0.344 0 0.043999999999999984
0 0.6 0.27649999999999997 0 0.063
1 0.421 0.188 0.03881043674065006 0.05
1 0.57975 0.3055 0.04285148772213166 0.05
3 0.18075 0.14625 0.2795 0.14650000000000002
3 0.46025 0.14625 0.27949999999999997 0.14650000000000002
3 0.18075 0.29275 0.2795 0.1465
3 0.46025 0.29275 0.27949999999999997 0.1465