0 0.22225 0.536 0 0.28800000000000003
0 0.90425 0.4265 0 0.069
0 1.14 0.4185 0 0.05299999999999999
0 0.821625 0.41200000000000003 0 0.03999999999999998
0 1.82225 0.4375 0 0.09099999999999997
0 0.544625 0.47750000000000004 0 0.056999999999999995
0 1.05475 0.46950000000000003 0 0.046999999999999986
0 1.1004375 0.597 0 0.306
0 1.183875 0.4635 0 0.044999999999999984
0 1.0224375 0.5705 0 0.11699999999999999
0 1.718 0.512 0.1120000000000001 0
0 0.345 0.552 0.08400000000000002 0
0 1.1059999999999999 0.552 0.07599999999999985 0
0 0.34650000000000003 0.592 0.04099999999999998 0
0 1.216 0.592 0.23399999999999999 0
0 1.7345000000000002 0.592 0.2670000000000001 0
0 1.9420000000000002 0.592 0.08600000000000008 0
0 2.0955 0.592 0.04499999999999993 0
0 2.0675 0.632 0.10099999999999998 0
0 0.486 0.672 0.544 0
0 0.9 0.6625 0 0.06099999999999994
0 1.091 0.672 0.274 0
0 1.259875 0.679 0 0.07799999999999996
0 1.6724999999999999 0.672 0.14300000000000002 0
0 2.02125 0.6085 0 0.43299999999999994
0 0.357 0.712 0.03999999999999998 0
0 0.70275 0.6915 0 0.040999999999999925
0 1.0715 0.712 0.241 0
0 1.2610000000000001 0.712 0.04799999999999982 0
0 1.6789999999999998 0.712 0.15599999999999992 0
0 1.8475 0.712 0.06499999999999995 0
0 0.551 0.752 0.19 0
0 0.9550000000000001 0.752 0.15000000000000002 0
0 1.059875 0.698 0 0.126
0 1.1415 0.752 0.08499999999999996 0
0 1.3395000000000001 0.752 0.04699999999999993 0
0 0.49550000000000005 0.792 0.056999999999999995 0
0 0.7725 0.792 0.09099999999999997 0
0 0.9305 0.792 0.09099999999999997 0
0 1.158 0.792 0.07800000000000007 0
0 1.7845 0.792 0.05500000000000016 0
0 2.0998125 0.8360000000000001 0 0.14200000000000002
0 0.771 0.832 0.04800000000000004 0
0 0.824375 0.875 0 0.09800000000000009
0 0.9239999999999999 0.832 0.10399999999999998 0
0 1.333 0.832 0.040000000000000036 0
0 0.7875 0.872 0.07499999999999996 0
0 0.971 0.872 0.07599999999999985 0
0 1.14825 0.892 0 0.040000000000000036
0 1.3165 0.872 0.08300000000000018 0
0 1.4235 0.9544999999999999 0 0.16499999999999992
0 0.8295 0.912 0.06299999999999994 0
0 1.283 0.912 0.13400000000000012 0
0 1.8025000000000002 0.912 0.11099999999999999 0
0 0.356 0.952 0.043999999999999984 0
0 0.8785000000000001 0.952 0.049000000000000044 0
0 1.158 0.952 0.1279999999999999 0
0 1.3130000000000002 0.952 0.06600000000000006 0
0 1.744 0.952 0.29000000000000004 0
0 0.7455 0.992 0.04700000000000004 0
0 0.8935 0.992 0.119 0
0 1.245 0.992 0.04200000000000004 0
0 0.5730000000000001 1.032 0.47200000000000003 0
0 0.824375 1.0345 0 0.07500000000000007
0 0.919 1.032 0.11399999999999999 0
0 1.1139999999999999 1.032 0.11199999999999988 0
0 1.2885 1.032 0.129 0
0 0.9815625 1.1800000000000002 0 0.1359999999999999
0 0.8674999999999999 1.152 0.257 0
0 0.73875 1.1075 0 0.2869999999999999
0 0.82178125 1.2309999999999999 0 0.09599999999999986
0 1.061125 1.4795 0 0.5270000000000001
0 1.1785 1.272 0.05700000000000016 0
0 1.2845 1.272 0.09099999999999997 0
0 1.4220000000000002 1.272 0.11599999999999988 0
0 1.6465 1.272 0.2689999999999999 0
0 1.9380000000000002 1.272 0.2500000000000002 0
0 1.4340000000000002 1.312 0.07800000000000007 0
0 1.2875 1.352 0.11699999999999999 0
0 1.6844999999999999 1.352 0.09099999999999997 0
0 0.864625 1.3900000000000001 0 0.04200000000000004
0 1.41975 1.3665 0 0.2250000000000001
0 1.569 1.392 0.052000000000000046 0
0 1.378875 1.4369999999999998 0 0.07000000000000006
0 1.185 1.472 0.07000000000000006 0
0 1.2810000000000001 1.472 0.05400000000000005 0
0 1.581 1.472 0.3719999999999999 0
0 1.782 1.5935000000000001 0 0.24499999999999988
0 1.1789999999999998 1.592 0.05800000000000005 0
0 1.365 1.592 0.10400000000000009 0
0 1.355 1.632 0.07799999999999985 0
0 1.803 1.752 0.266 0
0 1.1925 1.792 0.09099999999999997 0
0 1.5525 1.792 0.33099999999999996 0
0 1.782 1.7945000000000002 0 0.09099999999999997
0 1.896 1.792 0.11599999999999988 0
0 1.621625 1.8864999999999998 0 0.11099999999999999
0 1.884 1.832 0.09199999999999986 0
0 1.58175 1.8864999999999998 0 0.09099999999999997
0 1.643 1.872 0.053999999999999826 0
0 1.863 1.872 0.06999999999999984 0
0 1.7189999999999999 1.912 0.30800000000000005 0
0 1.375 1.952 0.16999999999999993 0
0 1.7455 1.926 0 0.052000000000000046
0 1.862 1.952 0.04200000000000004 0
0 1.625 1.992 0.14000000000000012 0
0 1.6284999999999998 2.032 0.131 0
0 1.583 2.072 0.040000000000000036 0
0 1.7455 2.106 0 0.06800000000000006
0 1.263625 2.1144999999999996 0 0.05699999999999994
0 1.718 2.112 0.31000000000000005 0
0 1.5465 2.1315 0 0.040999999999999925
0 1.66075 2.125 0 0.05400000000000027
0 0.341 0.7155 0 0.6469999999999999
0 0.381 0.6995 0 0.05699999999999994
0 0.381 0.9904999999999999 0 0.07900000000000007
0 0.461 0.7625 0 0.06700000000000006
0 0.461 1.004 0 0.06999999999999995
0 0.501 0.4665 0 0.05499999999999999
0 0.501 0.7745 0 0.07500000000000007
0 0.541 0.768 0 0.062000000000000055
0 0.701 0.9844999999999999 0 0.07699999999999996
0 0.741 0.7035 0 0.06499999999999995
0 0.741 0.9075 0 0.04500000000000004
0 0.781 0.8195 0 0.05899999999999994
0 0.781 1.0175 0 0.09300000000000008
0 0.781 1.184 0 0.06800000000000006
0 0.861 0.42100000000000004 0 0.057999999999999996
0 0.861 1.1989999999999998 0 0.09400000000000008
0 0.901 0.8140000000000001 0 0.09399999999999997
0 0.901 0.9750000000000001 0 0.10999999999999999
0 0.901 1.184 0 0.06800000000000006
0 0.941 0.617 0 0.11199999999999999
0 0.941 0.7615000000000001 0 0.06500000000000006
0 0.941 0.8574999999999999 0 0.06300000000000006
0 0.941 0.9815 0 0.07700000000000007
0 0.941 1.2145000000000001 0 0.06299999999999994
0 0.981 0.41500000000000004 0 0.045999999999999985
0 0.981 0.7230000000000001 0 0.07999999999999996
0 0.981 0.857 0 0.11199999999999999
0 0.981 1.0070000000000001 0 0.04600000000000004
0 1.021 0.6865 0 0.04699999999999993
0 1.021 0.8815 0 0.05900000000000005
0 1.061 0.5645 0 0.07899999999999996
0 1.061 1.0154999999999998 0 0.04299999999999993
0 1.101 0.9809999999999999 0 0.07599999999999996
0 1.141 0.6945 0 0.119
0 1.141 1.0195 0 0.04500000000000004
0 1.181 0.6890000000000001 0 0.09799999999999998
0 1.181 1.557 0 0.6060000000000001
0 1.181 2.053 0 0.041999999999999815
0 1.221 0.661 0 0.04200000000000004
0 1.221 0.8305 0 0.05499999999999994
0 1.221 0.966 0 0.11599999999999999
0 1.261 1.008 0 0.061999999999999944
0 1.261 1.359 0 0.040000000000000036
0 1.301 0.6845 0 0.08899999999999997
0 1.301 0.9455 0 0.19700000000000006
0 1.341 0.5425 0 0.177
0 1.341 0.9279999999999999 0 0.20400000000000007
0 1.381 1.616 0 0.050000000000000044
0 1.421 1.6175000000000002 0 0.04699999999999993
0 1.421 1.959 0 0.04800000000000004
0 1.461 1.278 0 0.04800000000000004
0 1.501 1.4435 0 0.05699999999999994
0 1.541 1.358 0 0.050000000000000044
0 1.581 1.366 0 0.06600000000000006
0 1.581 1.467 0 0.04800000000000004
0 1.581 1.788 0 0.052000000000000046
0 1.581 2.081 0 0.1280000000000001
0 1.621 0.6054999999999999 0 0.42699999999999994
0 1.621 1.3664999999999998 0 0.06699999999999995
0 1.621 1.467 0 0.04800000000000004
0 1.621 1.7610000000000001 0 0.050000000000000044
0 1.621 2.1195 0 0.04300000000000015
0 1.661 0.6815 0 0.06299999999999994
0 1.661 1.4545 0 0.07300000000000018
0 1.661 1.8915 0 0.10099999999999998
0 1.661 2.011 0 0.05999999999999983
0 1.701 2.021 0 0.04400000000000004
0 1.701 2.118 0 0.040000000000000036
0 1.741 0.685 0 0.04999999999999993
0 1.741 1.4765000000000001 0 0.08699999999999997
0 1.781 0.595 0 0.06799999999999995
0 1.781 2.122 0 0.04800000000000004
0 1.821 0.766 0 0.11399999999999999
0 1.821 1.7565 0 0.05499999999999994
0 1.821 1.8975 0 0.09299999999999997
0 1.821 2.1055 0 0.04899999999999993
0 1.861 0.9425 0 0.04499999999999993
0 1.861 1.9565000000000001 0 0.353
0 1.901 0.5935 0 0.06499999999999995
0 1.901 0.7949999999999999 0 0.04999999999999993
0 1.901 1.8025 0 0.1469999999999998
0 1.941 0.46099999999999997 0 0.03999999999999998
0 1.941 0.595 0 0.06799999999999995
0 2.061 0.9455 0 0.04499999999999993
1 1.12021875 0.4445 0.03957513621265251 0.05
1 1.03859375 0.5025 0.03748463226777075 0.05
1 1.04115625 0.632 0.037915252949835374 0.05
1 1.8835 0.592 0.031 0.05
1 1.2325 0.692 0.041 0.05
1 2.08040625 0.915 0.04198106902223906 0.05
1 0.8575 0.932 0.040607881008493905 0.05
1 1.222 0.932 0.04044749683231337 0.05
1 1.285 0.972 0.04237924020083418 0.05
1 0.739875 1.068 0.0340743671988197 0.05
1 1.223 1.272 0.032 0.05
1 1.347 1.272 0.034 0.05
1 1.496 1.272 0.032 0.05
1 1.797 1.272 0.032 0.05
1 1.237 1.472 0.034 0.05
1 1.782 1.7325 0.033 0.05
1 1.8015 1.8455 0.04052159917870962 0.05
1 1.6013125 1.852 0.044038512974440905 0.05
1 0.721 0.954 0.04308131845707603 0.05
1 0.961 0.678 0.04123105625617661 0.05
1 0.941 0.81 0.032 0.05
1 1.321 0.5915 0.041 0.05
1 1.581 1.421 0.044 0.05
1 1.661 1.9615 0.039 0.05
1 1.841 1.782 0.04019950248448356 0.05
3 0.69 0.8320000000000001 0.952 0.88
3 1.642 0.8320000000000001 0.952 0.88
3 0.69 1.7120000000000002 0.952 0.8800000000000001
3 1.642 1.7120000000000002 0.952 0.8800000000000001