0 0.09225 0.2255 0 0.08700000000000002
0 0.2135 0.302 0.061 0
0 0.39949999999999997 0.342 0.069 0
0 0.11549999999999999 0.462 0.071 0
0 0.7215 0.582 0.05700000000000005 0
0 0.130078125 0.829 0 0.41400000000000003
0 0.69009375 0.8220000000000001 0 0.42800000000000005
0 0.2913125 0.724 0 0.062000000000000055
0 0.549 0.702 0.2760000000000001 0
0 0.29675 0.8029999999999999 0 0.041999999999999926
0 0.369625 0.8085 0 0.050999999999999934
0 0.09675 0.8394999999999999 0 0.04500000000000004
0 0.5825 0.862 0.05699999999999994 0
0 0.6509375 0.9125 0 0.07899999999999996
0 0.369625 0.9815 0 0.05300000000000005
0 0.09 0.354 0 0.062
0 0.45 0.81 0 0.041999999999999926
1 0.29403125 0.7685 0.027542084275704336 0.05
3 0.2475 0.39549999999999996 0.33499999999999996 0.427
3 0.5825 0.39549999999999996 0.335 0.427
3 0.2475 0.8225 0.33499999999999996 0.42700000000000005
3 0.5825 0.8225 0.335 0.42700000000000005