0 0.15425 0.1295 0 0.040999999999999995
0 0.19125 0.129 0 0.039999999999999994
0 0.23675 0.1355 0 0.053000000000000005
0 0.55275 0.2075 0 0.197
0 0.714875 0.3545 0 0.491
0 0.755 0.366 0 0.514
0 1.112875 0.1545 0 0.044999999999999984
0 0.157625 0.33999999999999997 0 0.062
0 0.316875 0.33599999999999997 0 0.05399999999999999
0 0.355625 0.3215 0 0.08099999999999996
0 0.39325 0.33599999999999997 0 0.05399999999999999
0 1.114375 0.3325 0 0.061
0 0.1795 0.349 0.056999999999999995 0
0 0.597 0.349 0.09199999999999997 0
0 0.124 0.389 0.09799999999999999 0
0 0.2015 0.3685 0 0.041000000000000036
0 0.355015625 0.4865 0 0.19499999999999995
0 0.5545 0.46599999999999997 0 0.23399999999999999
0 0.3335 0.429 0.125 0
0 0.435375 0.5 0 0.16799999999999998
0 0.47453125 0.47450000000000003 0 0.11700000000000005
0 0.51571875 0.4635 0 0.121
0 0.31375 0.501 0 0.16999999999999998
0 0.39425 0.5065 0 0.12099999999999994
0 0.527 0.469 0.040000000000000036 0
0 0.1570625 0.5495 0 0.08099999999999996
0 0.19675 0.5445 0 0.08699999999999997
0 0.672375 0.5115000000000001 0 0.04700000000000004
0 0.23575 0.552 0 0.04399999999999993
0 0.34450000000000003 0.549 0.16499999999999998 0
0 0.47725 0.5860000000000001 0 0.07399999999999995
0 0.27075 0.523 0 0.13199999999999995
0 0.635 0.36 0 0.03999999999999998
0 0.795 0.3575 0 0.487
1 0.553625 0.3275 0.04303559573190547 0.05
1 0.3553203125 0.3755 0.027006875752123294 0.05
3 0.33484375 0.2375 0.5196875000000001 0.257
3 0.85453125 0.2375 0.5196874999999999 0.257
3 0.33484375 0.4945 0.5196875000000001 0.257
3 0.85453125 0.4945 0.5196874999999999 0.257