0 1.3675000000000002 0.375 0.2849999999999999 0
0 1.3359999999999999 0.405 0.14200000000000013 0
0 1.499 0.81 0.22399999999999998 0
0 1.1425 1.17 0.11499999999999999 0
0 0.995 0.3205 0 0.14300000000000002
0 1.355 0.18 0 0.18600000000000003
0 1.65 0.8374999999999999 0 0.271
0 1.65 0.524 0 0.14999999999999997
0 1.0350000000000001 0.373 0.08200000000000007 0
0 1.1709999999999998 0.373 0.08600000000000008 0
0 0.7075 0.589 0.05499999999999994 0
0 0.7555000000000001 0.613 0.051000000000000045 0
0 1.1084999999999998 0.829 0.050999999999999934 0
0 1.1395 0.965 0.07899999999999996 0
0 0.937 1.101 0.061999999999999944 0
0 1.1364999999999998 1.157 0.09099999999999997 0
0 1.3665 1.221 0.14500000000000002 0
0 1.625 1.221 0.07200000000000006 0
0 1.6315 1.237 0.05899999999999994 0
0 1.3615 1.253 0.15500000000000003 0
0 1.474 1.253 0.06400000000000006 0
0 1.2465000000000002 1.341 0.050999999999999934 0
0 0.565 0.8240000000000001 0 0.07199999999999995
0 0.581 0.81 0 0.05399999999999994
0 0.661 0.643 0 0.05400000000000005
0 0.717 0.5660000000000001 0 0.08599999999999997
0 0.725 0.583 0 0.051999999999999935
0 0.773 0.501 0 0.05800000000000005
0 0.805 0.9299999999999999 0 0.051999999999999935
0 0.845 0.8745 0 0.05900000000000005
0 0.917 0.75 0 0.052000000000000046
0 0.989 0.189 0 0.122
0 1.077 1.2045 0 0.050999999999999934
0 1.085 0.8365 0 0.05699999999999994
0 1.093 1.081 0 0.22599999999999998
0 1.109 1.049 0 0.16199999999999992
0 1.253 1.3635000000000002 0 0.05899999999999994
0 1.293 1.119 0 0.1160000000000001
0 1.301 0.8215 0 0.14900000000000002
0 1.301 1.2355 0 0.10899999999999999
0 1.629 0.7955 0 0.30899999999999994
0 1.629 1.158 0 0.15999999999999992
0 1.645 0.2555 0 0.265
0 1.661 0.2925 0 0.17700000000000002
0 1.661 0.483 0 0.055999999999999994
0 1.661 1.174 0 0.11199999999999988
1 1.4405 1.237 0.03214031735997639 0.05
1 0.825 0.9005 0.04 0.05
2 1.65 0.8375 0.035 0.05
3 0.839 0.4135 0.548 0.653
3 1.387 0.4135 0.548 0.653
3 0.839 1.0665 0.548 0.653
3 1.387 1.0665 0.548 0.653