0 0.1290068359375 0.39499999999999996 0 0.36
0 0.1701875 0.261 0 0.092
0 0.24890625 0.2865 0 0.143
0 0.2889921875 0.38899999999999996 0 0.348
0 0.4090859375 0.3235 0 0.217
0 0.4490703125 0.3155 0 0.20099999999999998
0 0.569078125 0.3125 0 0.19499999999999998
0 0.60865625 0.3045 0 0.17900000000000002
0 0.76910546875 0.355 0 0.28
0 0.888796875 0.356 0 0.28200000000000003
0 0.935 0.27999999999999997 0 0.12999999999999998
0 0.1815 0.255 0.165 0
0 0.3295 0.265 0 0.08399999999999999
0 0.368953125 0.3055 0 0.18100000000000002
0 0.4235 0.255 0.05299999999999999 0
0 0.48859375 0.279 0 0.12600000000000003
0 0.635 0.255 0.122 0
0 0.72878125 0.32399999999999995 0 0.174
0 0.8085 0.2595 0 0.08099999999999999
0 1.0795 0.255 0.09899999999999998 0
0 0.1365 0.295 0.08499999999999999 0
0 0.2115 0.28400000000000003 0 0.04199999999999998
0 0.3235 0.295 0.14300000000000002 0
0 0.64875 0.282 0 0.13399999999999998
0 0.7729999999999999 0.295 0.14 0
0 1.1295625 0.34099999999999997 0 0.14999999999999997
0 1.17225 0.2985 0 0.04299999999999998
0 1.248625 0.28500000000000003 0 0.05199999999999999
0 0.329015625 0.42800000000000005 0 0.186
0 0.44 0.335 0.04800000000000004 0
0 0.7575000000000001 0.335 0.30700000000000005 0
0 1.0875 0.335 0.05899999999999994 0
0 1.1710625 0.391 0 0.11199999999999999
0 1.2103125 0.382 0 0.09399999999999997
0 0.111 0.375 0.04400000000000001 0
0 0.168125 0.381 0 0.07599999999999996
0 0.2275 0.375 0.05499999999999999 0
0 0.5695 0.375 0.15100000000000002 0
0 0.68975 0.364 0 0.07400000000000001
0 0.8093125 0.3895 0 0.09699999999999998
0 0.891 0.375 0.05600000000000005 0
0 1.0645 0.375 0.05500000000000016 0
0 1.249296875 0.4485 0 0.14700000000000002
0 1.289375 0.398 0 0.128
0 0.20965625 0.4355 0 0.10899999999999999
0 0.24875 0.4545 0 0.123
0 0.40049999999999997 0.415 0.044999999999999984 0
0 0.488998046875 0.505 0 0.248
0 0.52859375 0.4335 0 0.119
0 0.8510625 0.43000000000000005 0 0.07
0 0.92975 0.4345 0 0.09699999999999998
0 1.004 0.415 0.08000000000000007 0
0 1.0876875 0.43500000000000005 0 0.066
0 0.169 0.607 0 0.304
0 0.37025 0.477 0 0.043999999999999984
0 0.7090000000000001 0.455 0.04999999999999993 0
0 0.97025 0.45499999999999996 0 0.09200000000000003
0 1.0094375 0.45999999999999996 0 0.068
0 1.1255 0.455 0.09699999999999998 0
0 0.185 0.495 0.16400000000000003 0
0 0.387 0.495 0.08200000000000002 0
0 0.9225 0.495 0.04899999999999993 0
0 0.0903125 0.5475 0 0.06899999999999995
0 0.210375 0.5489999999999999 0 0.04399999999999993
0 0.246875 0.5595 0 0.04899999999999993
0 0.32399999999999995 0.535 0.08400000000000002 0
0 0.413375 0.5585 0 0.04699999999999993
0 0.528625 0.5605 0 0.050999999999999934
0 0.84903125 0.585 0 0.10799999999999998
0 0.9698125 0.605 0 0.14
0 1.009234375 0.6100000000000001 0 0.15000000000000002
0 1.04915625 0.6015 0 0.14900000000000002
0 1.08875 0.6000000000000001 0 0.13
0 1.12865625 0.5685 0 0.10699999999999998
0 1.20925 0.605 0 0.17599999999999993
0 0.290125 0.602 0 0.05400000000000005
0 0.32890625 0.6285 0 0.123
0 0.39749999999999996 0.575 0.08100000000000002 0
0 0.61075 0.5994999999999999 0 0.049000000000000044
0 0.929015625 0.6245 0 0.1349999999999999
0 1.0505 0.575 0.04700000000000015 0
0 1.16925 0.5994999999999999 0 0.05700000000000005
0 1.288875 0.599 0 0.07399999999999995
0 0.2295 0.615 0.08300000000000002 0
0 0.36875 0.6565 0 0.119
0 0.4080625 0.6555 0 0.08099999999999996
0 0.768 0.615 0.04600000000000004 0
0 0.8899375 0.6535 0 0.07699999999999996
0 0.948 0.615 0.051999999999999935 0
0 1.0545 0.615 0.04899999999999993 0
0 1.226 0.615 0.1299999999999999 0
0 0.090375 0.6719999999999999 0 0.041999999999999926
0 0.1291875 0.679 0 0.07399999999999995
0 0.2074375 0.6825 0 0.07099999999999995
0 0.2874375 0.7105 0 0.11099999999999999
0 0.386 0.655 0.05199999999999999 0
0 0.811625 0.6765 0 0.04299999999999993
0 0.367 0.695 0.07999999999999996 0
0 1.1245 0.695 0.04899999999999993 0
0 0.8900625 0.79 0 0.10999999999999999
0 0.9705 0.7595000000000001 0 0.07500000000000007
0 1.091625 0.7295 0 0.04300000000000004
0 1.1686875 0.7805 0 0.09099999999999997
0 1.2894375 0.7745 0 0.14300000000000002
0 0.806125 0.8045 0 0.05899999999999994
0 0.9308125 0.81 0 0.06999999999999995
0 1.0485 0.8180000000000001 0 0.08599999999999997
0 1.132625 0.817 0 0.08399999999999996
0 1.212875 0.9245000000000001 0 0.29900000000000004
0 1.249234375 0.839 0 0.14400000000000002
0 0.486 0.815 0.18199999999999994 0
0 0.817 0.815 0.3919999999999999 0
0 1.1905000000000001 0.815 0.1010000000000002 0
0 1.304 0.815 0.06400000000000006 0
0 1.0085 0.8494999999999999 0 0.049000000000000044
0 1.25 0.855 0.08800000000000008 0
0 0.7305 0.9335 0 0.10899999999999999
0 1.0915 0.921 0 0.051999999999999935
0 1.28840625 0.9315 0 0.10899999999999999
0 0.6498125 1.028 0 0.18599999999999994
0 0.884 0.935 0.07600000000000007 0
0 1.0555 0.935 0.1170000000000001 0
0 0.60875 1.039 0 0.16400000000000003
0 0.7050000000000001 0.975 0.041999999999999926 0
0 0.9685 1.0075 0 0.06500000000000006
0 1.247375 0.9715 0 0.061000000000000054
0 1.0085 1.0265 0 0.06899999999999995
0 1.169296875 1.119 0 0.20800000000000018
0 1.279 1.015 0.06600000000000006 0
0 0.690375 1.088 0 0.06600000000000006
0 0.811375 1.0715 0 0.04100000000000015
0 0.8500625 1.0535 0 0.07499999999999996
0 0.931125 1.075 0 0.04800000000000004
0 1.08625 1.1179999999999999 0 0.2100000000000002
0 1.1278125 1.0705 0 0.133
0 1.2475 1.055 0.05899999999999994 0
0 1.058 1.095 0.04800000000000004 0
0 1.2895 1.1335 0 0.11299999999999999
0 1.085 1.135 0.12400000000000011 0
0 0.742 1.175 0.04600000000000004 0
0 1.026 1.175 0.09200000000000008 0
0 1.24875 1.1749999999999998 0 0.04600000000000004
0 1.2085 1.215 0.11699999999999999 0
0 0.529 0.2635 0 0.097
0 0.689 0.238 0 0.04600000000000001
0 0.689 0.8440000000000001 0 0.14
0 0.849 0.8095 0 0.04299999999999993
0 1.009 0.2785 0 0.101
0 1.009 1.1425 0 0.06499999999999995
0 1.049 0.3085 0 0.067
0 1.049 1.0270000000000001 0 0.04200000000000004
0 1.089 0.2985 0 0.159
0 1.209 0.238 0 0.04600000000000001
0 1.249 0.6605 0 0.10699999999999998
0 1.249 1.0795 0 0.08100000000000018
0 1.289 0.2395 0 0.047000000000000014
0 1.329 0.319 0 0.19199999999999998
0 1.329 0.522 0 0.07000000000000006
0 1.329 0.6365000000000001 0 0.041000000000000036
0 1.329 0.906 0 0.20799999999999996
0 1.329 1.1395 0 0.16700000000000004
1 0.16915625 0.325 0.03605903362889804 0.05
1 0.248828125 0.3755 0.0350003487705837 0.05
1 0.30894921875 0.565 0.0401139923873691 0.05
1 0.932375 0.3655 0.04133476140006133 0.05
1 0.258 0.275 0.0417612260356422 0.05
1 0.3292578125 0.321 0.028004189314112003 0.05
1 0.4887958984375 0.3615 0.03900209553297278 0.05
1 0.6995 0.275 0.040607881008493905 0.05
1 0.80890625 0.3205 0.04100804989572169 0.05
1 1.108625 0.409 0.044153319524130916 0.05
1 1.19128125 0.3275 0.04091153756888147 0.05
1 1.190625 0.2675 0.04008194730798392 0.05
1 0.1685625 0.437 0.03601063211053091 0.05
1 1.028 0.395 0.040607881008493905 0.05
1 1.2292734375 0.5195 0.04035780218576856 0.05
1 0.210015625 0.5085 0.03700698044372845 0.05
1 0.528609375 0.514 0.04200001162574244 0.05
1 0.97003125 0.518 0.03400281468128778 0.05
1 0.355 0.515 0.044721359549995794 0.05
1 0.830328125 0.647 0.040684487695711494 0.05
1 1.0901875 0.6865 0.04309600474521971 0.05
1 0.28878125 0.642 0.02613852819594095 0.05
1 1.3089375 0.5615 0.04043532644854002 0.05
1 1.3089375 0.626 0.044833197800290804 0.05
1 0.89 0.7135 0.04300018168566268 0.05
1 1.288921875 0.8615 0.031017148104919318 0.05
1 1.26921875 0.7265 0.0419069374477544 0.05
1 1.2483046875 0.926 0.030057566025721794 0.05
1 0.599 0.815 0.044 0.05
1 0.66940625 0.9475 0.04445964638017266 0.05
1 0.9498125 1.0455 0.0389601158237498 0.05
1 1.2481875 1.0205 0.037035666930676434 0.05
1 1.248875 1.1185 0.03200097654759929 0.05
3 0.40075 0.46699999999999997 0.6235 0.504
3 1.02425 0.46699999999999997 0.6235 0.504
3 0.40075 0.9710000000000001 0.6235 0.5040000000000001
3 1.02425 0.9710000000000001 0.6235 0.5040000000000001