0 0.9340625 0.1955 0 0.135
0 0.974 0.1585 0 0.061
0 0.41000000000000003 0.208 0.066 0
0 1.0635 0.208 0.050999999999999934 0
0 0.4105 0.328 0.067 0
0 0.4085 0.368 0.063 0
0 1.29825 0.40800000000000003 0 0.08000000000000002
0 0.4185 0.46799999999999997 0 0.12000000000000005
0 1.2515 0.408 0.06699999999999995 0
0 1.0575 0.439 0 0.05400000000000005
0 1.334 0.448 0.16600000000000015 0
0 1.085 0.608 0.06000000000000005 0
0 1.137 0.6074999999999999 0 0.061000000000000054
0 1.17475 0.6174999999999999 0 0.08100000000000007
0 0.391 0.648 0.09999999999999998 0
0 0.815 0.648 0.039999999999999925 0
0 0.9415 0.648 0.040999999999999925 0
0 1.065 0.648 0.09400000000000008 0
0 1.3205 0.648 0.05500000000000016 0
0 0.396 0.688 0.043999999999999984 0
0 0.92825 0.708 0 0.040000000000000036
0 0.374 0.6299999999999999 0 0.118
0 0.414 0.5980000000000001 0 0.07599999999999996
0 0.454 0.20500000000000002 0 0.058000000000000024
0 0.454 0.35050000000000003 0 0.056999999999999995
0 0.454 0.6285000000000001 0 0.1110000000000001
0 1.054 0.611 0 0.07200000000000006
0 1.094 0.6154999999999999 0 0.08100000000000007
0 1.294 0.6525 0 0.15100000000000002
0 1.414 0.349 0 0.186
1 0.41625 0.544 0.03231485726411305 0.05
3 0.61 0.278 0.538 0.3
3 1.1480000000000001 0.278 0.538 0.3
3 0.61 0.578 0.538 0.3
3 1.1480000000000001 0.578 0.538 0.3