0 0.7195 0.34 0.21099999999999997 0
0 0.7105 0.43 0.125 0
0 0.544 0.555 0.22800000000000004 0
0 0.8049999999999999 0.695 0.18200000000000005 0
0 0.545 0.7575 0 0.123
0 0.615 0.288 0 0.23999999999999996
0 0.131 0.421 0.064 0
0 0.3805 0.421 0.3470000000000001 0
0 0.7785 0.421 0.05500000000000005 0
0 0.3325 0.445 0.43500000000000005 0
0 0.27699999999999997 0.453 0.13399999999999998 0
0 0.7475 0.573 0.06300000000000006 0
0 0.5489999999999999 0.581 0.06799999999999995 0
0 0.757 0.597 0.08400000000000007 0
0 0.5525 0.605 0.07299999999999995 0
0 0.748 0.605 0.06400000000000006 0
0 0.9550000000000001 0.653 0.061999999999999944 0
0 0.616 0.693 0.08400000000000007 0
0 0.325 0.1205 0 0.199
0 0.325 0.3395 0 0.10300000000000004
0 0.349 0.122 0 0.202
0 0.349 0.3665 0 0.16500000000000004
0 0.445 0.4455 0 0.05299999999999999
0 0.453 0.515 0 0.09400000000000003
0 0.525 0.581 0 0.06599999999999995
0 0.613 0.1915 0 0.061
0 0.613 0.365 0 0.16400000000000003
0 0.637 0.19 0 0.057999999999999996
0 0.637 0.3665 0 0.16100000000000003
0 0.653 0.6679999999999999 0 0.07599999999999996
0 0.829 0.613 0 0.05600000000000005
0 0.845 0.665 0 0.061999999999999944
0 0.901 0.20700000000000002 0 0.374
0 0.925 0.643 0 0.11599999999999999
0 0.941 0.503 0 0.08400000000000002
0 0.949 0.7845 0 0.05300000000000005
1 0.185 0.421 0.044 0.05
1 0.933 0.581 0.04308131845707603 0.05
2 0.544 0.555 0.035 0.05
3 0.32075 0.21975 0.4435 0.39949999999999997
3 0.76425 0.21975 0.4435 0.39949999999999997
3 0.32075 0.61925 0.4435 0.39949999999999997
3 0.76425 0.61925 0.4435 0.39949999999999997