0 0.337625 0.356 0 0.09400000000000003
0 0.361 0.789 0.06 0
0 0.587 0.789 0.10399999999999998 0
0 0.38175 1.028 0 0.07799999999999996
0 0.4635 1.0095 0 0.041000000000000036
0 0.6174999999999999 0.989 0.049000000000000044 0
0 0.77725 1.025 0 0.10399999999999998
0 0.1465 1.029 0.177 0
0 0.614 1.029 0.524 0
0 0.382 1.109 0.128 0
0 0.42300000000000004 1.149 0.07 0
0 0.777625 1.165 0 0.062000000000000055
0 0.41900000000000004 1.229 0.03999999999999998 0
0 0.778 1.3525 0 0.10699999999999998
0 0.5505 1.349 0.119 0
0 0.743 1.349 0.04200000000000004 0
0 0.522 1.389 0.062000000000000055 0
0 0.7055 1.389 0.245 0
0 0.623 1.429 0.07600000000000007 0
0 0.439 1.469 0.06999999999999995 0
0 0.499125 1.487 0 0.07199999999999984
0 0.624 1.469 0.07800000000000007 0
0 0.8355 1.469 0.08099999999999996 0
0 0.4435 1.509 0.041000000000000036 0
0 0.525 1.509 0.052000000000000046 0
0 0.615 1.509 0.06400000000000006 0
0 0.6295 1.549 0.09900000000000009 0
0 0.2175 1.662 0 0.18599999999999994
0 0.4955 1.589 0.235 0
0 0.0795 1.629 0.043000000000000003 0
0 0.374 1.629 0.04400000000000004 0
0 0.0785 1.669 0.041 0
0 0.2425 1.669 0.059000000000000025 0
0 0.7945 1.669 0.09899999999999998 0
0 0.41550000000000004 1.709 0.28500000000000003 0
0 0.6585 1.709 0.14100000000000001 0
0 0.30425 1.7285 0 0.04100000000000015
0 0.531 1.749 0.23200000000000004 0
0 0.098 1.0305 0 0.05699999999999994
0 0.098 1.662 0 0.18599999999999994
0 0.138 0.7865 0 0.04500000000000004
0 0.178 0.7885 0 0.04899999999999993
0 0.218 1.0295 0 0.05899999999999994
0 0.258 0.787 0 0.04600000000000004
0 0.258 1.656 0 0.04800000000000004
0 0.298 0.787 0 0.04600000000000004
0 0.298 1.0305 0 0.05699999999999994
0 0.338 1.188 0 0.05600000000000005
0 0.378 0.3425 0 0.067
0 0.378 1.1844999999999999 0 0.049000000000000155
0 0.378 1.4825 0 0.20900000000000007
0 0.418 0.38649999999999995 0 0.04899999999999999
0 0.418 1.065 0 0.1299999999999999
0 0.418 1.402 0 0.04800000000000004
0 0.418 1.5725 0 0.04300000000000015
0 0.418 1.7315 0 0.04699999999999993
0 0.458 1.149 0 0.052000000000000046
0 0.458 1.4885000000000002 0 0.05899999999999994
0 0.458 1.5710000000000002 0 0.04600000000000004
0 0.498 0.38649999999999995 0 0.04899999999999999
0 0.498 1.0295 0 0.05899999999999994
0 0.498 1.351 0 0.1200000000000001
0 0.538 0.6685 0 0.7190000000000001
0 0.538 1.1684999999999999 0 0.14300000000000002
0 0.538 1.696 0 0.11799999999999988
0 0.578 1.0295 0 0.05899999999999994
0 0.578 1.3679999999999999 0 0.07999999999999985
0 0.578 1.4660000000000002 0 0.04600000000000004
0 0.618 0.7815000000000001 0 0.04700000000000004
0 0.618 1.5699999999999998 0 0.3699999999999999
0 0.658 1.708 0 0.09399999999999986
0 0.778 1.5539999999999998 0 0.08600000000000008
0 0.818 1.355 0 0.053999999999999826
1 0.568 1.389 0.03 0.05
1 0.4985625 1.407 0.04001581718520815 0.05
1 0.4815 1.509 0.035 0.05
1 0.567 1.509 0.032 0.05
1 0.4825 1.609 0.043863424398922615 0.05
1 0.2725 1.689 0.04001249804748511 0.05
1 0.716 1.689 0.04308131845707603 0.05
1 0.573 1.709 0.03 0.05
1 0.398 0.369 0.04237924020083418 0.05
1 0.438 1.1265 0.040607881008493905 0.05
3 0.2625 0.6705 0.40900000000000003 0.7230000000000001
3 0.6715 0.6705 0.409 0.7230000000000001
3 0.2625 1.3935 0.40900000000000003 0.7229999999999999
3 0.6715 1.3935 0.409 0.7229999999999999