0 0.103125 0.1545 0 0.133
0 0.0635 0.128 0.07899999999999999 0
0 0.141625 0.1245 0 0.056999999999999995
0 0.278 0.128 0.03999999999999998 0
0 0.142875 0.1955 0 0.05499999999999999
0 0.253 0.168 0.06599999999999998 0
0 0.051000000000000004 0.208 0.054 0
0 0.31 0.208 0.10599999999999998 0
0 0.2825 0.248 0.05099999999999999 0
0 0.069 0.288 0.09 0
0 0.1225 0.328 0.063 0
0 0.183 0.312 0 0.06599999999999995
0 0.067 0.368 0.060000000000000005 0
0 0.29300000000000004 0.368 0.07 0
0 0.057999999999999996 0.408 0.068 0
0 0.253 0.408 0.10599999999999998 0
0 0.045 0.448 0.042 0
0 0.26849999999999996 0.448 0.189 0
0 0.0645 0.488 0.08099999999999999 0
0 0.2955 0.488 0.07700000000000001 0
0 0.064 0.16399999999999998 0 0.142
0 0.064 0.39449999999999996 0 0.16299999999999998
0 0.184 0.442 0 0.11599999999999999
0 0.224 0.4295 0 0.07300000000000001
0 0.264 0.12 0 0.064
0 0.264 0.34299999999999997 0 0.314
0 0.304 0.225 0 0.08400000000000002
0 0.304 0.423 0 0.15400000000000003
0 0.344 0.472 0 0.055999999999999994
1 0.0955 0.348 0.04044749683231337 0.05
1 0.1835 0.3645 0.03901281840626232 0.05
1 0.264 0.169 0.034 0.05
3 0.10875 0.191 0.1695 0.206
3 0.27825 0.191 0.16949999999999998 0.206
3 0.10875 0.397 0.1695 0.20600000000000002
3 0.27825 0.397 0.16949999999999998 0.20600000000000002