0 0.7235 0.239 0.061000000000000054 0
0 0.875 0.279 0.05400000000000005 0
0 0.6034999999999999 0.359 0.06300000000000006 0
0 0.8795 0.359 0.04700000000000004 0
0 0.9585 0.40700000000000003 0 0.496
0 0.63525 0.5525 0 0.06699999999999995
0 0.5485 0.559 0.06699999999999995 0
0 1.063 0.559 0.2480000000000001 0
0 0.5515 0.599 0.07699999999999996 0
0 0.7175 0.599 0.17700000000000005 0
0 1.135 0.599 0.10400000000000009 0
0 0.5580625 0.716 0 0.128
0 0.63525 0.726 0 0.09399999999999997
0 0.79975 0.6805 0 0.18900000000000006
0 0.59921875 0.7505 0 0.21899999999999997
0 0.5875 0.759 0.15500000000000003 0
0 0.8200000000000001 0.799 0.11199999999999999 0
0 0.5489999999999999 0.839 0.07399999999999995 0
0 0.6759999999999999 0.839 0.09399999999999997 0
0 0.6839999999999999 0.879 0.06399999999999995 0
0 0.963 0.879 0.04800000000000004 0
0 1.0425 0.853 0 0.052000000000000046
0 0.319 0.6950000000000001 0 0.16400000000000003
0 0.519 0.54 0 0.15399999999999997
0 0.519 0.8305 0 0.14900000000000002
0 0.559 0.5355000000000001 0 0.04700000000000004
0 0.719 0.2595 0 0.04300000000000004
0 0.719 0.6355 0 0.09900000000000009
0 0.719 0.8320000000000001 0 0.14600000000000002
0 0.839 0.798 0 0.051999999999999935
0 0.879 0.5095000000000001 0 0.10300000000000004
0 0.879 0.88 0 0.050000000000000044
0 0.959 0.819 0 0.17200000000000004
0 0.999 0.5935 0 0.07299999999999995
0 1.039 0.5955 0 0.07899999999999996
0 1.079 0.8215 0 0.16700000000000004
0 1.119 0.5860000000000001 0 0.05799999999999994
0 1.159 0.5940000000000001 0 0.07399999999999995
1 0.6095 0.599 0.039 0.05
1 0.819375 0.7735 0.039364482722372966 0.05
1 0.6075 0.839 0.043 0.05
3 0.536 0.34550000000000003 0.434 0.373
3 0.97 0.34550000000000003 0.43400000000000005 0.373
3 0.536 0.7185 0.434 0.373
3 0.97 0.7185 0.43400000000000005 0.373