0 0.47950000000000004 0.226 0.04099999999999998 0
0 0.03975 0.62 0 0.8680000000000001
0 0.273 0.266 0.12800000000000003 0
0 0.3635 0.26949999999999996 0 0.04099999999999998
0 0.3985 0.276 0 0.05399999999999999
0 0.20850000000000002 0.306 0.221 0
0 0.515 0.315 0 0.052000000000000046
0 0.243 0.346 0.10399999999999998 0
0 0.319625 0.348 0 0.05399999999999999
0 0.43675 0.379 0 0.21799999999999997
0 0.156 0.386 0.03999999999999998 0
0 0.198140625 0.4365 0 0.203
0 0.312 0.386 0.050000000000000044 0
0 0.36025 0.4175 0 0.08100000000000002
0 0.515375 0.41500000000000004 0 0.057999999999999996
0 0.23975 0.352 0 0.15799999999999997
0 0.319125 0.48950000000000005 0 0.10500000000000004
0 0.3995 0.5155 0 0.09899999999999992
0 0.277625 0.49450000000000005 0 0.05299999999999999
0 0.478 0.617 0 0.10999999999999999
0 0.5525 0.6014999999999999 0 0.049000000000000044
0 0.2325 0.666 0.193 0
0 0.357625 0.645 0 0.10399999999999998
0 0.241875 0.7335 0 0.05500000000000005
0 0.2769375 0.7749999999999999 0 0.10999999999999999
0 0.319375 0.7895000000000001 0 0.04500000000000004
0 0.4545 0.786 0.063 0
0 0.3200625 0.9015 0 0.07699999999999996
0 0.28175 0.9145 0 0.04899999999999993
0 0.40425 0.9265 0 0.040999999999999925
0 0.4095 0.946 0.061 0
0 0.1305 0.986 0.047 0
0 0.378 0.986 0.09599999999999997 0
0 0.1585 1.026 0.044999999999999984 0
0 0.118 0.3165 0 0.11299999999999999
0 0.158 0.396 0 0.274
0 0.158 0.683 0 0.12
0 0.198 0.28500000000000003 0 0.05199999999999999
0 0.198 0.685 0 0.039999999999999925
0 0.238 0.2175 0 0.063
0 0.278 0.2885 0 0.07900000000000001
0 0.318 0.274 0 0.04999999999999999
0 0.318 0.655 0 0.10399999999999998
0 0.398 1.03 0 0.04800000000000004
0 0.438 0.6165 0 0.1070000000000001
0 0.438 0.946 0 0.05799999999999994
0 0.478 0.23650000000000002 0 0.07100000000000001
0 0.478 0.7605 0 0.04500000000000004
1 0.4965 0.271 0.040718546143004665 0.05
1 0.2155 0.366 0.04272001872658766 0.05
1 0.291 0.366 0.040792156108742275 0.05
1 0.2988125 0.312 0.04220948501225761 0.05
1 0.418125 0.477 0.04326155914897197 0.05
1 0.457375 0.3445 0.041298456387618164 0.05
1 0.41875 0.564 0.03855191305240247 0.05
1 0.2199375 0.713 0.04388639453179083 0.05
1 0.29746875 0.7165 0.04307120739252616 0.05
1 0.145 1.006 0.043863424398922615 0.05
1 0.218 0.2485 0.04123105625617661 0.05
3 0.16793750000000002 0.403 0.256375 0.434
3 0.4243125 0.403 0.25637499999999996 0.434
3 0.16793750000000002 0.837 0.256375 0.43400000000000005
3 0.4243125 0.837 0.25637499999999996 0.43400000000000005