0 0.26684375 0.281 0 0.34400000000000003
0 0.067875 0.3635 0 0.509
0 0.118 0.189 0.11199999999999999 0
0 0.316 0.189 0.20199999999999999 0
0 0.1055 0.198 0 0.062
0 0.053 0.269 0.052000000000000005 0
0 0.18875 0.29200000000000004 0 0.04799999999999999
0 0.26449999999999996 0.269 0.056999999999999995 0
0 0.14700000000000002 0.309 0.24000000000000002 0
0 0.34875 0.367 0 0.11599999999999999
0 0.38678125 0.3715 0 0.17300000000000004
0 0.053 0.349 0.052000000000000005 0
0 0.239 0.349 0.05200000000000002 0
0 0.0555 0.389 0.05700000000000001 0
0 0.2395 0.389 0.049000000000000016 0
0 0.149375 0.5289999999999999 0 0.12
0 0.19575 0.49 0 0.04200000000000004
0 0.31275 0.508 0 0.07800000000000007
0 0.386 0.469 0.062 0
0 0.104 0.5005000000000001 0 0.08300000000000002
0 0.2695 0.509 0.10300000000000001 0
0 0.35225 0.5549999999999999 0 0.126
0 0.119 0.549 0.184 0
0 0.27949999999999997 0.549 0.05099999999999999 0
0 0.173 0.589 0.10800000000000001 0
0 0.187 0.5860000000000001 0 0.06399999999999995
0 0.227 0.33399999999999996 0 0.08400000000000002
0 0.227 0.5355 0 0.16499999999999998
0 0.267 0.5195000000000001 0 0.06300000000000006
0 0.307 0.16649999999999998 0 0.07899999999999999
0 0.347 0.1585 0 0.059
0 0.387 0.1925 0 0.127
1 0.246921875 0.453 0.03984375 0.05
1 0.1945 0.189 0.041 0.05
1 0.386890625 0.2935 0.02900082501520431 0.05
1 0.191375 0.5325 0.04388123175117125 0.05
3 0.1245 0.23625 0.195 0.2545
3 0.3195 0.23625 0.19499999999999998 0.2545
3 0.1245 0.49075 0.195 0.2545
3 0.3195 0.49075 0.19499999999999998 0.2545