0 0.021875 0.3625 0 0.485
0 0.06225 0.353 0 0.06
0 0.1816875 0.363 0 0.07800000000000001
0 0.16449999999999998 0.4 0.04500000000000001 0
0 0.260375 0.46699999999999997 0 0.07400000000000001
0 0.16849999999999998 0.52 0.05300000000000002 0
0 0.0945 0.56 0.14700000000000002 0
0 0.276 0.56 0.09 0
0 0.1005 0.5760000000000001 0 0.07599999999999996
0 0.17625 0.5800000000000001 0 0.039999999999999925
0 0.29900000000000004 0.6 0.043999999999999984 0
0 0.17625 0.6605000000000001 0 0.041000000000000036
0 0.141 0.34650000000000003 0 0.044999999999999984
0 0.301 0.3935 0 0.139
1 0.17625 0.62 0.04 0.05
3 0.096 0.26025 0.15000000000000002 0.2805
3 0.246 0.26025 0.15 0.2805
3 0.096 0.5407500000000001 0.15000000000000002 0.2805
3 0.246 0.5407500000000001 0.15 0.2805