0 0.266375 0.3635 0 0.509
0 0.06175 0.3635 0 0.509
0 0.063 0.189 0.07400000000000001 0
0 0.31 0.189 0.17600000000000002 0
0 0.145875 0.334 0 0.268
0 0.1845 0.22749999999999998 0 0.04100000000000001
0 0.0545 0.269 0.053000000000000005 0
0 0.2565 0.269 0.05899999999999997 0
0 0.344 0.2895 0 0.044999999999999984
0 0.056999999999999995 0.309 0.062 0
0 0.3315 0.309 0.133 0
0 0.050499999999999996 0.349 0.049 0
0 0.185375 0.387 0 0.12
0 0.0755 0.389 0.099 0
0 0.0605 0.429 0.065 0
0 0.1555 0.429 0.063 0
0 0.0985 0.469 0.14500000000000002 0
0 0.07400000000000001 0.509 0.054000000000000006 0
0 0.2505 0.509 0.08499999999999999 0
0 0.08549999999999999 0.549 0.119 0
0 0.221 0.549 0.08200000000000002 0
0 0.34950000000000003 0.549 0.09700000000000003 0
0 0.068 0.589 0.084 0
0 0.30200000000000005 0.589 0.07200000000000001 0
0 0.106 0.1595 0 0.07900000000000001
0 0.106 0.5005 0 0.16499999999999998
0 0.146 0.1495 0 0.056999999999999995
0 0.186 0.1525 0 0.065
0 0.186 0.5529999999999999 0 0.13
0 0.226 0.16 0 0.08000000000000002
0 0.226 0.29600000000000004 0 0.07
0 0.306 0.5345 0 0.16699999999999998
0 0.346 0.148 0 0.055999999999999994
0 0.346 0.583 0 0.06999999999999995
0 0.386 0.16999999999999998 0 0.10200000000000001
0 0.386 0.3795 0 0.041000000000000036
0 0.386 0.5545 0 0.127
1 0.1259375 0.294 0.03988753721402213 0.05
1 0.1659375 0.478 0.044833197800290804 0.05
1 0.20525 0.184 0.042086221023037926 0.05
1 0.2056875 0.354 0.0408214481002328 0.05
1 0.1245 0.409 0.04001249804748511 0.05
1 0.297 0.529 0.040792156108742275 0.05
1 0.1625 0.549 0.035 0.05
3 0.119 0.23625 0.186 0.2545
3 0.305 0.23625 0.18600000000000003 0.2545
3 0.119 0.49075 0.186 0.2545
3 0.305 0.49075 0.18600000000000003 0.2545