0 0.11 0.185 0.048000000000000015 0
0 0.1115 0.265 0.047000000000000014 0
0 0.467 0.2835 0 0.04299999999999998
0 0.8585 0.305 0.06500000000000006 0
0 0.7949999999999999 0.345 0.134 0
0 1.03175 0.394 0 0.057999999999999996
0 0.1165 0.3265 0 0.363
0 0.191875 0.4465 0 0.08499999999999996
0 0.467 0.48650000000000004 0 0.04299999999999998
0 1.0345 0.5 0 0.07
0 0.996 0.505 0.10400000000000009 0
0 0.151 0.4605 0 0.05299999999999999
0 0.511 0.45499999999999996 0 0.07800000000000001
0 0.751 0.264 0 0.06199999999999997
0 0.871 0.2665 0 0.06699999999999998
0 0.911 0.1725 0 0.05500000000000002
0 0.951 0.22899999999999998 0 0.168
0 0.951 0.448 0 0.10199999999999998
0 0.951 0.6910000000000001 0 0.21600000000000008
1 1.033125 0.444 0.04208993347583244 0.05
3 0.32649999999999996 0.3085 0.481 0.32699999999999996
3 0.8075 0.3085 0.4810000000000001 0.32699999999999996
3 0.32649999999999996 0.6355 0.481 0.32700000000000007
3 0.8075 0.6355 0.4810000000000001 0.32700000000000007