0 0.921984375 0.4395 0 0.359
0 0.32575 0.356 0 0.03999999999999998
0 0.51925 0.397 0 0.04199999999999998
0 0.5740000000000001 0.496 0.682 0
0 1.0825625 0.558 0 0.13
0 1.32125 0.6194999999999999 0 0.29500000000000004
0 0.562 0.6735 0 0.19500000000000006
0 0.722125 0.6005 0 0.049000000000000044
0 0.759125 0.5994999999999999 0 0.04700000000000004
0 2.28875 0.5974999999999999 0 0.04300000000000004
0 1.009 0.616 0.20399999999999996 0
0 2.1105 0.616 0.04699999999999971 0
0 1.59575 0.6759999999999999 0 0.039999999999999925
0 1.245375 0.7324999999999999 0 0.07300000000000006
0 1.283875 0.7315 0 0.07100000000000006
0 0.5415 0.736 0.050999999999999934 0
0 2.0919999999999996 0.736 0.06800000000000006 0
0 0.39649999999999996 0.776 0.347 0
0 1.7854999999999999 0.776 0.04299999999999993 0
0 1.5525 0.896 0.06700000000000017 0
0 1.7845 0.896 0.040999999999999925 0
0 0.21600000000000003 0.976 0.10800000000000001 0
0 1.041875 0.9795 0 0.049000000000000044
0 1.722 0.976 0.18999999999999995 0
0 1.9675 0.976 0.04899999999999993 0
0 1.52225 1.096 0 0.7140000000000001
0 1.5985 1.016 0.09699999999999998 0
0 1.7805 1.016 0.052999999999999936 0
0 1.879375 1.0545 0 0.07699999999999996
0 2.04925 1.038 0 0.04400000000000004
0 0.24975 0.9444999999999999 0 0.3989999999999999
0 0.840375 1.1015000000000001 0 0.09099999999999997
0 0.91675 1.1005 0 0.08899999999999997
0 1.203375 1.082 0 0.052000000000000046
0 1.5608125 1.134 0 0.17999999999999994
0 1.59575 1.0345 0 0.04300000000000015
0 2.12825 1.1015000000000001 0 0.09099999999999997
0 2.2404375 1.08 0 0.13400000000000012
0 0.1625 1.1095000000000002 0 0.05899999999999994
0 0.2015625 1.1085 0 0.05699999999999994
0 0.7635 1.0905 0 0.04300000000000015
0 0.8705 1.096 0.09300000000000008 0
0 1.16215625 1.1280000000000001 0 0.12200000000000011
0 1.6155 1.096 0.05499999999999994 0
0 2.00025 1.0995 0 0.06099999999999994
0 2.19825 1.1215000000000002 0 0.050999999999999934
0 0.325125 1.1789999999999998 0 0.08600000000000008
0 0.86 1.136 0.07200000000000006 0
0 1.59625 1.115 0 0.041999999999999815
0 1.7475 1.136 0.14500000000000002 0
0 1.843125 1.133 0 0.052000000000000046
0 1.880375 1.1625 0 0.05300000000000016
0 2.0335 1.136 0.20500000000000007 0
0 2.2495000000000003 1.136 0.09699999999999998 0
0 2.402 1.136 0.06400000000000006 0
0 0.805375 1.1775 0 0.040999999999999925
0 1.1179999999999999 1.176 0.05999999999999983 0
0 1.80225 1.1195 0 0.11299999999999999
0 1.961375 1.1564999999999999 0 0.10299999999999998
0 2.08175 1.147 0 0.08400000000000007
0 0.72775 1.3345 0 0.2370000000000001
0 1.72125 1.252 0 0.07200000000000006
0 1.80175 1.3345 0 0.2370000000000001
0 0.8006875 1.2795 0 0.09099999999999997
0 1.7845 1.256 0.040999999999999925 0
0 2.321921875 1.306 0 0.1399999999999999
0 0.88190625 1.333 0 0.08599999999999985
0 0.9223125 1.355 0 0.1299999999999999
0 1.04121875 1.3745 0 0.15700000000000003
0 1.59625 1.328 0 0.06400000000000006
0 1.7854999999999999 1.296 0.04299999999999993 0
0 2.144 1.296 0.040000000000000036 0
0 2.254 1.296 0.08800000000000008 0
0 0.6975 1.336 0.06299999999999994 0
0 0.99925 1.366 0 0.06600000000000006
0 1.7845 1.336 0.040999999999999925 0
0 2.204625 1.367 0 0.06199999999999983
0 0.604 1.376 0.06800000000000006 0
0 0.843625 1.3705 0 0.052999999999999936
0 0.9199999999999999 1.376 0.07999999999999996 0
0 1.0779999999999998 1.376 0.04600000000000004 0
0 1.285375 1.3820000000000001 0 0.04200000000000004
0 1.403625 1.3855 0 0.04899999999999993
0 1.7854999999999999 1.376 0.04299999999999993 0
0 2.012 1.376 0.16199999999999992 0
0 2.2655000000000003 1.376 0.1030000000000002 0
0 0.3565 1.416 0.10499999999999998 0
0 0.474 1.416 0.03999999999999998 0
0 0.5505 1.416 0.052999999999999936 0
0 0.893 1.416 0.050000000000000044 0
0 0.96175 1.3900000000000001 0 0.1260000000000001
0 1.16175 1.4285 0 0.049000000000000155
0 2.25 1.416 0.09199999999999964 0
0 0.242 1.2535 0 0.06499999999999995
0 0.282 1.1875 0 0.08700000000000019
0 0.322 0.7455 0 0.05900000000000005
0 0.442 0.7444999999999999 0 0.05700000000000005
0 0.482 0.7464999999999999 0 0.061000000000000054
0 0.522 0.7545 0 0.04500000000000004
0 0.562 0.9305 0 0.121
0 0.602 1.207 0 0.08400000000000007
0 0.642 0.6014999999999999 0 0.04700000000000004
0 0.642 1.302 0 0.13600000000000012
0 0.682 1.1004999999999998 0 0.06299999999999994
0 0.682 1.259 0 0.05400000000000005
0 0.722 1.0915 0 0.04500000000000015
0 0.802 1.0865 0 0.05500000000000016
0 1.002 0.969 0 0.040000000000000036
0 1.122 1.0585 0 0.05699999999999994
0 1.122 1.1865 0 0.08900000000000019
0 1.162 0.742 0 0.062000000000000055
0 1.202 0.7355 0 0.049000000000000044
0 1.322 1.1789999999999998 0 0.062000000000000055
0 1.362 1.3875 0 0.052999999999999936
0 1.402 0.738 0 0.05800000000000005
0 1.442 0.738 0 0.05800000000000005
0 1.482 1.1065 0 0.06699999999999995
0 1.562 0.9944999999999999 0 0.051000000000000045
0 1.762 0.9864999999999999 0 0.051000000000000045
0 1.762 1.255 0 0.04200000000000004
0 1.802 0.846 0 0.274
0 1.842 0.74 0 0.062000000000000055
0 1.882 0.741 0 0.06000000000000005
0 1.922 0.741 0 0.06000000000000005
0 1.962 0.74 0 0.062000000000000055
0 1.962 1.363 0 0.041999999999999815
0 2.042 0.743 0 0.06400000000000006
0 2.082 0.7444999999999999 0 0.061000000000000054
0 2.122 0.7755 0 0.42300000000000004
0 2.162 1.276 0 0.06400000000000006
0 2.242 0.6034999999999999 0 0.04300000000000004
0 2.282 1.1785 0 0.04299999999999993
0 2.282 1.2915 0 0.11099999999999999
0 2.322 0.6045 0 0.04500000000000004
0 2.362 0.6014999999999999 0 0.04700000000000004
0 2.362 1.2605 0 0.21100000000000008
0 2.402 1.1335 0 0.04899999999999993
0 2.402 1.3465 0 0.11299999999999999
1 1.6835 0.996 0.044721359549995794 0.05
1 1.86125 1.1 0.038859522642461786 0.05
1 0.265875 1.144 0.03225 0.05
1 0.822875 1.152 0.03640054944640259 0.05
1 1.57828125 1.1185 0.03694088393974892 0.05
1 1.578875 1.0125 0.03446828252176194 0.05
1 2.26121875 1.152 0.042748583675368705 0.05
1 1.142078125 1.1095 0.04486116821999289 0.05
1 0.80303125 1.216 0.036303893128010384 0.05
1 1.802 1.196 0.04000312487793922 0.05
1 0.581 1.396 0.040607881008493905 0.05
1 0.509 1.416 0.03 0.05
1 0.262 1.215 0.04123105625617661 0.05
1 0.622 1.2415 0.04272001872658766 0.05
1 2.282 1.218 0.036 0.05
1 2.382 1.2375 0.04011234224026316 0.05
3 0.73 0.55825 1.1360000000000001 0.5965
3 1.866 0.55825 1.1360000000000001 0.5965
3 0.73 1.15475 1.1360000000000001 0.5965
3 1.866 1.15475 1.1360000000000001 0.5965