0 0.259375 0.2615 0 0.054999999999999966
0 0.158 0.274 0.09399999999999999 0
0 0.14650000000000002 0.314 0.04500000000000001 0
0 0.6699999999999999 0.314 0.05799999999999994 0
0 0.737625 0.3665 0 0.10499999999999998
0 0.4235 0.354 0.11299999999999999 0
0 0.658 0.354 0.04200000000000004 0
0 0.7384999999999999 0.354 0.05900000000000005 0
0 0.819025390625 0.8420000000000001 0 0.9760000000000001
0 0.306 0.394 0.41400000000000003 0
0 0.645 0.394 0.122 0
0 0.8049999999999999 0.394 0.061999999999999944 0
0 1.3405 0.394 0.28900000000000015 0
0 0.611 0.434 0.05600000000000005 0
0 0.8160000000000001 0.434 0.10599999999999998 0
0 0.8385 0.474 0.11299999999999999 0
0 0.463375 0.538 0 0.16399999999999998
0 0.7955 0.514 0.06299999999999994 0
0 1.2229999999999999 0.514 0.05400000000000005 0
0 0.4495 0.554 0.05499999999999999 0
0 0.7989999999999999 0.554 0.06799999999999995 0
0 1.2215 0.554 0.052999999999999936 0
0 0.44899999999999995 0.594 0.05399999999999999 0
0 0.6165 0.594 0.04700000000000004 0
0 0.7989999999999999 0.594 0.15600000000000003 0
0 1.4185 0.61 0 0.06400000000000006
0 1.4645000000000001 0.594 0.04100000000000015 0
0 0.314 0.634 0.04600000000000004 0
0 0.4545 0.634 0.04899999999999999 0
0 0.8245 0.634 0.08499999999999996 0
0 0.831 0.674 0.04999999999999993 0
0 1.2245 0.674 0.05899999999999994 0
0 0.8480000000000001 0.714 0.08799999999999997 0
0 0.8315 0.754 0.04899999999999993 0
0 1.3425 0.754 0.10899999999999999 0
0 0.2596875 0.8240000000000001 0 0.09199999999999997
0 0.301625 0.7989999999999999 0 0.04399999999999993
0 0.901625 0.7965 0 0.040999999999999925
0 1.34125 0.782 0 0.061999999999999944
0 1.4095 0.794 0.04300000000000015 0
0 0.1475 0.834 0.081 0
0 0.98225 0.835 0 0.04200000000000004
0 1.2570000000000001 0.834 0.12399999999999989 0
0 1.423 0.8355 0 0.050999999999999934
0 0.131 0.874 0.048 0
0 0.367 0.874 0.07999999999999996 0
0 0.747 0.8385 0 0.07099999999999995
0 1.2155 0.874 0.040999999999999925 0
0 1.3855 0.874 0.15500000000000003 0
0 0.257 0.914 0.31599999999999995 0
0 0.5645 0.914 0.04699999999999993 0
0 1.448 0.914 0.07400000000000007 0
0 0.1779375 0.9535 0 0.10099999999999998
0 0.21375 0.9864999999999999 0 0.06499999999999995
0 0.3345 0.915 0 0.07799999999999996
0 0.571 0.954 0.07599999999999996 0
0 0.85675 0.925 0 0.07399999999999995
0 1.3410000000000002 0.954 0.28800000000000003 0
0 0.39149999999999996 0.994 0.059 0
0 0.5075000000000001 0.994 0.07500000000000007 0
0 0.741 1.032 0 0.07600000000000007
0 1.2215 0.994 0.04700000000000015 0
0 1.38325 1.0335 0 0.08699999999999997
0 0.184 1.057 0 0.04600000000000004
0 0.513 1.034 0.08400000000000007 0
0 0.6739999999999999 1.034 0.17600000000000005 0
0 0.8205 1.034 0.04699999999999993 0
0 1.2205 1.034 0.04500000000000015 0
0 0.515 1.074 0.08400000000000007 0
0 1.2305000000000001 1.074 0.06299999999999994 0
0 1.3445 1.074 0.04700000000000015 0
0 0.28500000000000003 1.114 0.04799999999999999 0
0 0.85575 1.145 0 0.06199999999999983
0 1.256 1.03 0 0.16800000000000015
0 1.298125 1.1395 0 0.121
0 0.8240000000000001 1.154 0.041999999999999926 0
0 1.341875 1.1709999999999998 0 0.06600000000000006
0 0.1795 1.2135 0 0.10899999999999999
0 1.2694999999999999 1.194 0.14700000000000002 0
0 1.4595 1.194 0.051000000000000156 0
0 0.3055 1.282 0 0.09600000000000009
0 1.228 1.234 0.06199999999999983 0
0 1.342375 1.282 0 0.09600000000000009
0 0.4185 1.245 0 0.17000000000000015
0 0.47150000000000003 1.274 0.056999999999999995 0
0 0.7985 1.274 0.06899999999999995 0
0 0.798 1.314 0.06999999999999995 0
0 1.3195000000000001 1.314 0.08900000000000019 0
0 1.445 1.314 0.08000000000000007 0
0 0.139 0.28049999999999997 0 0.09100000000000003
0 0.139 0.8685 0 0.08700000000000008
0 0.139 0.9664999999999999 0 0.049000000000000044
0 0.179 0.3165 0 0.165
0 0.179 0.7045 0 0.18500000000000005
0 0.219 0.352 0 0.09200000000000003
0 0.219 0.861 0 0.09200000000000008
0 0.219 1.1425 0 0.04499999999999993
0 0.219 1.306 0 0.04800000000000004
0 0.259 0.36350000000000005 0 0.05299999999999999
0 0.259 0.9385 0 0.050999999999999934
0 0.259 1.306 0 0.04800000000000004
0 0.299 0.35350000000000004 0 0.061
0 0.299 0.7085 0 0.06899999999999995
0 0.299 0.9869999999999999 0 0.06399999999999995
0 0.299 1.1099999999999999 0 0.1100000000000001
0 0.379 0.309 0 0.15
0 0.419 0.3435 0 0.08100000000000002
0 0.419 0.998 0 0.06400000000000006
0 0.459 0.36 0 0.04999999999999999
0 0.499 0.36650000000000005 0 0.059
0 0.499 0.9065 0 0.07699999999999996
0 0.499 1.089 0 0.05800000000000005
0 0.539 0.9 0 0.06400000000000006
0 0.579 0.9205 0 0.09699999999999998
0 0.659 0.353 0 0.07
0 0.699 0.3275 0 0.185
0 0.699 0.8160000000000001 0 0.07799999999999996
0 0.699 1.029 0 0.050000000000000044
0 0.779 0.378 0 0.09599999999999997
0 0.779 1.0525 0 0.040999999999999925
0 0.859 0.47850000000000004 0 0.07100000000000001
0 0.859 0.5945 0 0.06699999999999995
0 0.859 0.7155 0 0.11499999999999999
0 1.139 0.86 0 0.07600000000000007
0 1.219 0.4305 0 0.137
0 1.219 0.7525 0 0.1150000000000001
0 1.219 0.9615 0 0.10099999999999998
0 1.219 1.1745 0 0.2470000000000001
0 1.259 0.787 0 0.04200000000000004
0 1.259 1.1995 0 0.05500000000000016
0 1.299 1.3050000000000002 0 0.050000000000000044
0 1.339 0.4105 0 0.09900000000000003
0 1.339 0.9844999999999999 0 0.07699999999999996
0 1.419 1.107 0 0.1080000000000001
0 1.459 0.597 0 0.08399999999999996
0 1.459 0.9904999999999999 0 0.07100000000000006
0 1.459 1.216 0 0.07799999999999985
1 0.2391875 0.2975 0.04380799727218764 0.05
1 0.704 0.334 0.04123105625617661 0.05
1 0.771 0.374 0.04044749683231337 0.05
1 1.3925 0.774 0.041 0.05
1 0.25934375 0.8915 0.043005495651718746 0.05
1 0.3003125 0.7475 0.03410118216425935 0.05
1 0.8803125 0.7375 0.04273044143230912 0.05
1 1.3135 0.854 0.041484937025383084 0.05
1 0.18096875 1.019 0.03060643569986548 0.05
1 0.15846875 0.9145 0.03996409521370401 0.05
1 0.31675 0.9545 0.035514081714159526 0.05
1 0.5395 0.974 0.0417612260356422 0.05
1 1.401125 1.065 0.04305882604066209 0.05
1 0.5705 1.034 0.031 0.05
1 0.7795 1.034 0.035 0.05
1 1.342125 1.219 0.030004166377354993 0.05
1 0.19925 1.194 0.03995309750194596 0.05
1 0.19925 1.275 0.04190763653560053 0.05
1 1.3845 1.314 0.041 0.05
1 0.199 0.806 0.043863424398922615 0.05
1 0.299 1.037 0.036 0.05
1 0.859 0.643 0.03 0.05
1 1.219 1.0315 0.039 0.05
1 1.439 1.169 0.04308131845707603 0.05
3 0.4455 0.508 0.6930000000000001 0.548
3 1.1385 0.508 0.6930000000000001 0.548
3 0.4455 1.056 0.6930000000000001 0.548
3 1.1385 1.056 0.6930000000000001 0.548