0 0.075625 0.12 0 0.10399999999999998
0 0.15475 0.124 0 0.11199999999999999
0 0.115875 0.11850000000000001 0 0.04100000000000001
0 0.4746875 0.1655 0 0.195
0 0.07575 0.2185 0 0.061
0 0.1565 0.216 0 0.055999999999999994
0 0.115375 0.31799999999999995 0 0.07
0 0.406 0.308 0.068 0
0 0.476 0.34299999999999997 0 0.09000000000000002
0 0.435 0.106 0 0.07599999999999998
1 0.47534375 0.2805 0.03502460072934451 0.05
3 0.17571875 0.14800000000000002 0.20018750000000002 0.16
3 0.37590625 0.14800000000000002 0.20018749999999996 0.16
3 0.17571875 0.308 0.20018750000000002 0.16
3 0.37590625 0.308 0.20018749999999996 0.16