0 0.22275 0.149 0 0.08
0 0.307375 0.14850000000000002 0 0.04100000000000001
0 0.21200000000000002 0.189 0.04000000000000001 0
0 0.026 0.3885 0 0.45699999999999996
0 0.32499999999999996 0.429 0.04199999999999998 0
0 0.06553125 0.5315 0 0.17099999999999999
0 0.154 0.469 0.102 0
0 0.093 0.509 0.136 0
0 0.18540625 0.5509999999999999 0 0.132
0 0.33099999999999996 0.509 0.05199999999999999 0
0 0.1095 0.549 0.169 0
0 0.33099999999999996 0.549 0.05199999999999999 0
0 0.0615 0.589 0.07300000000000001 0
0 0.175 0.589 0.068 0
0 0.30625 0.562 0 0.10999999999999999
0 0.105 0.5529999999999999 0 0.128
0 0.145 0.536 0 0.07999999999999996
0 0.305 0.44899999999999995 0 0.043999999999999984
1 0.1195 0.589 0.043 0.05
1 0.305625 0.522 0.036021694851852824 0.05
3 0.108 0.236 0.166 0.254
3 0.274 0.236 0.16599999999999998 0.254
3 0.108 0.49 0.166 0.254
3 0.274 0.49 0.16599999999999998 0.254