0 0.256 0.072 0.44799999999999995 0
0 0.256 0.112 0.44799999999999995 0
0 0.256 0.152 0.44799999999999995 0
0 0.256 0.192 0.44799999999999995 0
0 0.256 0.232 0.44799999999999995 0
0 0.256 0.272 0.44799999999999995 0
0 0.256 0.312 0.44799999999999995 0
0 0.256 0.352 0.44799999999999995 0
0 0.256 0.392 0.44799999999999995 0
0 0.032 0.24 0 0.33599999999999997
0 0.072 0.24 0 0.33599999999999997
0 0.112 0.24 0 0.33599999999999997
0 0.152 0.24 0 0.33599999999999997
0 0.192 0.24 0 0.33599999999999997
0 0.232 0.24 0 0.33599999999999997
0 0.272 0.24 0 0.33599999999999997
0 0.312 0.24 0 0.33599999999999997
0 0.352 0.24 0 0.33599999999999997
0 0.392 0.24 0 0.33599999999999997
0 0.432 0.24 0 0.33599999999999997
0 0.472 0.24 0 0.33599999999999997
3 0.14400000000000002 0.156 0.224 0.16799999999999998
3 0.368 0.156 0.22399999999999998 0.16799999999999998
3 0.14400000000000002 0.32399999999999995 0.224 0.16799999999999998
3 0.368 0.32399999999999995 0.22399999999999998 0.16799999999999998