0 0.06175 0.132 0 0.039999999999999994
0 0.1925 0.132 0 0.039999999999999994
0 0.231 0.132 0 0.039999999999999994
0 0.128 0.192 0.062 0
0 0.0875 0.312 0.119 0
0 0.108 0.352 0.158 0
0 0.31125 0.4575 0 0.131
0 0.107875 0.47650000000000003 0 0.09700000000000003
0 0.1475 0.4145 0 0.139
0 0.031125 0.48450000000000004 0 0.069
0 0.09 0.512 0.122 0
0 0.19075 0.5155000000000001 0 0.051000000000000045
0 0.031 0.5940000000000001 0 0.08399999999999996
0 0.069125 0.5940000000000001 0 0.08399999999999996
0 0.107125 0.5940000000000001 0 0.08399999999999996
0 0.267375 0.5545 0 0.052999999999999936
0 0.068 0.3705 0 0.04500000000000004
0 0.068 0.48550000000000004 0 0.07100000000000001
0 0.108 0.35050000000000003 0 0.07900000000000001
1 0.2893125 0.5255 0.04415898124957142 0.05
1 0.1075 0.5385 0.02701041465805366 0.05
1 0.1079375 0.418 0.038000205591549104 0.05
1 0.169125 0.487 0.04366420158436428 0.05
1 0.0310625 0.5355 0.033000236741575054 0.05
3 0.0988125 0.243 0.141625 0.262
3 0.24043750000000003 0.243 0.14162500000000003 0.262
3 0.0988125 0.505 0.141625 0.262
3 0.24043750000000003 0.505 0.14162500000000003 0.262