0 0.074625 0.16999999999999998 0 0.09
0 1.036875 0.353 0 0.055999999999999994
0 0.191375 0.4275 0 0.044999999999999984
0 0.230375 0.4505 0 0.09099999999999997
0 0.876125 0.47550000000000003 0 0.061
0 0.491 0.485 0.518 0
0 0.634375 0.5165 0 0.06900000000000006
0 0.75025 0.567 0 0.04799999999999993
0 0.634875 0.6655 0 0.041000000000000036
0 0.593 0.5815 0 0.05699999999999994
0 0.593 0.6779999999999999 0 0.061999999999999944
0 0.753 0.158 0 0.043999999999999984
1 0.6136875 0.552 0.04142331016468867 0.05
1 0.593 0.6285 0.037 0.05
3 0.31518749999999995 0.271 0.48112499999999997 0.292
3 0.7963125 0.271 0.481125 0.292
3 0.31518749999999995 0.563 0.48112499999999997 0.292
3 0.7963125 0.563 0.481125 0.292