0 0.7215 0.242 1.263 0
0 0.7215 0.282 1.263 0
0 0.7215 0.322 1.263 0
0 0.7215 0.362 1.263 0
0 0.7215 0.402 1.263 0
0 0.7215 0.442 1.263 0
0 0.7215 0.482 1.263 0
0 0.7215 0.522 1.263 0
0 0.7215 0.562 1.263 0
0 0.7215 0.602 1.263 0
0 0.7215 0.642 1.263 0
0 0.7215 0.682 1.263 0
0 0.7215 0.722 1.263 0
0 0.7215 0.762 1.263 0
0 0.7215 0.802 1.263 0
0 0.7215 0.842 1.263 0
0 0.7215 0.882 1.263 0
0 0.7215 0.922 1.263 0
0 0.7215 0.962 1.263 0
0 0.7215 1.002 1.263 0
0 0.7215 1.042 1.263 0
0 0.7215 1.082 1.263 0
0 0.7215 1.122 1.263 0
0 0.13 0.6759999999999999 0 0.948
0 0.17 0.6759999999999999 0 0.948
0 0.21 0.6759999999999999 0 0.948
0 0.25 0.6759999999999999 0 0.948
0 0.29 0.6759999999999999 0 0.948
0 0.33 0.6759999999999999 0 0.948
0 0.37 0.6759999999999999 0 0.948
0 0.41 0.6759999999999999 0 0.948
0 0.45 0.6759999999999999 0 0.948
0 0.49 0.6759999999999999 0 0.948
0 0.53 0.6759999999999999 0 0.948
0 0.57 0.6759999999999999 0 0.948
0 0.61 0.6759999999999999 0 0.948
0 0.65 0.6759999999999999 0 0.948
0 0.69 0.6759999999999999 0 0.948
0 0.73 0.6759999999999999 0 0.948
0 0.77 0.6759999999999999 0 0.948
0 0.81 0.6759999999999999 0 0.948
0 0.85 0.6759999999999999 0 0.948
0 0.89 0.6759999999999999 0 0.948
0 0.93 0.6759999999999999 0 0.948
0 0.97 0.6759999999999999 0 0.948
0 1.01 0.6759999999999999 0 0.948
0 1.05 0.6759999999999999 0 0.948
0 1.09 0.6759999999999999 0 0.948
0 1.13 0.6759999999999999 0 0.948
0 1.17 0.6759999999999999 0 0.948
0 1.21 0.6759999999999999 0 0.948
0 1.25 0.6759999999999999 0 0.948
0 1.29 0.6759999999999999 0 0.948
0 1.33 0.6759999999999999 0 0.948
3 0.40575 0.43900000000000006 0.6315000000000001 0.47400000000000003
3 1.03725 0.43900000000000006 0.6315 0.47400000000000003
3 0.40575 0.913 0.6315000000000001 0.47399999999999987
3 1.03725 0.913 0.6315 0.47399999999999987