0 0.123125 0.1315 0 0.061
0 0.363 0.115 0 0.10800000000000001
0 0.436 0.101 0.09399999999999997 0
0 0.0875 0.16449999999999998 0 0.047000000000000014
0 0.400375 0.153 0 0.03999999999999998
0 0.614 0.141 0.08000000000000007 0
0 0.243875 0.217 0 0.07200000000000001
0 0.33499999999999996 0.221 0.062 0
0 0.48 0.221 0.06 0
0 0.6045625 0.223 0 0.066
0 0.3244375 0.253 0 0.08199999999999999
0 0.606 0.29000000000000004 0 0.057999999999999996
0 0.291 0.301 0.11799999999999997 0
0 0.437 0.27749999999999997 0 0.046999999999999986
0 0.6094999999999999 0.301 0.08900000000000008 0
0 0.163 0.21650000000000003 0 0.099
0 0.403 0.239 0 0.04000000000000001
0 0.443 0.08299999999999999 0 0.044
0 0.483 0.08349999999999999 0 0.045
0 0.523 0.091 0 0.048
0 0.643 0.2585 0 0.091
1 0.1053125 0.1515 0.041353846556275754 0.05
1 0.42 0.26 0.03436568055487916 0.05
3 0.22912500000000002 0.1255 0.28325 0.129
3 0.512375 0.1255 0.28325 0.129
3 0.22912500000000002 0.2545 0.28325 0.129
3 0.512375 0.2545 0.28325 0.129