0 0.3090625 0.273 0 0.088
0 0.07025 0.6655 0 0.8109999999999999
0 0.314 0.269 0.22999999999999998 0
0 0.15100000000000002 0.309 0.166 0
0 0.1045 0.509 0.07299999999999998 0
0 0.1075 0.589 0.07899999999999999 0
0 0.0945 0.629 0.05299999999999999 0
0 0.1494375 0.633 0 0.07800000000000007
0 0.107 0.669 0.07799999999999999 0
0 0.0985 0.709 0.061 0
0 0.11225 0.8049999999999999 0 0.10599999999999998
0 0.14925 0.812 0 0.09199999999999997
0 0.11850000000000001 0.829 0.101 0
0 0.097 0.909 0.057999999999999996 0
0 0.369 0.909 0.16600000000000004 0
0 0.19375 0.948 0 0.08999999999999997
0 0.11 0.3005 0 0.044999999999999984
0 0.11 0.605 0 0.04200000000000004
0 0.11 0.694 0 0.05999999999999994
0 0.15 0.323 0 0.08999999999999997
0 0.19 0.2995 0 0.044999999999999984
0 0.23 0.2565 0 0.121
0 0.31 0.9835 0 0.17499999999999993
0 0.35 0.279 0 0.05199999999999999
0 0.35 0.9195 0 0.04899999999999993
0 0.39 0.28700000000000003 0 0.068
0 0.39 0.9279999999999999 0 0.06599999999999995
0 0.43 0.28400000000000003 0 0.062
0 0.43 0.9355 0 0.08099999999999996
1 0.12971875 0.668 0.04024073068732724 0.05
1 0.111125 0.761 0.02809025631780529 0.05
3 0.164 0.41474999999999995 0.192 0.43749999999999994
3 0.356 0.41474999999999995 0.192 0.43749999999999994
3 0.164 0.85225 0.192 0.4375
3 0.356 0.85225 0.192 0.4375