0 0.8695 0.21100000000000002 0 0.04600000000000001
0 0.6719999999999999 0.228 0.632 0
0 0.30425 0.3225 0 0.137
0 0.381 0.268 0.10399999999999998 0
0 0.30425 0.5325 0 0.175
0 0.37649999999999995 0.508 0.063 0
0 0.46025 0.571 0 0.04599999999999993
0 0.9415 0.548 0.09299999999999997 0
0 0.8645 0.588 0.11499999999999999 0
0 0.946 0.628 0.08399999999999996 0
0 0.30425 0.732 0 0.16000000000000003
0 0.5905 0.668 0.469 0
0 0.9055 0.6255 0 0.245
0 0.439 0.708 0.16600000000000004 0
0 0.722 0.708 0.19599999999999995 0
0 0.946 0.748 0.08399999999999996 0
0 0.3755 0.828 0.04300000000000004 0
0 0.8600000000000001 0.828 0.122 0
0 0.30525 0.9635 0 0.20900000000000007
0 0.3755 0.868 0.04300000000000004 0
0 0.8935 0.908 0.18899999999999995 0
0 0.3795 0.948 0.041000000000000036 0
0 0.385 0.988 0.05199999999999999 0
0 0.3795 1.028 0.041000000000000036 0
0 0.185 0.303 0 0.09799999999999998
0 0.385 0.502 0 0.6120000000000001
0 0.385 0.9665 0 0.20300000000000007
0 0.425 0.232 0 0.07200000000000001
0 0.425 0.7 0 0.07399999999999995
0 0.425 1.0230000000000001 0 0.09000000000000008
0 0.465 0.6985 0 0.07699999999999996
0 0.505 0.7 0 0.07399999999999995
0 0.585 0.6975 0 0.06899999999999995
0 0.625 0.6990000000000001 0 0.07199999999999995
0 0.665 0.69 0 0.05399999999999994
0 0.705 0.6845 0 0.04899999999999993
0 0.745 0.6845 0 0.04899999999999993
0 0.785 0.6995 0 0.07899999999999996
0 0.825 0.6479999999999999 0 0.12
0 0.825 0.7769999999999999 0 0.07399999999999995
0 0.905 0.829 0 0.06599999999999995
0 0.945 0.531 0 0.05600000000000005
0 0.985 0.595 0 0.18999999999999995
0 0.985 0.9505 0 0.08299999999999996
1 0.30425 0.636 0.032 0.05
1 0.913 0.608 0.043863424398922615 0.05
1 0.805 0.7395 0.04001249804748511 0.05
3 0.38575000000000004 0.40800000000000003 0.4015 0.44
3 0.78725 0.40800000000000003 0.40149999999999997 0.44
3 0.38575000000000004 0.8480000000000001 0.4015 0.44000000000000006
3 0.78725 0.8480000000000001 0.40149999999999997 0.44000000000000006