0 0.946 0.2 0.3759999999999999 0
0 1.031 0.72 0.20999999999999985 0
0 0.76 0.515 0 0.194
0 0.835 0.973 0 0.3659999999999999
0 1.032 0.197 0.266 0
0 0.5395 0.629 0.21700000000000003 0
0 0.615 0.637 0.06600000000000006 0
0 1.0474999999999999 0.749 0.18300000000000005 0
0 1.066 0.765 0.06000000000000005 0
0 1.0659999999999998 0.789 0.05800000000000005 0
0 0.4485 0.853 0.08100000000000002 0
0 0.748 0.853 0.05600000000000005 0
0 0.8065 0.853 0.05899999999999994 0
0 0.8065 0.917 0.05899999999999994 0
0 0.8065 0.989 0.05899999999999994 0
0 0.806 1.133 0.05999999999999994 0
0 0.197 0.7435 0 0.22099999999999997
0 0.221 0.7464999999999999 0 0.22699999999999998
0 0.237 0.825 0 0.06999999999999995
0 0.493 0.8305 0 0.06099999999999994
0 0.581 0.6715 0 0.06499999999999995
0 0.637 0.669 0 0.06999999999999995
0 0.717 0.8260000000000001 0 0.06999999999999995
0 0.773 0.9065000000000001 0 0.23099999999999998
0 0.773 1.1095000000000002 0 0.06699999999999995
0 0.805 0.16549999999999998 0 0.093
0 0.837 1.1335 0 0.06099999999999994
0 0.949 0.8440000000000001 0 0.17200000000000004
3 0.43900000000000006 0.38025 0.48400000000000004 0.5225
3 0.923 0.38025 0.484 0.5225
3 0.43900000000000006 0.9027499999999999 0.48400000000000004 0.5225
3 0.923 0.9027499999999999 0.484 0.5225