0 0.90075 0.354 0 0.262
0 0.50475 0.33999999999999997 0 0.19
0 0.6205 0.363 0 0.28
0 1.5150000000000001 0.303 0.1319999999999999 0
0 0.34275 0.45899999999999996 0 0.05199999999999999
0 0.4264375 0.5785 0 0.07099999999999995
0 1.3075 0.543 0.07099999999999995 0
0 0.4640625 0.6085 0 0.06300000000000006
0 1.3519999999999999 0.583 0.15999999999999992 0
0 1.506625 0.592 0 0.04800000000000004
0 0.62175 0.6525 0 0.11299999999999999
0 1.0665 0.6455 0 0.07500000000000007
0 1.144125 0.643 0 0.07200000000000006
0 1.1025 0.663 0.052999999999999936 0
0 1.267875 0.683 0 0.039999999999999925
0 1.2045 0.703 0.06900000000000017 0
0 0.784625 0.813 0 0.07399999999999995
0 0.58525 0.855 0 0.10999999999999999
0 0.8465 0.823 0.07299999999999995 0
0 0.90525 0.899 0 0.17200000000000004
0 1.344625 0.8275 0 0.06499999999999995
0 0.624625 0.8935 0 0.18699999999999994
0 0.8765000000000001 0.863 0.05500000000000005 0
0 0.424625 0.9005000000000001 0 0.04700000000000004
0 0.788 0.903 0.05599999999999994 0
0 0.82775 0.972 0 0.05799999999999994
0 1.348 0.9635 0 0.041000000000000036
0 1.54475 0.9535 0 0.07299999999999995
0 0.29900000000000004 0.983 0.05199999999999999 0
0 0.5255000000000001 0.983 0.06500000000000006 0
0 0.8325 0.983 0.16500000000000004 0
0 1.0905 0.983 0.29100000000000004 0
0 1.2995 0.983 0.06699999999999995 0
0 0.97925 1.1280000000000001 0 0.13000000000000012
0 0.305 0.4495 0 0.04299999999999998
0 0.585 0.6885 0 0.040999999999999925
0 0.865 0.8425 0 0.06299999999999994
0 1.225 0.6619999999999999 0 0.10799999999999998
0 1.305 0.542 0 0.051999999999999935
0 1.345 0.5509999999999999 0 0.06999999999999995
0 1.425 0.5875 0 0.05499999999999994
0 1.425 0.796 0 0.04599999999999993
1 0.93 0.983 0.03 0.05
1 1.251 0.983 0.03 0.05
3 0.6000000000000001 0.46549999999999997 0.654 0.485
3 1.254 0.46549999999999997 0.6539999999999999 0.485
3 0.6000000000000001 0.9505 0.654 0.4850000000000001
3 1.254 0.9505 0.6539999999999999 0.4850000000000001