0 0.0815 0.216 0.101 0
0 0.2965 0.256 0.05499999999999999 0
0 0.2615 0.296 0.125 0
0 0.0585 0.336 0.053000000000000005 0
0 0.265375 0.33199999999999996 0 0.09200000000000003
0 0.140375 0.35450000000000004 0 0.309
0 0.2625 0.4365 0 0.041000000000000036
0 0.061 0.3105 0 0.041000000000000036
0 0.101 0.32599999999999996 0 0.062
0 0.101 0.44599999999999995 0 0.055999999999999994
0 0.181 0.497 0 0.09400000000000003
0 0.221 0.124 0 0.055999999999999994
0 0.301 0.37649999999999995 0 0.189
1 0.2639375 0.397 0.03810860303133663 0.05
3 0.10425 0.20800000000000002 0.1465 0.224
3 0.25075000000000003 0.20800000000000002 0.14650000000000002 0.224
3 0.10425 0.43200000000000005 0.1465 0.22400000000000003
3 0.25075000000000003 0.43200000000000005 0.14650000000000002 0.22400000000000003