0 0.8875 0.675 0.135 0
0 0.876 0.885 0.1060000000000001 0
0 0.4855 1.275 0.257 0
0 0.645 1.525 0.15000000000000002 0
0 0.6875 1.71 0.31699999999999995 0
0 1.113 1.71 0.23399999999999999 0
0 0.87 1.7235 0 0.41700000000000004
0 1.73 1.0255 0 0.5770000000000001
0 2.465 0.5720000000000001 0 0.17600000000000005
0 3.385 1.5715 0 0.131
0 0.8745 0.357 0.20899999999999996 0
0 1.7175 0.365 0.07299999999999995 0
0 0.874 0.381 0.20999999999999996 0
0 1.7175 0.389 0.07299999999999995 0
0 0.8734999999999999 0.405 0.20699999999999996 0
0 1.7175 0.413 0.07299999999999995 0
0 3.3755 0.501 0.07699999999999996 0
0 2.4345 0.509 0.052999999999999936 0
0 1.7615 0.517 0.10499999999999998 0
0 3.3760000000000003 0.525 0.07799999999999985 0
0 2.434 0.533 0.052000000000000046 0
0 1.762 0.541 0.10599999999999987 0
0 3.3765 0.549 0.07699999999999996 0
0 2.4355 0.557 0.05500000000000016 0
0 2.5845000000000002 0.557 0.06300000000000017 0
0 1.762 0.565 0.10599999999999987 0
0 1.5594999999999999 0.749 0.05499999999999994 0
0 1.187 0.757 0.10400000000000009 0
0 1.1865 0.877 0.10299999999999998 0
0 1.379 0.917 0.06800000000000006 0
0 0.9515 0.949 0.052999999999999936 0
0 1.2055 0.949 0.06700000000000017 0
0 1.2065000000000001 1.029 0.050999999999999934 0
0 0.887 1.269 0.07600000000000007 0
0 0.702 1.285 0.09399999999999997 0
0 0.982 1.285 0.07799999999999996 0
0 0.888 1.293 0.07800000000000007 0
0 1.5245000000000002 1.293 0.41300000000000003 0
0 0.491 1.301 0.304 0
0 0.8185 1.301 0.050999999999999934 0
0 1.5230000000000001 1.317 0.4139999999999999 0
0 0.6699999999999999 1.525 0.134 0
0 1.884 1.701 0.09199999999999986 0
0 1.962 1.701 0.06000000000000005 0
0 2.036 1.701 0.08600000000000008 0
0 3.302 1.701 0.2320000000000002 0
0 2.2335000000000003 1.725 2.369 0
0 2.2325 1.749 2.3710000000000004 0
0 0.6055 1.757 0.5489999999999999 0
0 1.4085 1.757 0.7270000000000001 0
0 1.9329999999999998 1.757 0.13799999999999968 0
0 2.6435 1.757 1.2770000000000001 0
0 0.229 1.729 0 0.051999999999999824
0 0.573 1.33 0 0.1100000000000001
0 0.573 1.644 0 0.22199999999999998
0 0.597 1.3035 0 0.05700000000000016
0 0.597 1.701 0 0.1100000000000001
0 0.781 1.1985000000000001 0 0.1569999999999998
0 0.821 1.255 0 0.08600000000000008
0 0.861 0.9724999999999999 0 0.06499999999999995
0 0.861 1.7345 0 0.052999999999999936
0 0.893 0.9695 0 0.051000000000000045
0 0.965 0.38249999999999995 0 0.05099999999999999
0 1.045 1.7334999999999998 0 0.05499999999999994
0 1.117 1.226 0 0.06199999999999983
0 1.141 0.8135 0 0.08099999999999996
0 1.181 0.837 0 0.05799999999999994
0 1.181 1.4 0 0.1479999999999999
0 1.261 1.843 0 0.06999999999999984
0 1.277 0.607 0 0.06600000000000006
0 1.317 1.1425 0 0.06299999999999994
0 1.333 0.9575 0 0.05699999999999994
0 1.341 1.141 0 0.053999999999999826
0 1.365 1.8424999999999998 0 0.06699999999999995
0 1.389 1.8425 0 0.06899999999999995
0 1.429 1.1425 0 0.06499999999999995
0 1.429 1.842 0 0.06799999999999984
0 1.477 1.8424999999999998 0 0.07099999999999995
0 1.557 1.842 0 0.07000000000000006
0 1.621 1.838 0 0.06400000000000006
0 1.661 1.8405 0 0.06899999999999995
0 1.709 0.329 0 0.4660000000000001
0 1.709 1.013 0 0.5479999999999999
0 1.733 0.3295 0 0.4650000000000001
0 1.757 0.396 0 0.22400000000000003
0 1.757 0.536 0 0.052000000000000046
0 1.837 1.8405 0 0.06499999999999995
0 1.877 1.8399999999999999 0 0.062000000000000055
0 1.901 1.84 0 0.06800000000000006
0 1.941 1.84 0 0.06800000000000006
0 1.981 1.841 0 0.06999999999999984
0 2.005 1.8395000000000001 0 0.06900000000000017
0 2.069 1.8399999999999999 0 0.07000000000000006
0 2.125 1.8405 0 0.06899999999999995
0 2.173 1.8405 0 0.06899999999999995
0 2.229 1.8405 0 0.06899999999999995
0 2.253 1.8405 0 0.06899999999999995
0 2.293 1.841 0 0.06800000000000006
0 2.317 1.841 0 0.06999999999999984
0 2.373 1.8415 0 0.06899999999999995
0 2.413 1.8415 0 0.06899999999999995
0 2.453 0.5365 0 0.05699999999999994
0 2.461 0.3785 0 0.07299999999999995
0 2.469 0.677 0 0.06999999999999995
0 2.477 1.107 0 0.053999999999999826
0 2.493 1.842 0 0.07000000000000006
0 2.501 0.276 0 0.068
0 2.525 1.1075 0 0.05899999999999994
0 2.549 1.1065 0 0.06899999999999995
0 2.549 1.842 0 0.06799999999999984
0 2.589 1.1065 0 0.06899999999999995
0 2.597 1.842 0 0.06799999999999984
0 2.613 1.835 0 0.05400000000000005
0 2.621 0.5355 0 0.05699999999999994
0 2.629 0.2835 0 0.05099999999999999
0 2.653 1.842 0 0.06799999999999984
0 2.677 1.8425 0 0.06899999999999995
0 2.685 0.274 0 0.068
0 2.717 1.8425 0 0.06899999999999995
0 2.741 0.274 0 0.068
0 2.773 1.842 0 0.06799999999999984
0 3.341 0.5305 0 0.051000000000000045
0 3.365 0.5295000000000001 0 0.05500000000000005
0 3.421 0.9845 0 0.7390000000000001
0 3.421 1.6955 0 0.10899999999999999
1 0.6345 1.28 0.04220189569201838 0.05
1 3.403 1.639 0.03622154055254967 0.05
1 0.859 1.285 0.03238826948140329 0.05
2 0.87 1.654 0.035 0.05
2 0.87 1.793 0.035 0.05
3 1.027 0.555 1.5959999999999999 0.918
3 2.6229999999999998 0.555 1.5959999999999999 0.918
3 1.027 1.4729999999999999 1.5959999999999999 0.9179999999999999
3 2.6229999999999998 1.4729999999999999 1.5959999999999999 0.9179999999999999