0 0.07465625 0.1915 0 0.11699999999999999
0 0.31899999999999995 0.173 0.068 0
0 0.07 0.213 0.06999999999999999 0
0 0.265 0.213 0.07199999999999998 0
0 0.4755 0.27349999999999997 0 0.28099999999999997
0 0.236125 0.40900000000000003 0 0.15199999999999997
0 0.5005 0.333 0.05300000000000005 0
0 0.186 0.373 0.09799999999999998 0
0 0.185 0.413 0.096 0
0 0.5005 0.413 0.05300000000000005 0
0 0.49750000000000005 0.493 0.059 0
0 0.233 0.533 0.194 0
0 0.5005 0.533 0.05300000000000005 0
0 0.354 0.638 0 0.050000000000000044
0 0.4755 0.6234999999999999 0 0.263
0 0.3065 0.653 0.09099999999999997 0
0 0.09849999999999999 0.693 0.095 0
0 0.155 0.5125 0 0.485
0 0.195 0.373 0 0.05600000000000005
0 0.235 0.2225 0 0.05099999999999999
0 0.275 0.2245 0 0.046999999999999986
0 0.355 0.1585 0 0.05099999999999999
0 0.515 0.534 0 0.08399999999999996
1 0.291 0.193 0.04308131845707603 0.05
3 0.15800000000000003 0.2885 0.24600000000000002 0.311
3 0.404 0.2885 0.246 0.311
3 0.15800000000000003 0.5995 0.24600000000000002 0.311
3 0.404 0.5995 0.246 0.311