0 0.666 0.3195 0 0.10699999999999998
0 0.145 0.5275000000000001 0 0.04300000000000004
0 0.8740000000000001 0.506 0.376 0
0 0.27549999999999997 0.546 0.27899999999999997 0
0 0.108 0.666 0.04000000000000001 0
0 0.145 0.7665 0 0.041000000000000036
0 0.31225 0.768 0 0.04400000000000004
0 0.431375 0.7765 0 0.123
0 0.5565 0.746 0.040999999999999925 0
0 0.32 0.786 0.368 0
0 0.4615 0.826 0.09100000000000003 0
0 0.45799999999999996 0.866 0.09800000000000003 0
0 0.6675 0.9815 0 0.1509999999999999
0 0.44799999999999995 0.946 0.07400000000000001 0
0 0.604 0.946 0.17799999999999994 0
0 0.9145 0.946 0.135 0
0 0.3815 0.986 0.09299999999999997 0
0 0.198 1.026 0.124 0
0 0.11 0.6125 0 0.121
0 0.11 0.865 0 0.06800000000000006
0 0.35 0.887 0 0.22399999999999998
0 0.47 0.7685 0 0.10499999999999998
0 0.47 0.967 0 0.06799999999999984
0 0.55 0.7444999999999999 0 0.08100000000000007
0 0.59 0.7749999999999999 0 0.132
0 0.59 1.033 0 0.04800000000000004
0 0.87 0.9235 0 0.06099999999999994
0 0.87 1.027 0 0.05999999999999994
0 0.95 0.8975 0 0.09699999999999998
1 0.1275 0.5505 0.03512833614050059 0.05
1 0.331125 0.7825 0.04062096133771332 0.05
1 0.5 0.946 0.03 0.05
1 0.41 0.966 0.04346262762420146 0.05
1 0.87 0.9755 0.043 0.05
3 0.33149999999999996 0.46375 0.487 0.39549999999999996
3 0.8185 0.46375 0.4870000000000001 0.39549999999999996
3 0.33149999999999996 0.85925 0.487 0.39549999999999996
3 0.8185 0.85925 0.4870000000000001 0.39549999999999996