0 0.68134375 0.28700000000000003 0 0.10200000000000004
0 1.28775 0.3575 0 0.243
0 1.322625 0.354 0 0.236
0 0.1225 0.27049999999999996 0 0.05299999999999999
0 0.548 0.276 0.04599999999999993 0
0 1.49 0.276 0.6000000000000001 0
0 1.24 0.276 0 0.08000000000000002
0 1.47625 0.276 0 0.08000000000000002
0 1.764375 0.3165 0 0.04500000000000004
0 0.6705 0.356 0.10299999999999998 0
0 0.72 0.316 0 0.16000000000000003
0 0.72 0.493 0 0.11400000000000005
0 0.802125 0.44799999999999995 0 0.043999999999999984
0 1.042 0.5315 0 0.191
0 1.296 0.436 0.05600000000000005 0
0 1.47775 0.45799999999999996 0 0.043999999999999984
0 0.336 0.516 0.42800000000000005 0
0 1.00125 0.5245 0 0.04500000000000004
0 0.5145 0.556 0.051000000000000045 0
0 0.803125 0.5569999999999999 0 0.05399999999999994
0 1.1535 0.556 0.05699999999999994 0
0 0.49550000000000005 0.596 0.07700000000000001 0
0 0.96375 0.6154999999999999 0 0.041000000000000036
0 1.138 0.596 0.05599999999999983 0
0 0.123875 0.6579999999999999 0 0.08999999999999997
0 0.35625 0.631 0 0.254
0 0.48325 0.6285000000000001 0 0.04500000000000004
0 0.60475 0.647 0 0.04600000000000004
0 0.7444999999999999 0.636 0.05900000000000005 0
0 1.151 0.636 0.052000000000000046 0
0 0.68125 0.908 0 0.542
0 1.199 0.676 0.04400000000000004 0
0 1.3235 0.7275 0 0.10299999999999998
0 1.7385 0.676 0.06099999999999994 0
0 0.163625 0.756 0 0.08000000000000007
0 0.44099999999999995 0.716 0.25399999999999995 0
0 0.7575000000000001 0.716 0.08500000000000008 0
0 0.84225 0.7484999999999999 0 0.1190000000000001
0 1.7575 0.716 0.10499999999999998 0
0 0.1785 0.756 0.097 0
0 0.3375 0.756 0.07700000000000001 0
0 0.480625 0.739 0 0.04800000000000004
0 0.5335000000000001 0.756 0.05300000000000005 0
0 0.6415 0.7815000000000001 0 0.051000000000000045
0 0.7045 0.756 0.052999999999999936 0
0 0.76075 0.7665 0 0.061000000000000054
0 0.962875 0.7424999999999999 0 0.051000000000000045
0 1.04975 0.851 0 0.22599999999999998
0 1.2075 0.8345 0 0.15700000000000003
0 1.607 0.756 0.053999999999999826 0
0 1.7675 0.756 0.06899999999999995 0
0 0.184 0.796 0.066 0
0 0.404375 0.7949999999999999 0 0.039999999999999925
0 0.5425 0.796 0.040999999999999925 0
0 0.7010000000000001 0.796 0.10799999999999998 0
0 1.1455000000000002 0.796 0.06699999999999995 0
0 1.29025 0.775 0 0.04200000000000004
0 1.5785 0.796 0.5070000000000001 0
0 0.1235 0.879 0 0.10000000000000009
0 0.321734375 0.8795 0 0.19899999999999995
0 0.5429999999999999 0.836 0.041999999999999926 0
0 0.7115 0.836 0.06099999999999994 0
0 0.880375 0.866 0 0.09000000000000008
0 0.92275 0.8634999999999999 0 0.08900000000000008
0 1.161 0.836 0.09200000000000008 0
0 1.544 0.836 0.5 0
0 0.2645 0.876 0.19699999999999998 0
0 0.726 0.876 0.09599999999999997 0
0 0.80475 0.8805000000000001 0 0.061000000000000054
0 0.840875 0.877 0 0.05400000000000005
0 1.2425000000000002 0.876 0.2550000000000001 0
0 1.39975 0.898 0 0.23199999999999998
0 1.6505 0.876 0.31299999999999994 0
0 0.206 0.9375 0 0.04299999999999993
0 0.487 0.9485 0 0.06499999999999995
0 0.7555 0.8945000000000001 0 0.04300000000000004
0 1.003 0.883 0 0.06600000000000006
0 1.2465 0.916 0.2629999999999999 0
0 1.480375 0.952 0 0.10599999999999987
0 1.6825 0.916 0.29900000000000015 0
0 0.22549999999999998 0.956 0.13299999999999998 0
0 0.5075 0.956 0.12099999999999994 0
0 1.4735 0.956 0.7170000000000001 0
0 0.122875 0.987 0 0.050000000000000044
0 0.1575 0.971 0 0.050000000000000044
0 0.201375 1.0405 0 0.08899999999999997
0 0.24225 0.9749999999999999 0 0.06399999999999995
0 0.3625 0.9035 0 0.18499999999999994
0 0.583 0.996 0.08999999999999997 0
0 1.321 0.996 0.4119999999999999 0
0 1.6145 0.996 0.06899999999999995 0
0 1.767 0.996 0.13000000000000012 0
0 0.16375 1.2525 0 0.17100000000000004
0 0.122 0.5349999999999999 0 0.06599999999999995
0 0.202 0.8035 0 0.14700000000000002
0 0.242 0.5405 0 0.07699999999999996
0 0.282 0.8465 0 0.061000000000000054
0 0.322 0.726 0 0.05800000000000005
0 0.402 0.602 0 0.040000000000000036
0 0.522 0.846 0 0.262
0 0.562 0.9105000000000001 0 0.28700000000000003
0 0.642 0.2855 0 0.056999999999999995
0 0.722 0.7665 0 0.275
0 0.962 0.9285 0 0.10099999999999998
0 1.042 0.297 0 0.122
0 1.122 0.271 0 0.068
0 1.162 0.5235 0 0.21500000000000002
0 1.242 0.9415 0 0.14100000000000001
0 1.282 1.3045 0 0.06700000000000017
0 1.322 0.98 0 0.052000000000000046
0 1.442 0.271 0 0.07
0 1.442 0.9345 0 0.127
0 1.522 0.271 0 0.07
0 1.602 0.7975 0 0.09299999999999997
0 1.642 0.8795 0 0.241
0 1.682 0.26949999999999996 0 0.067
0 1.722 0.26949999999999996 0 0.067
0 1.722 0.6735 0 0.07899999999999996
0 1.762 0.844 0 0.34199999999999986
0 1.802 0.883 0 0.238
1 1.7431875 0.2875 0.04332021035267489 0.05
1 0.72 0.416 0.04 0.05
1 0.14375 0.7095 0.04182179455738359 0.05
1 0.3389921875 0.769 0.0409307753303138 0.05
1 1.177 0.656 0.04 0.05
1 1.306875 0.7665 0.041600030048066075 0.05
1 0.739 0.736 0.04308131845707603 0.05
1 0.8613125 0.8145 0.040280462075303954 0.05
1 0.1231875 0.9455 0.033005918029953354 0.05
1 0.3218671875 0.838 0.025001411092988833 0.05
1 0.2036875 0.9775 0.03728794208588079 0.05
1 0.204 0.8445 0.03920459156782532 0.05
3 0.5495 0.5115000000000001 0.855 0.551
3 1.4045 0.5115000000000001 0.8550000000000001 0.551
3 0.5495 1.0625 0.855 0.551
3 1.4045 1.0625 0.8550000000000001 0.551