0 0.1795 0.7 0.29500000000000004 0
0 0.4935 0.76 0.20299999999999996 0
0 0.7869999999999999 0.885 0.132 0
0 0.79 0.6585000000000001 0 0.239
0 0.86 0.622 0 0.1459999999999999
0 1.06 0.639 0 0.29800000000000004
0 0.0565 0.293 0.051000000000000004 0
0 0.5740000000000001 0.293 0.136 0
0 0.724 0.293 0.09199999999999997 0
0 0.179 0.325 0.07799999999999999 0
0 0.28150000000000003 0.325 0.11900000000000002 0
0 0.567 0.325 0.09599999999999997 0
0 0.7344999999999999 0.325 0.20899999999999996 0
0 0.36 0.693 0.08000000000000002 0
0 0.35150000000000003 0.757 0.07900000000000001 0
0 0.8365 0.757 0.07499999999999996 0
0 0.639 0.765 0.07400000000000007 0
0 1.026 0.765 0.07799999999999996 0
0 0.069 0.345 0 0.05399999999999999
0 0.069 0.42000000000000004 0 0.05399999999999999
0 0.069 0.6855 0 0.11299999999999999
0 0.189 0.737 0 0.07800000000000007
0 0.213 0.919 0 0.08599999999999997
0 0.245 0.737 0 0.07800000000000007
0 0.293 0.7304999999999999 0 0.06500000000000006
0 0.381 0.7295 0 0.06700000000000006
0 0.389 0.48 0 0.09800000000000003
0 0.477 0.9055 0 0.051000000000000045
0 0.653 0.9179999999999999 0 0.06599999999999995
0 0.725 0.9205 0 0.07099999999999995
0 0.741 0.17049999999999998 0 0.261
0 0.749 0.2145 0 0.07700000000000001
0 0.805 0.6035 0 0.10699999999999998
0 0.853 0.643 0 0.06000000000000005
0 0.853 0.7130000000000001 0 0.05799999999999994
0 1.061 0.2875 0 0.056999999999999995
0 1.061 0.6515 0 0.05700000000000005
1 0.66 0.293 0.036 0.05
2 0.79 0.6585 0.035 0.05
3 0.28950000000000004 0.2705 0.517 0.461
3 0.8065 0.2705 0.5169999999999999 0.461
3 0.28950000000000004 0.7315 0.517 0.46099999999999997
3 0.8065 0.7315 0.5169999999999999 0.46099999999999997