0 0.332 0.232 0 0.06
0 0.1235 0.256 0.105 0
0 0.2105 0.2565 0 0.05099999999999996
0 0.35550000000000004 0.256 0.17099999999999999 0
0 0.6935 0.256 0.21700000000000008 0
0 0.14150000000000001 0.296 0.143 0
0 0.4395 0.296 0.347 0
0 0.7225 0.296 0.15900000000000003 0
0 0.17149999999999999 0.336 0.05500000000000002 0
0 0.3145 0.336 0.09099999999999997 0
0 0.29000000000000004 0.376 0.04799999999999999 0
0 0.6825 0.416 0.05499999999999994 0
0 0.10899999999999999 0.456 0.06999999999999999 0
0 0.10999999999999999 0.496 0.074 0
0 0.33699999999999997 0.496 0.04999999999999999 0
0 0.7285 0.496 0.14700000000000002 0
0 0.136125 0.5375 0 0.08499999999999996
0 0.28700000000000003 0.536 0.07400000000000001 0
0 0.654875 0.565 0 0.05799999999999994
0 0.10949999999999999 0.576 0.071 0
0 0.27949999999999997 0.616 0.059 0
0 0.77225 0.6465 0 0.08899999999999997
0 0.10400000000000001 0.656 0.06200000000000001 0
0 0.25325 0.597 0 0.14
0 0.10650000000000001 0.696 0.06700000000000002 0
0 0.65175 0.675 0 0.061999999999999944
0 0.748 0.696 0.1080000000000001 0
0 0.093 0.2555 0 0.049000000000000016
0 0.093 0.4635 0 0.05299999999999999
0 0.093 0.6305000000000001 0 0.17299999999999993
0 0.133 0.255 0 0.048000000000000015
0 0.133 0.439 0 0.06799999999999995
0 0.173 0.3195 0 0.18099999999999997
0 0.253 0.2575 0 0.052999999999999964
0 0.293 0.298 0 0.13399999999999998
0 0.373 0.2545 0 0.047000000000000014
0 0.413 0.256 0 0.05000000000000002
0 0.453 0.264 0 0.06599999999999998
0 0.493 0.2555 0 0.047000000000000014
0 0.533 0.2575 0 0.052999999999999964
0 0.533 0.52 0 0.05800000000000005
0 0.573 0.256 0 0.053999999999999965
0 0.613 0.257 0 0.04999999999999996
0 0.653 0.2885 0 0.11499999999999996
0 0.693 0.3125 0 0.041000000000000036
0 0.733 0.2565 0 0.05099999999999996
1 0.628 0.296 0.03 0.05
1 0.306 0.516 0.0417612260356422 0.05
1 0.1145625 0.5085 0.04341388746703064 0.05
1 0.153 0.351 0.04031128874149274 0.05
1 0.713 0.282 0.04123105625617661 0.05
3 0.253 0.33075 0.366 0.2575
3 0.619 0.33075 0.36600000000000005 0.2575
3 0.253 0.5882499999999999 0.366 0.25749999999999995
3 0.619 0.5882499999999999 0.36600000000000005 0.25749999999999995