0 0.3095 0.273 0 0.13200000000000003
0 0.3335 0.287 0.24500000000000002 0
0 0.476 0.2855 0 0.05499999999999999
0 0.3615 0.327 0.30100000000000005 0
0 0.35375 0.39549999999999996 0 0.061
0 0.4729375 0.377 0 0.064
0 0.4465 0.447 0.131 0
0 0.434125 0.56 0 0.06599999999999995
0 0.392875 0.617 0 0.06400000000000006
0 0.313 0.647 0.040000000000000036 0
0 0.354125 0.8520000000000001 0 0.08999999999999997
0 0.39321875 0.853 0 0.10399999999999998
0 0.14750000000000002 0.847 0.227 0
0 0.2775 0.8534999999999999 0 0.05700000000000005
0 0.376 0.847 0.05400000000000005 0
0 0.059000000000000004 0.887 0.05 0
0 0.0775 0.9259999999999999 0 0.10199999999999998
0 0.225 0.927 0.06 0
0 0.0835 0.967 0.095 0
0 0.27434375 1.0045 0 0.11699999999999999
0 0.058 1.007 0.048 0
0 0.11359375 1.0305 0 0.129
0 0.197 1.007 0.05399999999999999 0
0 0.242 0.996 0 0.1339999999999999
0 0.319 1.0339999999999998 0 0.05400000000000005
0 0.075 1.0499999999999998 0 0.08600000000000008
0 0.1551875 1.061 0 0.08000000000000007
0 0.19325 1.0525 0 0.05900000000000016
0 0.283 1.047 0.13199999999999998 0
0 0.4345 1.077 0 0.10400000000000009
0 0.104 1.087 0.13999999999999999 0
0 0.418 1.087 0.12 0
0 0.42300000000000004 1.127 0.178 0
0 0.114 0.8395 0 0.06099999999999994
0 0.154 0.8745 0 0.1190000000000001
0 0.194 0.847 0 0.06000000000000005
0 0.234 0.324 0 0.234
0 0.234 0.637 0 0.06800000000000006
0 0.234 0.8455 0 0.123
0 0.274 0.3175 0 0.056999999999999995
0 0.314 0.637 0 0.040000000000000036
0 0.354 1.08 0 0.08200000000000007
0 0.394 0.309 0 0.040000000000000036
0 0.394 1.071 0 0.1160000000000001
0 0.474 1.0985 0 0.07899999999999996
1 0.47446875 0.329 0.03214621138252532 0.05
1 0.4135 0.589 0.04201859707320082 0.05
1 0.095546875 0.9715 0.03773272835434114 0.05
1 0.09575 0.893 0.036840874039577295 0.05
1 0.2205 1.027 0.040607881008493905 0.05
1 0.3365 1.05 0.041340053217188776 0.05
3 0.15350000000000003 0.43975 0.23900000000000002 0.4655
3 0.3925 0.43975 0.239 0.4655
3 0.15350000000000003 0.9052499999999999 0.23900000000000002 0.4654999999999999
3 0.3925 0.9052499999999999 0.239 0.4654999999999999