0 0.479375 0.1565 0 0.063
0 0.28125 0.20750000000000002 0 0.05100000000000002
0 0.195 0.285 0.098 0
0 0.5603125 0.4355 0 0.15500000000000003
0 0.21599999999999997 0.405 0.144 0
0 0.5204375 0.418 0 0.14
0 0.5840000000000001 0.405 0.04399999999999993 0
0 0.27249999999999996 0.445 0.15699999999999997 0
0 0.200375 0.5289999999999999 0 0.08799999999999997
0 0.38349999999999995 0.485 0.05099999999999999 0
0 0.234 0.525 0.068 0
0 0.44399999999999995 0.525 0.26599999999999996 0
0 0.24025 0.5465 0 0.052999999999999936
0 0.31825 0.5489999999999999 0 0.05799999999999994
0 0.480125 0.6255 0 0.041000000000000036
0 0.359 0.645 0.05199999999999999 0
0 0.2 0.4285 0 0.04899999999999999
0 0.24 0.4265 0 0.044999999999999984
0 0.28 0.42600000000000005 0 0.043999999999999984
0 0.36 0.571 0 0.27399999999999997
0 0.4 0.5215000000000001 0 0.08100000000000007
0 0.6 0.406 0 0.09600000000000003
0 0.6 0.512 0 0.040000000000000036
1 0.58015625 0.5025 0.04490097611689528 0.05
1 0.3545 0.465 0.040607881008493905 0.05
1 0.2001875 0.4885 0.03200219719019305 0.05
1 0.2895 0.525 0.043 0.05
3 0.2595 0.27075 0.231 0.2915
3 0.4905 0.27075 0.23099999999999998 0.2915
3 0.2595 0.5622499999999999 0.231 0.2915
3 0.4905 0.5622499999999999 0.23099999999999998 0.2915