0 1.2715 0.395 0.2270000000000001 0
0 0.9575 0.505 0.371 0
0 0.512 0.56 0.28200000000000003 0
0 1.2685 0.59 0.33299999999999996 0
0 1.2075 0.575 0.34299999999999997 0
0 0.6395 0.58 0.14100000000000001 0
0 0.8855 0.58 0.14300000000000002 0
0 0.885 0.4305 0 0.25900000000000006
0 0.945 0.4745 0 0.237
0 0.975 0.4775 0 0.19299999999999995
0 1.005 0.493 0 0.22399999999999998
0 1.13 0.4925 0 0.22299999999999998
0 1.16 0.453 0 0.14400000000000002
0 1.19 0.459 0 0.15600000000000003
0 1.235 0.491 0 0.21999999999999997
0 1.43 0.303 0 0.5599999999999999
0 0.835 0.581 0.06399999999999995 0
0 1.1905000000000001 0.581 0.06900000000000017 0
0 0.781 0.5135 0 0.13499999999999995
0 1.229 0.444 0 0.10199999999999998
2 0.512 0.56 0.035 0.05
2 1.213 0.59 0.035 0.05
2 1.324 0.59 0.035 0.05
2 1.1503333333333332 0.575 0.035 0.05
2 1.2646666666666668 0.575 0.035 0.05
2 0.885 0.4305 0.035 0.05
2 1.235 0.491 0.035 0.05
2 1.43 0.163 0.035 0.05
2 1.43 0.303 0.035 0.05
2 1.43 0.443 0.035 0.05
3 0.637 0.1685 0.532 0.291
3 1.169 0.1685 0.532 0.291
3 0.637 0.4595 0.532 0.291
3 1.169 0.4595 0.532 0.291