0 0.1285 0.16 0.16099999999999998 0
0 0.10650000000000001 0.405 0.117 0
0 0.266 0.585 0.15799999999999997 0
0 0.43 0.8215 0 0.14900000000000002
0 0.5 0.808 0 0.11599999999999999
0 0.97 0.2125 0 0.339
0 1.365 0.0925 0 0.14300000000000002
0 0.0805 0.165 0.057 0
0 1.37 0.181 0.051999999999999824 0
0 0.0805 0.205 0.057 0
0 0.9355 0.405 0.07099999999999995 0
0 0.333 0.413 0.10599999999999998 0
0 0.5589999999999999 0.413 0.08999999999999997 0
0 0.1785 0.421 0.056999999999999995 0
0 0.5675 0.445 0.10099999999999998 0
0 0.5605 0.461 0.08699999999999997 0
0 1.1235 0.477 0.05499999999999994 0
0 0.1315 0.517 0.07900000000000001 0
0 0.2475 0.581 0.087 0
0 0.7725 0.581 0.06500000000000006 0
0 0.07500000000000001 0.597 0.052000000000000005 0
0 0.771 0.637 0.06800000000000006 0
0 0.657 0.757 0.08999999999999997 0
0 1.303 0.757 0.10799999999999987 0
0 0.35250000000000004 0.765 0.199 0
0 1.0065 0.765 0.08099999999999996 0
0 1.1685 0.765 0.133 0
0 0.521 0.773 0.052000000000000046 0
0 1.13 0.789 0.051999999999999824 0
0 1.1315 0.813 0.05499999999999994 0
0 0.536 0.829 0.07599999999999996 0
0 0.085 0.39849999999999997 0 0.056999999999999995
0 0.085 0.5660000000000001 0 0.136
0 0.117 0.548 0 0.08399999999999996
0 0.157 0.2205 0 0.07100000000000001
0 0.277 0.1595 0 0.21500000000000002
0 0.301 0.253 0 0.05999999999999997
0 0.341 0.48450000000000004 0 0.14700000000000008
0 0.381 0.8245 0 0.07099999999999995
0 0.421 0.5865 0 0.06299999999999994
0 0.517 0.437 0 0.052000000000000046
0 0.525 0.5145 0 0.06500000000000006
0 0.541 0.562 0 0.051999999999999935
0 0.597 0.3045 0 0.10899999999999999
0 0.605 0.122 0 0.06
0 0.613 0.3385 0 0.09500000000000003
0 0.805 0.6125 0 0.07100000000000006
0 0.973 0.272 0 0.098
0 0.973 0.369 0 0.08999999999999997
0 1.101 0.845 0 0.06799999999999995
0 1.117 0.48850000000000005 0 0.056999999999999995
0 1.341 0.2 0 0.05200000000000002
0 1.365 0.47350000000000003 0 0.05499999999999999
0 1.365 0.619 0 0.052000000000000046
0 1.389 0.151 0 0.226
1 1.353 0.169 0.026 0.05
1 0.4735 0.769 0.04373785545725808 0.05
2 0.97 0.156 0.035 0.05
2 0.97 0.269 0.035 0.05
3 0.385 0.23975000000000002 0.6739999999999999 0.4375
3 1.059 0.23975000000000002 0.6739999999999999 0.4375
3 0.385 0.67725 0.6739999999999999 0.4375
3 1.059 0.67725 0.6739999999999999 0.4375