0 0.39125 0.19 0 0.03999999999999998
0 0.232 0.21 0.40599999999999997 0
0 0.1355 0.37 0.213 0
0 0.3245 0.37 0.061 0
0 0.0805 0.41 0.10300000000000001 0
0 0.15475 0.383 0 0.05399999999999999
0 0.27549999999999997 0.41 0.17099999999999999 0
0 0.0605 0.45 0.04900000000000001 0
0 0.1090546875 0.6685 0 0.599
0 0.27125 0.41600000000000004 0 0.068
0 0.34525 0.399 0 0.10200000000000004
0 0.08149999999999999 0.49 0.075 0
0 0.08950000000000001 0.53 0.095 0
0 0.0835 0.57 0.089 0
0 0.082 0.61 0.07 0
0 0.1490234375 0.782 0 0.372
0 0.0935 0.65 0.10899999999999999 0
0 0.22949999999999998 0.65 0.04300000000000001 0
0 0.149 0.69 0.20400000000000001 0
0 0.3645 0.69 0.14100000000000001 0
0 0.08149999999999999 0.73 0.075 0
0 0.195 0.73 0.08399999999999999 0
0 0.14 0.77 0.212 0
0 0.352375 0.8109999999999999 0 0.09199999999999997
0 0.38925 0.7989999999999999 0 0.10599999999999998
0 0.0535 0.81 0.049 0
0 0.175 0.81 0.07399999999999998 0
0 0.231375 0.7595000000000001 0 0.4169999999999999
0 0.384 0.81 0.10199999999999998 0
0 0.159 0.85 0.25999999999999995 0
0 0.36850000000000005 0.85 0.065 0
0 0.18300000000000002 0.89 0.308 0
0 0.22599999999999998 0.93 0.368 0
0 0.029 0.384 0 0.07200000000000001
0 0.029 0.857 0 0.22199999999999998
0 0.069 0.2625 0 0.14500000000000002
0 0.069 0.6685 0 0.599
0 0.109 0.198 0 0.05200000000000002
0 0.189 0.39449999999999996 0 0.07700000000000001
0 0.189 0.794 0 0.28200000000000003
0 0.229 0.3325 0 0.125
0 0.269 0.8975 0 0.14100000000000001
0 0.309 0.364 0 0.057999999999999996
0 0.309 0.8875 0 0.11099999999999999
0 0.349 0.244 0 0.148
0 0.349 0.6930000000000001 0 0.04999999999999993
0 0.349 0.9285 0 0.07899999999999996
0 0.389 0.39249999999999996 0 0.04099999999999998
0 0.389 0.6930000000000001 0 0.05399999999999994
0 0.389 0.9405 0 0.05499999999999994
0 0.429 0.39349999999999996 0 0.069
0 0.429 0.6955 0 0.05899999999999994
0 0.429 0.8975 0 0.14100000000000001
1 0.250125 0.36 0.04420477915339019 0.05
1 0.347125 0.31 0.030233466556119564 0.05
1 0.2725 0.69 0.043 0.05
1 0.136 0.73 0.034 0.05
1 0.3506875 0.873 0.03217748630642238 0.05
1 0.389125 0.759 0.02600120189529707 0.05
1 0.215 0.87 0.04001249804748511 0.05
1 0.049 0.305 0.042059481689626185 0.05
3 0.1305 0.3695 0.203 0.3989999999999999
3 0.3335 0.3695 0.20299999999999999 0.3989999999999999
3 0.1305 0.7685 0.203 0.399
3 0.3335 0.7685 0.20299999999999999 0.399