0 0.2805 0.128 0 0.08799999999999998
0 0.55975 0.10450000000000001 0 0.040999999999999995
0 0.40025 0.128 0 0.08799999999999998
0 0.47750000000000004 0.124 0.056999999999999995 0
0 0.362875 0.14600000000000002 0 0.05000000000000002
0 0.281 0.2785 0 0.11700000000000002
0 0.32125 0.2995 0 0.17900000000000002
0 0.081375 0.3065 0 0.059
0 0.162375 0.305 0 0.04600000000000004
0 0.2425 0.3105 0 0.05300000000000005
0 0.4805 0.2865 0 0.07900000000000001
0 0.103 0.324 0.10400000000000001 0
0 0.31999999999999995 0.444 0.07400000000000001 0
0 0.441 0.128 0 0.08799999999999998
0 0.481 0.131 0 0.08399999999999999
3 0.1781875 0.17400000000000002 0.254375 0.18
3 0.43256249999999996 0.17400000000000002 0.25437499999999996 0.18
3 0.1781875 0.354 0.254375 0.18
3 0.43256249999999996 0.354 0.25437499999999996 0.18