0 1.1425 0.289 0.06299999999999994 0
0 0.887125 0.5720000000000001 0 0.051999999999999935
0 0.77325 0.6365000000000001 0 0.05500000000000005
0 0.897 0.609 0.04200000000000004 0
0 1.086 0.609 0.19800000000000006 0
0 0.7295625 0.6655 0 0.07299999999999995
0 1.04975 0.6639999999999999 0 0.136
0 1.13125 0.6355 0 0.07500000000000007
0 1.149 0.689 0.07600000000000007 0
0 1.17175 0.728 0 0.8260000000000001
0 0.68825 0.7685 0 0.04300000000000004
0 0.80675 0.8045 0 0.050999999999999934
0 0.853625 0.815 0 0.05999999999999994
0 1.087125 0.8765000000000001 0 0.05500000000000005
0 1.1298984375 0.988 0 0.17200000000000004
0 0.892625 0.9929999999999999 0 0.04799999999999993
0 0.77325 1.036 0 0.05400000000000005
0 0.884 1.089 0.052000000000000046 0
0 0.93021875 1.1015000000000001 0 0.08299999999999996
0 0.8965000000000001 1.129 0.557 0
0 0.93225 1.2455 0 0.08099999999999996
0 0.9695 1.2215 0 0.040999999999999925
0 0.8945000000000001 1.249 0.05500000000000005 0
0 0.61 0.683 0 0.8620000000000001
0 0.69 0.861 0 0.04200000000000004
0 0.77 0.7645 0 0.10899999999999999
0 1.05 1.133 0 0.04999999999999982
0 1.13 0.7335 0 0.041000000000000036
1 0.74978125 0.706 0.0412212494503745 0.05
1 1.130625 0.693 0.040019526483955306 0.05
1 1.10851171875 0.903 0.042820169961904714 0.05
3 0.75425 0.5105 0.2885 0.517
3 1.04275 0.5105 0.2885000000000001 0.517
3 0.75425 1.0275 0.2885 0.517
3 1.04275 1.0275 0.2885000000000001 0.517