0 0.2625 0.127 0.07699999999999999 0
0 0.4805 0.138 0 0.046
0 0.5635 0.1335 0 0.08299999999999999
0 0.2245 0.167 0.07100000000000001 0
0 0.36175 0.185 0 0.066
0 0.321875 0.22299999999999998 0 0.13799999999999998
0 0.246 0.247 0.04200000000000001 0
0 0.494 0.247 0.12200000000000005 0
0 0.39499999999999996 0.287 0.33999999999999997 0
0 0.4065 0.327 0.11100000000000004 0
0 0.52525 0.3865 0 0.119
0 0.5894999999999999 0.327 0.041000000000000036 0
0 0.1745 0.367 0.10300000000000001 0
0 0.2808125 0.4165 0 0.09900000000000003
0 0.3239375 0.389 0 0.10999999999999999
0 0.41100000000000003 0.367 0.09800000000000003 0
0 0.56725 0.385 0 0.10599999999999998
0 0.402 0.407 0.08000000000000002 0
0 0.6033125 0.41800000000000004 0 0.08000000000000002
0 0.20325 0.4275 0 0.07300000000000001
0 0.362 0.391 0 0.14600000000000002
0 0.40225 0.3965 0 0.14100000000000001
0 0.546 0.447 0.14800000000000002 0
0 0.082 0.472 0 0.04199999999999998
0 0.122 0.47250000000000003 0 0.04099999999999998
0 0.242 0.1775 0 0.18100000000000002
0 0.442 0.3015 0 0.133
0 0.442 0.4345 0 0.067
0 0.642 0.266 0 0.358
1 0.32290625 0.313 0.04205061124704373 0.05
1 0.567 0.307 0.04019950248448356 0.05
1 0.442 0.3845 0.033 0.05
3 0.222 0.1885 0.27999999999999997 0.20299999999999999
3 0.502 0.1885 0.28 0.20299999999999999
3 0.222 0.39149999999999996 0.27999999999999997 0.203
3 0.502 0.39149999999999996 0.28 0.203