0 0.085 0.1665 0 0.059
0 0.3135 0.177 0.5489999999999999 0
0 0.041 0.3305 0 0.44900000000000007
0 0.31725 0.196 0 0.094
0 0.358625 0.1955 0 0.093
0 0.35875 0.28 0 0.045999999999999985
0 0.3345 0.337 0.05299999999999999 0
0 0.33399999999999996 0.377 0.05399999999999999 0
0 0.4515 0.417 0.069 0
0 0.075 0.457 0.07200000000000001 0
0 0.06 0.497 0.042 0
0 0.1985 0.497 0.061 0
0 0.359 0.5245 0 0.061000000000000054
0 0.131 0.537 0.184 0
0 0.44799999999999995 0.537 0.27999999999999997 0
0 0.079 0.48350000000000004 0 0.05499999999999999
0 0.119 0.16999999999999998 0 0.04400000000000001
0 0.119 0.5275000000000001 0 0.05500000000000005
0 0.159 0.1665 0 0.069
0 0.199 0.176 0 0.05000000000000002
0 0.199 0.532 0 0.04600000000000004
0 0.239 0.1735 0 0.04500000000000001
0 0.279 0.1735 0 0.04500000000000001
0 0.279 0.4935 0 0.04500000000000004
0 0.399 0.1585 0 0.085
0 0.439 0.154 0 0.064
0 0.479 0.16999999999999998 0 0.04400000000000001
0 0.519 0.1725 0 0.047000000000000014
0 0.559 0.172 0 0.04600000000000001
1 0.338 0.25 0.0437978309965231 0.05
1 0.099 0.5055 0.041484937025383084 0.05
3 0.17625 0.21825 0.2745 0.22450000000000003
3 0.45075 0.21825 0.27449999999999997 0.22450000000000003
3 0.17625 0.44275000000000003 0.2745 0.22450000000000003
3 0.45075 0.44275000000000003 0.27449999999999997 0.22450000000000003