0 0.7165 0.39149999999999996 0 0.07100000000000001
0 0.79325 0.377 0 0.04200000000000004
0 0.10600000000000001 0.396 0.06200000000000001 0
0 0.193625 0.40700000000000003 0 0.043999999999999984
0 0.2315 0.4065 0 0.04299999999999998
0 0.27475 0.4075 0 0.044999999999999984
0 0.31325 0.40700000000000003 0 0.04199999999999998
0 0.425 0.396 0.09799999999999998 0
0 0.7885 0.396 0.09699999999999998 0
0 1.0405 0.396 0.121 0
0 0.097 0.436 0.044 0
0 0.447 0.436 0.15000000000000002 0
0 1.0594999999999999 0.436 0.08299999999999996 0
0 0.22749999999999998 0.636 0.11499999999999996 0
0 0.31299609375 0.7975 0 0.355
0 0.2445 0.676 0.157 0
0 0.247 0.716 0.152 0
0 0.2455 0.756 0.149 0
0 0.713625 0.781 0 0.050000000000000044
0 0.23099999999999998 0.796 0.12799999999999997 0
0 0.22250000000000003 0.836 0.11300000000000002 0
0 0.7114375 0.879 0 0.08600000000000008
0 0.25 0.876 0.10599999999999998 0
0 0.27075 0.893 0 0.04600000000000004
0 0.352875 1.0795 0 0.050999999999999934
0 0.554 1.1219999999999999 0 0.062000000000000055
0 0.407 1.156 0.666 0
0 0.313 1.196 0.10199999999999998 0
0 0.48950000000000005 1.196 0.04899999999999999 0
0 0.32099999999999995 1.236 0.064 0
0 0.75125 1.2115 0 0.129
0 0.875125 1.2919999999999998 0 0.050000000000000044
0 0.32999999999999996 1.316 0.07400000000000001 0
0 0.39275 1.349 0 0.06599999999999984
0 0.1005 1.356 0.051000000000000004 0
0 0.3375 1.356 0.11299999999999999 0
0 0.47125 1.3559999999999999 0 0.050000000000000044
0 0.7105 1.35 0 0.05599999999999983
0 0.11375 1.4565000000000001 0 0.17699999999999982
0 0.272 1.396 0.07200000000000001 0
0 0.5123125 1.482 0 0.17200000000000015
0 0.10800000000000001 1.436 0.06000000000000001 0
0 0.19325 1.4340000000000002 0 0.12399999999999989
0 0.266 1.436 0.08399999999999999 0
0 0.4733125 1.4945 0 0.14700000000000002
0 0.16799999999999998 1.476 0.13399999999999998 0
0 0.8694999999999999 1.476 0.04700000000000004 0
0 0.916625 1.508 0 0.06400000000000006
0 0.13799999999999998 1.516 0.06999999999999999 0
0 0.634 1.516 0.6020000000000001 0
0 0.95575 1.5145 0 0.040999999999999925
0 1.04075 1.542 0 0.052000000000000046
0 0.099 1.556 0.052000000000000005 0
0 0.6785 1.5310000000000001 0 0.07400000000000007
0 0.9665 1.556 0.07499999999999996 0
0 0.113 0.4095 0 0.044999999999999984
0 0.153 1.168 0 0.04800000000000004
0 0.153 1.4994999999999998 0 0.050999999999999934
0 0.193 0.751 0 0.1519999999999999
0 0.193 0.8815 0 0.049000000000000044
0 0.193 1.163 0 0.040000000000000036
0 0.233 0.837 0 0.04400000000000004
0 0.233 1.4585 0 0.061000000000000165
0 0.273 0.732 0 0.23199999999999998
0 0.273 1.126 0 0.1439999999999999
0 0.273 1.2905000000000002 0 0.08299999999999996
0 0.273 1.4075 0 0.06899999999999995
0 0.313 1.3014999999999999 0 0.32899999999999996
0 0.353 1.1920000000000002 0 0.09800000000000009
0 0.353 1.349 0 0.06400000000000006
0 0.393 1.1595 0 0.21099999999999985
0 0.433 0.40800000000000003 0 0.043999999999999984
0 0.433 1.1935 0 0.10099999999999998
0 0.473 1.157 0 0.20399999999999996
0 0.513 1.175 0 0.06400000000000006
0 0.553 1.345 0 0.06800000000000006
0 0.553 1.5075 0 0.04499999999999993
0 0.593 0.405 0 0.03999999999999998
0 0.593 1.5305 0 0.07499999999999996
0 0.633 0.36850000000000005 0 0.07500000000000001
0 0.673 0.406 0 0.04199999999999998
0 0.673 1.201 0 0.10799999999999987
0 0.713 1.2465 0 0.052999999999999936
0 0.753 0.406 0 0.055999999999999994
0 0.873 1.4875 0 0.04499999999999993
0 1.073 0.6835 0 0.605
1 0.773125 0.388 0.04494510540648447 0.05
1 0.71253125 0.821 0.03007964687708285 0.05
1 0.251875 0.8655 0.03932000127161748 0.05
1 0.3529375 1.124 0.038000205591549104 0.05
1 0.5335 1.148 0.04220189569201838 0.05
1 0.49178125 1.3885 0.04371646035819918 0.05
1 0.53265625 1.4395 0.044096175075056115 0.05
1 0.2045 1.456 0.041484937025383084 0.05
1 0.932 1.536 0.04044749683231337 0.05
1 0.193 0.842 0.03 0.05
1 0.273 1.3525 0.041 0.05
3 0.32999999999999996 0.64025 0.514 0.6185
3 0.844 0.64025 0.514 0.6185
3 0.32999999999999996 1.25875 0.514 0.6185
3 0.844 1.25875 0.514 0.6185