0 1.5875 0.275 0.11299999999999999 0
0 0.8935 0.355 0.21099999999999997 0
0 0.997 0.475 0.1279999999999999 0
0 0.295 0.28150000000000003 0 0.467
0 0.525 0.5820000000000001 0 0.10199999999999998
0 1.6555 0.357 0.06699999999999995 0
0 1.697 0.421 0.05400000000000005 0
0 0.133 0.3375 0 0.07300000000000001
0 0.645 0.233 0 0.07200000000000001
0 0.645 0.433 0 0.052000000000000046
0 0.805 0.141 0 0.074
0 1.557 0.1725 0 0.08099999999999999
0 1.653 0.28900000000000003 0 0.05399999999999999
3 0.53075 0.19425 0.7955 0.29250000000000004
3 1.32625 0.19425 0.7955 0.29250000000000004
3 0.53075 0.48675 0.7955 0.2925
3 1.32625 0.48675 0.7955 0.2925