0 0.5375 0.1515 0 0.04099999999999998
0 0.52 0.171 0.05800000000000005 0
0 0.611359375 0.21000000000000002 0 0.13800000000000004
0 0.17099755859375 0.4265 0 0.43100000000000005
0 0.575125 0.1955 0 0.04300000000000001
0 0.3265 0.251 0.063 0
0 0.3745 0.2835 0 0.065
0 0.57075 0.3235 0 0.14500000000000002
0 0.1285 0.47050000000000003 0 0.399
0 0.3319375 0.4495 0 0.381
0 0.4965 0.291 0.041000000000000036 0
0 0.53375 0.268 0 0.062
0 0.6639999999999999 0.291 0.07799999999999996 0
0 0.7309609375 0.4605 0 0.391
0 0.10049999999999999 0.331 0.093 0
0 0.30200000000000005 0.331 0.04199999999999998 0
0 0.4505 0.33599999999999997 0 0.043999999999999984
0 0.6345000000000001 0.331 0.1469999999999999 0
0 0.05190625 0.397 0 0.09800000000000003
0 0.514 0.371 0.09600000000000003 0
0 0.6535 0.371 0.121 0
0 0.178 0.411 0.138 0
0 0.306 0.411 0.04200000000000004 0
0 0.37053125 0.52 0 0.236
0 0.6819999999999999 0.411 0.19000000000000006 0
0 0.1315 0.451 0.053000000000000005 0
0 0.2225 0.451 0.046999999999999986 0
0 0.45175 0.489 0 0.07600000000000001
0 0.6134999999999999 0.451 0.261 0
0 0.4205 0.491 0.7130000000000001 0
0 0.2635 0.531 0.32899999999999996 0
0 0.622 0.531 0.31 0
0 0.2175 0.571 0.319 0
0 0.5185 0.571 0.21900000000000003 0
0 0.6514375 0.573 0 0.25799999999999995
0 0.7295 0.571 0.09499999999999997 0
0 0.05525 0.632 0 0.07400000000000007
0 0.22799999999999998 0.611 0.246 0
0 0.5185 0.611 0.06500000000000006 0
0 0.5725 0.62 0 0.07400000000000007
0 0.742 0.611 0.07000000000000006 0
0 0.132 0.651 0.07600000000000001 0
0 0.335 0.651 0.124 0
0 0.641 0.651 0.19399999999999995 0
0 0.293125 0.6815 0 0.06099999999999994
0 0.091 0.311 0 0.04800000000000004
0 0.211 0.516 0 0.264
0 0.251 0.492 0 0.29000000000000004
0 0.291 0.441 0 0.376
0 0.411 0.51 0 0.05600000000000005
0 0.491 0.2465 0 0.23099999999999998
0 0.491 0.5309999999999999 0 0.10599999999999998
0 0.531 0.381 0 0.068
0 0.531 0.546 0 0.19
0 0.571 0.491 0 0.13000000000000006
0 0.611 0.361 0 0.08800000000000002
0 0.611 0.6020000000000001 0 0.10199999999999998
0 0.651 0.324 0 0.18999999999999997
0 0.691 0.417 0 0.32199999999999995
0 0.771 0.4975 0 0.45499999999999996
1 0.5563125 0.173 0.037678118649953844 0.05
1 0.6111796875 0.298 0.03800169930924965 0.05
1 0.5729375 0.234 0.034280324167078706 0.05
1 0.570875 0.411 0.0300010416485828 0.05
1 0.31253125 0.6455 0.040341171974175465 0.05
1 0.587 0.351 0.04001249804748511 0.05
1 0.071453125 0.3665 0.041198559308093526 0.05
1 0.266 0.411 0.038 0.05
1 0.1785 0.451 0.041 0.05
1 0.4475 0.531 0.039 0.05
1 0.65121875 0.4655 0.02500382783195405 0.05
1 0.5475 0.631 0.040607881008493905 0.05
1 0.57175 0.5415 0.027041634565979918 0.05
1 0.2720625 0.5295 0.04439049025410736 0.05
1 0.511 0.3545 0.04272001872658766 0.05
3 0.23317968749999998 0.27949999999999997 0.362546875 0.297
3 0.5957265625 0.27949999999999997 0.36254687500000005 0.297
3 0.23317968749999998 0.5765 0.362546875 0.297
3 0.5957265625 0.5765 0.36254687500000005 0.297