0 0.026625 0.10600000000000001 0 0.06000000000000001
0 0.3061875 0.159 0 0.15399999999999997
0 0.3195 0.236 0.09299999999999997 0
0 0.1695 0.276 0.059 0
0 0.0555 0.316 0.05500000000000001 0
0 0.108125 0.359 0 0.09000000000000002
0 0.35950000000000004 0.316 0.07100000000000001 0
0 0.061 0.356 0.07 0
0 0.30575 0.394 0 0.08000000000000002
0 0.102 0.396 0.092 0
0 0.184125 0.36650000000000005 0 0.059
0 0.333 0.396 0.124 0
0 0.066 0.28900000000000003 0 0.055999999999999994
0 0.066 0.3755 0 0.04500000000000004
0 0.146 0.308 0 0.09199999999999997
0 0.146 0.40900000000000003 0 0.04999999999999999
0 0.226 0.277 0 0.04999999999999999
0 0.226 0.371 0 0.04200000000000004
0 0.266 0.312 0 0.09399999999999997
0 0.346 0.378 0 0.04600000000000004
1 0.0870625 0.3325 0.04223168981937616 0.05
1 0.1270625 0.394 0.04283124589595778 0.05
1 0.285875 0.3495 0.040063231272577104 0.05
1 0.1650625 0.329 0.04174345008501334 0.05
3 0.11825 0.1655 0.1845 0.179
3 0.30275 0.1655 0.18450000000000003 0.179
3 0.11825 0.34450000000000003 0.1845 0.179
3 0.30275 0.34450000000000003 0.18450000000000003 0.179