0 0.43975 0.16799999999999998 0 0.05400000000000002
0 0.11 0.181 0.094 0
0 0.0855 0.2395 0 0.277
0 0.154 0.261 0.14800000000000002 0
0 0.14100000000000001 0.301 0.10400000000000001 0
0 0.589 0.301 0.040000000000000036 0
0 0.1575 0.341 0.081 0
0 0.363625 0.40049999999999997 0 0.183
0 0.08 0.4435 0 0.125
0 0.1189375 0.40800000000000003 0 0.08400000000000002
0 0.20034375 0.413 0 0.126
0 0.400265625 0.43 0 0.16600000000000004
0 0.0765 0.421 0.07300000000000001 0
0 0.252 0.421 0.17600000000000002 0
0 0.4790625 0.483 0 0.12400000000000005
0 0.279375 0.472 0 0.10400000000000004
0 0.35350000000000004 0.461 0.09100000000000003 0
0 0.45699999999999996 0.461 0.04799999999999999 0
0 0.12 0.2785 0 0.11100000000000002
0 0.16 0.287 0 0.148
0 0.16 0.42300000000000004 0 0.062
0 0.2 0.2525 0 0.14900000000000002
0 0.32 0.4505 0 0.10299999999999998
0 0.36 0.229 0 0.066
0 0.44 0.49450000000000005 0 0.10100000000000003
0 0.48 0.2905 0 0.05099999999999999
0 0.56 0.127 0 0.041999999999999996
0 0.6 0.2925 0 0.383
1 0.10221875 0.372 0.035525573974955 0.05
1 0.416 0.461 0.034 0.05
3 0.18225 0.21200000000000002 0.28450000000000003 0.222
3 0.46675 0.21200000000000002 0.2845 0.222
3 0.18225 0.43400000000000005 0.28450000000000003 0.22200000000000003
3 0.46675 0.43400000000000005 0.2845 0.22200000000000003