0 1.206375 0.2385 0 0.11499999999999999
0 1.1605 0.221 0.3790000000000001 0
0 2.102 0.221 0.06599999999999984 0
0 2.8425000000000002 0.221 0.040999999999999925 0
0 0.617 0.261 0.062000000000000055 0
0 0.72475 0.2645 0 0.06299999999999997
0 0.887 0.268 0 0.06999999999999998
0 1.0085 0.261 0.07500000000000007 0
0 1.2885 0.261 0.07299999999999995 0
0 2.6675 0.261 0.04699999999999971 0
0 2.843 0.261 0.041999999999999815 0
0 0.391 0.301 0.07200000000000001 0
0 0.6125 0.301 0.05300000000000005 0
0 0.8145 0.301 0.14900000000000002 0
0 1.049 0.2545 0 0.093
0 1.241 0.301 0.19599999999999995 0
0 1.931 0.6455 0 0.6890000000000001
0 2.2225 0.301 0.07499999999999973 0
0 2.3265 0.30500000000000005 0 0.05199999999999999
0 1.286 0.341 0.09799999999999986 0
0 1.566 0.341 0.04400000000000004 0
0 1.883 0.341 0.09600000000000009 0
0 2.3835 0.341 0.09299999999999997 0
0 2.684 0.341 0.04400000000000004 0
0 2.84 0.341 0.04200000000000026 0
0 0.972 0.402 0 0.04199999999999998
0 1.04675 0.391 0 0.05199999999999999
0 1.156 0.381 0.040000000000000036 0
0 1.2934999999999999 0.381 0.08299999999999996 0
0 1.5645 0.381 0.04700000000000015 0
0 2.684 0.381 0.04400000000000004 0
0 2.8415 0.381 0.04499999999999993 0
0 0.9445 0.421 0.42900000000000005 0
0 1.311 0.421 0.08200000000000007 0
0 1.566 0.421 0.04400000000000004 0
0 2.6825 0.421 0.040999999999999925 0
0 2.84 0.421 0.04200000000000026 0
0 0.8365 0.461 0.07499999999999996 0
0 1.212 0.461 0.19399999999999995 0
0 1.60525 0.46599999999999997 0 0.03999999999999998
0 0.8245 0.501 0.06699999999999995 0
0 1.1400000000000001 0.501 0.050000000000000044 0
0 1.2885 0.501 0.052999999999999936 0
0 2.8385 0.501 0.04500000000000037 0
0 1.1364999999999998 0.541 0.04699999999999993 0
0 1.5635 0.541 0.04500000000000015 0
0 2.043625 0.6205 0 0.20099999999999996
0 2.668 0.541 0.04800000000000004 0
0 2.8419999999999996 0.541 0.052000000000000046 0
0 1.138 0.581 0.050000000000000044 0
0 1.565 0.581 0.04800000000000004 0
0 1.890375 0.5800000000000001 0 0.05999999999999994
0 2.8385 0.581 0.04500000000000037 0
0 3.015 0.581 0.05799999999999983 0
0 0.39249999999999996 0.621 0.20700000000000002 0
0 0.9375 0.621 0.04499999999999993 0
0 1.2325 0.621 0.2390000000000001 0
0 1.565 0.621 0.04800000000000004 0
0 1.646 0.6575 0 0.07699999999999996
0 1.847625 0.651 0 0.08999999999999997
0 1.89475 0.6585 0 0.07499999999999996
0 2.638 0.621 0.12400000000000011 0
0 2.8365 0.621 0.04499999999999993 0
0 0.8255 0.661 0.7790000000000001 0
0 1.301 0.661 0.07200000000000006 0
0 1.826 0.661 0.5700000000000003 0
0 2.5170000000000003 0.661 0.3599999999999999 0
0 2.9525 0.661 0.27700000000000014 0
0 0.7545000000000001 0.701 1.079 0
0 1.7825000000000002 0.701 0.401 0
0 2.175 0.701 0.3240000000000003 0
0 2.6945 0.481 0 0.43999999999999995
0 3.0445 0.6775 0 0.04699999999999993
0 1.3215 0.741 0.06299999999999994 0
0 1.6145 0.741 0.06499999999999995 0
0 1.817 0.741 0.278 0
0 2.1825 0.741 0.33899999999999997 0
0 0.23049999999999998 0.781 0.049000000000000016 0
0 0.285 0.7885 0 0.08099999999999996
0 0.3665 0.781 0.04300000000000004 0
0 0.40925 0.7885 0 0.08099999999999996
0 1.209 0.781 0.06600000000000006 0
0 1.6145 0.781 0.06499999999999995 0
0 1.708 0.781 0.06000000000000005 0
0 1.76725 0.8220000000000001 0 0.346
0 1.845 0.781 0.10000000000000009 0
0 2.0255 0.781 0.14100000000000001 0
0 2.1555 0.781 0.057000000000000384 0
0 2.2965 0.781 0.10499999999999998 0
0 0.3545 0.821 0.29700000000000004 0
0 0.745 0.821 0.040000000000000036 0
0 1.6145 0.821 0.06499999999999995 0
0 1.708 0.821 0.06000000000000005 0
0 1.845 0.821 0.10000000000000009 0
0 2.0695 0.821 0.2290000000000001 0
0 2.298 0.821 0.10799999999999965 0
0 1.655 0.861 0.10000000000000009 0
0 1.83 0.861 0.18599999999999994 0
0 2.0695 0.861 0.2290000000000001 0
0 2.298 0.861 0.10799999999999965 0
0 2.367375 0.9189999999999999 0 0.16399999999999992
0 0.32399999999999995 0.901 0.07 0
0 1.6560000000000001 0.901 0.10200000000000009 0
0 1.9605000000000001 0.901 0.44700000000000006 0
0 2.3040000000000003 0.901 0.11999999999999966 0
0 1.6245 0.941 0.16100000000000003 0
0 1.83 0.941 0.18599999999999994 0
0 2.0695 0.941 0.2290000000000001 0
0 2.302 0.941 0.11599999999999966 0
0 0.39599999999999996 0.981 0.38 0
0 1.6105 0.981 0.07299999999999995 0
0 1.709 0.981 0.062000000000000055 0
0 2.068 0.981 0.5460000000000003 0
0 0.206 0.692 0 0.05999999999999994
0 0.206 0.7875 0 0.06299999999999994
0 0.206 0.9784999999999999 0 0.05500000000000005
0 0.246 0.9795 0 0.05700000000000005
0 0.286 0.685 0 0.04599999999999993
0 0.286 0.9784999999999999 0 0.05500000000000005
0 0.326 0.683 0 0.041999999999999926
0 0.326 0.9855 0 0.08900000000000008
0 0.366 0.6395 0 0.127
0 0.366 0.786 0 0.07599999999999996
0 0.366 0.9125 0 0.05499999999999994
0 0.406 0.683 0 0.041999999999999926
0 0.406 0.9904999999999999 0 0.07900000000000007
0 0.446 0.681 0 0.04399999999999993
0 0.486 0.6679999999999999 0 0.18400000000000005
0 0.486 0.8995 0 0.21099999999999985
0 0.526 0.6815 0 0.04499999999999993
0 0.566 0.6815 0 0.04499999999999993
0 0.606 0.2595 0 0.052999999999999964
0 0.606 0.6815 0 0.04499999999999993
0 0.646 0.2595 0 0.052999999999999964
0 0.646 0.6815 0 0.04499999999999993
0 0.686 0.677 0 0.04599999999999993
0 0.686 0.9784999999999999 0 0.04499999999999993
0 0.726 0.6805 0 0.04299999999999993
0 0.766 0.6815 0 0.04499999999999993
0 0.806 0.6645 0 0.06699999999999995
0 0.846 0.4545 0 0.09300000000000003
0 0.846 0.5695 0 0.052999999999999936
0 0.846 0.6665 0 0.07499999999999996
0 0.886 0.6805 0 0.04699999999999993
0 0.926 0.675 0 0.051999999999999935
0 0.926 1.0070000000000001 0 0.04600000000000004
0 0.966 0.655 0 0.128
0 1.006 0.2425 0 0.06900000000000003
0 1.006 0.6779999999999999 0 0.041999999999999926
0 1.046 0.669 0 0.05999999999999994
0 1.086 0.6775 0 0.040999999999999925
0 1.126 0.23149999999999998 0 0.05300000000000002
0 1.126 0.5475 0 0.2829999999999999
0 1.206 0.4435 0 0.07100000000000001
0 1.206 0.6055 0 0.09499999999999997
0 1.246 0.2415 0 0.07300000000000004
0 1.246 0.4385 0 0.061
0 1.286 0.322 0 0.28200000000000003
0 1.286 0.717 0 0.04400000000000004
0 1.326 0.33199999999999996 0 0.302
0 1.326 0.6539999999999999 0 0.07999999999999996
0 1.566 0.208 0 0.05399999999999999
0 1.566 0.34299999999999997 0 0.13399999999999995
0 1.566 0.6045 0 0.16500000000000004
0 1.566 0.8680000000000001 0 0.118
0 1.606 0.813 0 0.348
0 1.646 0.5435 0 0.04699999999999993
0 1.686 0.6725 0 0.04699999999999993
0 1.726 0.6715 0 0.04899999999999993
0 1.806 0.622 0 0.1379999999999999
0 1.966 0.6705 0 0.04699999999999993
0 2.006 0.29100000000000004 0 0.09000000000000002
0 2.006 0.6930000000000001 0 0.08799999999999997
0 2.046 0.263 0 0.07999999999999999
0 2.086 0.5800000000000001 0 0.05399999999999994
0 2.086 0.821 0 0.344
0 2.166 0.6535 0 0.049000000000000044
0 2.246 0.269 0 0.15799999999999997
0 2.246 0.8160000000000001 0 0.364
0 2.366 0.669 0 0.04399999999999993
0 2.406 0.6699999999999999 0 0.041999999999999926
0 2.446 0.6699999999999999 0 0.041999999999999926
0 2.486 0.6675 0 0.040999999999999925
0 2.566 0.6679999999999999 0 0.041999999999999926
0 2.606 0.669 0 0.04399999999999993
0 2.646 0.651 0 0.06400000000000006
0 2.846 0.43999999999999995 0 0.518
0 2.886 0.6755 0 0.04299999999999993
0 2.966 0.6285000000000001 0 0.1409999999999999
0 3.006 0.6739999999999999 0 0.04399999999999993
0 3.086 0.29600000000000004 0 0.03999999999999998
0 3.086 0.6755 0 0.04299999999999993
1 1.869 0.608 0.04293672670337132 0.05
1 2.355 0.681 0.04 0.05
1 1.292 0.721 0.04019950248448356 0.05
1 1.998 0.701 0.03 0.05
1 1.6625 0.741 0.031 0.05
1 1.9555 0.761 0.04001249804748511 0.05
1 0.2855 0.7455 0.04001249804748511 0.05
1 0.407625 0.7455 0.04411986514031973 0.05
1 2.1115 0.781 0.031 0.05
1 1.7375 0.841 0.04001249804748511 0.05
1 1.939 0.861 0.032 0.05
1 1.939 0.941 0.032 0.05
1 1.8005 0.961 0.04011234224026316 0.05
1 1.6625 0.981 0.031 0.05
1 0.206 0.739 0.034 0.05
1 0.346 0.9575 0.04001249804748511 0.05
1 0.486 0.777 0.034 0.05
1 0.846 0.522 0.042 0.05
1 0.846 0.6125 0.033 0.05
1 1.566 0.2555 0.041 0.05
1 2.086 0.628 0.042 0.05
3 0.92725 0.39325 1.4425000000000001 0.42450000000000004
3 2.3697500000000002 0.39325 1.4425000000000001 0.42450000000000004
3 0.92725 0.81775 1.4425000000000001 0.4245
3 2.3697500000000002 0.81775 1.4425000000000001 0.4245