0 0.4145 0.325 0.069 0
0 0.6935 0.325 0.05899999999999994 0
0 0.3415 0.365 0.583 0
0 0.726 0.365 0.062000000000000055 0
0 0.13025 0.43200000000000005 0 0.2
0 0.226 0.405 0.08600000000000002 0
0 0.11449999999999999 0.445 0.129 0
0 0.11449999999999999 0.485 0.129 0
0 0.1475 0.525 0.195 0
0 0.072 0.645 0.04 0
0 0.079 0.685 0.047999999999999994 0
0 0.34650000000000003 0.685 0.04299999999999998 0
0 0.411625 0.7935 0 0.05699999999999994
0 0.451875 0.7795000000000001 0 0.04300000000000004
0 0.492 0.7795000000000001 0 0.04300000000000004
0 0.0845 0.8585 0 0.10699999999999998
0 0.2115625 0.8195 0 0.06099999999999994
0 0.289375 0.873 0 0.08600000000000008
0 0.410625 0.8905000000000001 0 0.09100000000000008
0 0.6605 0.845 0.19300000000000006 0
0 0.1825 0.885 0.061 0
0 0.64725 0.897 0 0.04400000000000004
0 0.0765 0.925 0.05299999999999999 0
0 0.56925 0.869 0 0.1120000000000001
0 0.7285 0.8905 0 0.09899999999999998
0 0.247 0.965 0.07799999999999999 0
0 0.491 1.02 0 0.08199999999999996
0 0.22949999999999998 1.125 0.17500000000000002 0
0 0.4515 1.1949999999999998 0 0.17599999999999993
0 0.6950000000000001 1.165 0.06799999999999995 0
0 0.11599999999999999 1.285 0.132 0
0 0.25175 1.2810000000000001 0 0.05800000000000005
0 0.4025 1.285 0.127 0
0 0.5635 1.285 0.06099999999999994 0
0 0.490625 1.338 0 0.040000000000000036
0 0.08921875 1.5375 0 0.10499999999999998
0 0.095 1.525 0.08600000000000002 0
0 0.09 0.456 0 0.14400000000000002
0 0.17 0.487 0 0.11000000000000004
0 0.21 0.3765 0 0.08899999999999997
0 0.25 0.368 0 0.07200000000000001
0 0.25 0.7224999999999999 0 0.05500000000000005
0 0.25 1.141 0 0.040000000000000036
0 0.29 0.346 0 0.04799999999999999
0 0.29 0.688 0 0.04799999999999993
0 0.29 1.2845 0 0.06499999999999995
0 0.33 0.349 0 0.03999999999999998
0 0.37 0.6675 0 0.07499999999999996
0 0.41 0.669 0 0.07799999999999996
0 0.41 1.2085 0 0.20300000000000007
0 0.45 0.34550000000000003 0 0.046999999999999986
0 0.49 0.41100000000000003 0 0.04799999999999999
0 0.53 0.34199999999999997 0 0.05399999999999999
0 0.57 0.32999999999999996 0 0.07800000000000001
0 0.57 1.148 0 0.28200000000000003
0 0.61 0.32699999999999996 0 0.08400000000000002
0 0.61 1.2725 0 0.040999999999999925
0 0.69 0.33799999999999997 0 0.05399999999999999
0 0.69 0.8625 0 0.09900000000000009
0 0.69 1.2810000000000001 0 0.05800000000000005
0 0.73 0.34199999999999997 0 0.05399999999999999
1 0.1595 0.425 0.04019950248448356 0.05
1 0.27 0.707 0.04346262762420146 0.05
1 0.47 0.378 0.043863424398922615 0.05
3 0.22675 0.61125 0.35350000000000004 0.6525000000000001
3 0.58025 0.61125 0.3535 0.6525000000000001
3 0.22675 1.26375 0.35350000000000004 0.6525000000000001
3 0.58025 1.26375 0.3535 0.6525000000000001