0 0.317625 0.132 0 0.041999999999999996
0 0.1568125 0.2965 0 0.119
0 0.116625 0.34550000000000003 0 0.10300000000000004
0 0.4763125 0.4295 0 0.121
0 0.161 0.467 0.102 0
0 0.27625 0.4545 0 0.08900000000000002
0 0.371 0.467 0.04400000000000004 0
0 0.49 0.467 0.05399999999999999 0
0 0.07725 0.4965 0 0.049000000000000044
0 0.15875 0.5045 0 0.051000000000000045
0 0.156 0.4235 0 0.065
0 0.236 0.3315 0 0.09700000000000003
0 0.396 0.391 0 0.118
0 0.436 0.4425 0 0.07699999999999996
1 0.15640625 0.3735 0.03500942953334144 0.05
3 0.18718749999999998 0.21575 0.219875 0.20950000000000002
3 0.4070625 0.21575 0.21987500000000004 0.20950000000000002
3 0.18718749999999998 0.42525 0.219875 0.20950000000000002
3 0.4070625 0.42525 0.21987500000000004 0.20950000000000002