0 0.1935 0.185 0.243 0
0 0.7235 0.185 0.06500000000000006 0
0 0.78875 0.1995 0 0.047000000000000014
0 0.94625 0.177 0 0.064
0 0.1935 0.225 0.243 0
0 0.6285 0.23149999999999998 0 0.10299999999999998
0 0.66725 0.266 0 0.08199999999999999
0 0.99675 0.2015 0 0.047000000000000014
0 0.189 0.265 0.23399999999999999 0
0 0.5435 0.2895 0 0.04899999999999999
0 0.6935 0.265 0.050999999999999934 0
0 0.184 0.305 0.22399999999999998 0
0 0.441 0.305 0.10999999999999999 0
0 0.6895 0.305 0.050999999999999934 0
0 0.1855 0.345 0.22699999999999998 0
0 0.3885 0.31799999999999995 0 0.05399999999999999
0 0.829375 0.375 0 0.09399999999999997
0 0.2005 0.385 0.253 0
0 0.5960000000000001 0.425 0.134 0
0 0.791625 0.4655 0 0.08100000000000002
0 0.5589999999999999 0.465 0.04999999999999993 0
0 0.9885 0.529 0 0.050000000000000044
0 0.3495 0.5455 0 0.040999999999999925
0 0.9115 0.545 0.17700000000000005 0
0 0.751125 0.6375 0 0.10499999999999998
0 0.8676875 0.6385 0 0.10699999999999998
0 0.7894375 0.6419999999999999 0 0.09599999999999997
0 0.6759999999999999 0.665 0.04399999999999993 0
0 0.992 0.6915 0 0.052999999999999936
0 0.109 0.27 0 0.25
0 0.149 0.27599999999999997 0 0.262
0 0.189 0.2675 0 0.24500000000000002
0 0.229 0.2715 0 0.253
0 0.269 0.27 0 0.25
0 0.309 0.4215 0 0.5529999999999999
0 0.469 0.3235 0 0.125
0 0.509 0.3305 0 0.07300000000000001
0 0.549 0.45499999999999996 0 0.064
0 0.549 0.655 0 0.08399999999999996
0 0.589 0.6539999999999999 0 0.08199999999999996
0 0.669 0.6519999999999999 0 0.07799999999999996
0 0.709 0.2525 0 0.139
0 0.909 0.182 0 0.07200000000000001
1 0.52625 0.304 0.039877938763180826 0.05
1 0.8105 0.4235 0.03786901767936422 0.05
3 0.304 0.28825 0.464 0.2865
3 0.768 0.28825 0.46399999999999997 0.2865
3 0.304 0.57475 0.464 0.2865
3 0.768 0.57475 0.46399999999999997 0.2865