0 0.442125 0.1765 0 0.08499999999999999
0 0.322 0.1975 0 0.047000000000000014
0 0.358015625 0.22899999999999998 0 0.158
0 0.4165 0.174 0.05299999999999999 0
0 0.23775 0.203 0 0.138
0 0.381 0.214 0.126 0
0 0.476375 0.21200000000000002 0 0.04000000000000001
0 0.237 0.254 0.04400000000000001 0
0 0.32025 0.2855 0 0.067
0 0.194875 0.2925 0 0.04899999999999999
0 0.318625 0.573 0 0.04399999999999993
0 0.278 0.651 0 0.13
0 0.398 0.1865 0 0.059
0 0.438 0.606 0 0.040000000000000036
0 0.518 0.2205 0 0.056999999999999995
0 0.558 0.178 0 0.055999999999999994
1 0.45925 0.2055 0.04361264151596415 0.05
1 0.321125 0.2365 0.031049355870935554 0.05
1 0.2163125 0.27 0.04306118466786533 0.05
1 0.2983125 0.5905 0.04160998227589144 0.05
1 0.538 0.1995 0.04237924020083418 0.05
3 0.28565625 0.27949999999999997 0.1815625 0.291
3 0.46721875 0.27949999999999997 0.18156250000000007 0.291
3 0.28565625 0.5705 0.1815625 0.291
3 0.46721875 0.5705 0.18156250000000007 0.291