0 0.097 0.14300000000000002 0 0.04000000000000001
0 0.36750000000000005 0.163 0.067 0
0 0.422390625 0.1925 0 0.139
0 0.582 0.20650000000000002 0 0.087
0 0.342 0.189 0 0.128
0 0.382 0.243 0.04999999999999999 0
0 0.4628125 0.3405 0 0.11500000000000005
0 0.5055 0.278 0 0.05199999999999999
0 0.304 0.363 0.08399999999999996 0
0 0.503125 0.43 0 0.134
0 0.781125 0.369 0 0.040000000000000036
0 0.613 0.403 0.052000000000000046 0
0 0.9005 0.39449999999999996 0 0.04299999999999998
0 0.6235 0.47650000000000003 0 0.08100000000000002
0 0.822625 0.4355 0 0.04500000000000004
0 0.605 0.483 0.05400000000000005 0
0 0.503375 0.5469999999999999 0 0.04799999999999993
0 0.185875 0.5825 0 0.10099999999999998
0 0.58425 0.5720000000000001 0 0.122
0 0.623875 0.604 0 0.08200000000000007
0 0.663375 0.601 0 0.07600000000000007
0 0.142125 0.623 0 0.05400000000000005
0 0.22775 0.623 0 0.040000000000000036
0 0.42225 0.6234999999999999 0 0.04300000000000004
0 0.5515 0.603 0.050999999999999934 0
0 0.781875 0.6255 0 0.049000000000000044
0 0.497 0.643 0.8220000000000001 0
0 0.102 0.35550000000000004 0 0.187
0 0.102 0.603 0 0.08599999999999997
0 0.342 0.6205 0 0.04300000000000004
0 0.382 0.182 0 0.11199999999999999
0 0.422 0.34099999999999997 0 0.09200000000000003
0 0.462 0.563 0 0.138
1 0.4221953125 0.2785 0.03300231185675672 0.05
1 0.50325 0.51 0.02600120189529707 0.05
1 0.603875 0.514 0.039705950435671475 0.05
3 0.2915 0.25475000000000003 0.41100000000000003 0.2635
3 0.7025 0.25475000000000003 0.41100000000000003 0.2635
3 0.2915 0.51825 0.41100000000000003 0.2635
3 0.7025 0.51825 0.41100000000000003 0.2635