0 0.373 0.133 0.6539999999999999 0
0 0.373 0.173 0.6539999999999999 0
0 0.373 0.213 0.6539999999999999 0
0 0.373 0.253 0.6539999999999999 0
0 0.373 0.293 0.6539999999999999 0
0 0.373 0.333 0.6539999999999999 0
0 0.373 0.373 0.6539999999999999 0
0 0.373 0.413 0.6539999999999999 0
0 0.373 0.453 0.6539999999999999 0
0 0.373 0.493 0.6539999999999999 0
0 0.086 0.3115 0 0.43700000000000006
0 0.126 0.3115 0 0.43700000000000006
0 0.166 0.3115 0 0.43700000000000006
0 0.206 0.3115 0 0.43700000000000006
0 0.246 0.3115 0 0.43700000000000006
0 0.286 0.3115 0 0.43700000000000006
0 0.326 0.3115 0 0.43700000000000006
0 0.366 0.3115 0 0.43700000000000006
0 0.406 0.3115 0 0.43700000000000006
0 0.446 0.3115 0 0.43700000000000006
0 0.486 0.3115 0 0.43700000000000006
0 0.526 0.3115 0 0.43700000000000006
0 0.566 0.3115 0 0.43700000000000006
0 0.606 0.3115 0 0.43700000000000006
0 0.646 0.3115 0 0.43700000000000006
0 0.686 0.3115 0 0.43700000000000006
3 0.2095 0.20224999999999999 0.327 0.2185
3 0.5365 0.20224999999999999 0.32699999999999996 0.2185
3 0.2095 0.42075 0.327 0.21850000000000003
3 0.5365 0.42075 0.32699999999999996 0.21850000000000003