0 1.87 0.419 0.05800000000000005 0
0 1.576 0.459 0.08800000000000008 0
0 1.4304999999999999 0.499 0.05300000000000016 0
0 1.62 0.499 0.17599999999999993 0
0 1.5895000000000001 0.539 0.11499999999999999 0
0 1.5905 0.579 0.5470000000000002 0
0 1.24 0.619 0.05600000000000005 0
0 1.245625 1.127 0 1.076
0 1.2375 0.899 0.14100000000000001 0
0 1.871 0.939 0.05600000000000005 0
0 1.2349999999999999 0.979 0.039999999999999813 0
0 0.5095000000000001 1.019 0.21099999999999997 0
0 1.2565 1.019 0.17900000000000005 0
0 1.871 1.019 0.05600000000000005 0
0 0.5834999999999999 1.059 0.9069999999999999 0
0 0.38249999999999995 1.099 0.181 0
0 1.2080000000000002 1.099 0.08200000000000007 0
0 0.29000000000000004 1.139 0.07200000000000001 0
0 1.56475 1.1605 0 0.08099999999999996
0 0.3385 1.179 0.08900000000000002 0
0 0.45475 1.2000000000000002 0 0.04200000000000004
0 1.48725 1.1555 0 0.07099999999999995
0 1.871 1.179 0.05600000000000005 0
0 0.2435 1.219 0.22699999999999998 0
0 0.229 1.259 0.198 0
0 0.49350000000000005 1.259 0.07300000000000001 0
0 0.6295 1.259 0.07700000000000007 0
0 0.25 1.299 0.04600000000000001 0
0 0.4105 1.299 0.067 0
0 0.592 1.299 0.04200000000000004 0
0 0.8705 1.299 0.1449999999999999 0
0 0.2275 1.339 0.195 0
0 0.4445 1.341 0 0.08800000000000008
0 0.642 1.339 0.052000000000000046 0
0 0.4135 1.379 0.173 0
0 1.5510000000000002 1.379 0.1279999999999999 0
0 0.356 1.419 0.057999999999999996 0
0 1.2229999999999999 1.419 0.1060000000000001 0
0 1.358 1.419 0.08200000000000007 0
0 1.626 1.419 0.2779999999999998 0
0 1.3165 1.459 0.05900000000000016 0
0 1.456 1.459 0.10400000000000009 0
0 1.5635 1.459 0.04299999999999993 0
0 1.607 1.69 0 0.46199999999999997
0 0.673 1.499 0.04399999999999993 0
0 1.345 1.499 0.1160000000000001 0
0 1.52325 1.494 0 0.07399999999999984
0 0.728875 1.546 0 0.06400000000000006
0 1.361 1.539 0.08800000000000008 0
0 0.7110000000000001 1.579 0.12 0
0 1.2275 1.579 0.050999999999999934 0
0 1.40725 1.633 0 0.5760000000000001
0 0.7889999999999999 1.619 0.061999999999999944 0
0 1.6895 1.619 0.19099999999999984 0
0 0.767 1.659 0.052000000000000046 0
0 0.863 1.659 0.08000000000000007 0
0 0.92775 1.663 0 0.06400000000000006
0 1.3584999999999998 1.659 0.08299999999999996 0
0 0.7245 1.699 0.14700000000000002 0
0 1.2109999999999999 1.699 0.05800000000000005 0
0 1.3599999999999999 1.699 0.08600000000000008 0
0 1.6795 1.699 0.17099999999999982 0
0 0.7110000000000001 1.739 0.12 0
0 1.687 1.739 0.18599999999999994 0
0 0.72425 1.771 0 0.07400000000000007
0 0.784 1.779 0.052000000000000046 0
0 1.687 1.779 0.18599999999999994 0
0 0.7195 1.819 0.137 0
0 0.539 1.859 0.26400000000000007 0
0 0.896 1.859 0.276 0
0 1.2080000000000002 1.859 0.08200000000000007 0
0 1.572 1.859 0.28600000000000003 0
0 1.797 1.859 0.07200000000000006 0
0 0.8915 1.899 0.11699999999999999 0
0 1.3559999999999999 1.899 0.07800000000000007 0
0 0.166 1.0535 0 0.06699999999999995
0 0.166 1.2285 0 0.09699999999999998
0 0.166 1.3475000000000001 0 0.04100000000000015
0 0.166 1.6955 0 0.05900000000000016
0 0.206 1.222 0 0.08400000000000007
0 0.246 1.2355 0 0.11099999999999999
0 0.286 1.2055 0 0.11699999999999999
0 0.326 1.1345 0 0.2290000000000001
0 0.326 1.3505 0 0.040999999999999925
0 0.366 1.113 0 0.04599999999999982
0 0.366 1.221 0 0.09199999999999986
0 0.366 1.3815 0 0.10299999999999998
0 0.406 1.3265 0 0.09299999999999997
0 0.486 1.35 0 0.040000000000000036
0 0.526 1.189 0 0.3380000000000001
0 0.566 1.855 0 0.04400000000000004
0 0.606 1.274 0 0.04400000000000004
0 0.606 1.854 0 0.04200000000000004
0 0.646 1.0575 0 0.07899999999999996
0 0.646 1.6019999999999999 0 0.08600000000000008
0 0.686 1.726 0 0.06000000000000005
0 0.726 1.6869999999999998 0 0.04200000000000004
0 0.766 1.057 0 0.07400000000000007
0 0.766 1.726 0 0.29800000000000004
0 0.886 1.8860000000000001 0 0.07000000000000006
0 0.926 1.8860000000000001 0 0.07000000000000006
0 0.966 1.8860000000000001 0 0.07000000000000006
0 1.206 0.8925000000000001 0 0.05300000000000005
0 1.206 1.4500000000000002 0 0.04200000000000004
0 1.206 1.5495 0 0.08100000000000018
0 1.206 1.7455 0 0.052999999999999936
0 1.246 1.811 0 0.21999999999999997
0 1.286 0.8925000000000001 0 0.05300000000000005
0 1.326 1.1300000000000001 0 1.582
0 1.366 1.5065 0 0.06899999999999995
0 1.366 1.673 0 0.07400000000000007
0 1.406 0.5125 0 0.14699999999999996
0 1.446 0.48350000000000004 0 0.08900000000000002
0 1.526 1.3900000000000001 0 0.09000000000000008
0 1.566 1.4180000000000001 0 0.14600000000000013
0 1.606 1.384 0 0.07800000000000007
0 1.646 0.5389999999999999 0 0.07999999999999996
0 1.646 1.7134999999999998 0 0.09899999999999998
0 1.686 0.515 0 0.14599999999999996
0 1.726 1.384 0 0.07400000000000007
0 1.726 1.7295 0 0.121
0 1.726 1.8599999999999999 0 0.04399999999999982
0 1.766 1.7650000000000001 0 0.31200000000000006
0 1.846 0.8525 0 1.0270000000000001
0 1.886 0.9395 0 0.05899999999999994
0 1.886 1.7205 0 0.30300000000000016
1 1.2458125 1.683 0.03600195307202097 0.05
1 0.4535 1.279 0.042059481689626185 0.05
1 0.6145 1.319 0.04011234224026316 0.05
1 0.326 1.359 0.04004996878900158 0.05
1 1.2965 1.419 0.041 0.05
1 1.4015 1.439 0.04031128874149274 0.05
1 1.525 1.459 0.034 0.05
1 1.6065 1.633 0.036013886210738214 0.05
1 0.7474375 1.5775 0.037138465571426076 0.05
1 0.8215 1.639 0.04011234224026316 0.05
1 0.7645 1.759 0.042059481689626185 0.05
1 0.705125 1.752 0.04412553115827616 0.05
1 0.5975 1.839 0.044721359549995794 0.05
1 0.366 1.1555 0.039 0.05
1 0.386 1.2735 0.042059481689626185 0.05
1 1.206 1.49 0.038 0.05
3 0.5722499999999999 0.7344999999999999 0.8845 0.7909999999999999
3 1.45675 0.7344999999999999 0.8845000000000001 0.7909999999999999
3 0.5722499999999999 1.5255 0.8845 0.7910000000000001
3 1.45675 1.5255 0.8845000000000001 0.7910000000000001