0 1.0819999999999999 0.288 0.12200000000000011 0
0 0.31799999999999995 0.328 0.06 0
0 0.63 0.328 0.05600000000000005 0
0 0.8545 0.328 0.06700000000000006 0
0 1.1175000000000002 0.328 0.19500000000000006 0
0 0.54 0.368 0.040000000000000036 0
0 1.1669999999999998 0.368 0.08200000000000007 0
0 0.583625 0.42400000000000004 0 0.07
0 1.3615 0.408 0.05899999999999994 0
0 0.374 0.448 0.542 0
0 0.421 0.4625 0 0.05499999999999999
0 0.4665 0.47850000000000004 0 0.07500000000000001
0 1.2879999999999998 0.528 0.07000000000000006 0
0 1.5110000000000001 0.528 0.09199999999999986 0
0 1.234 0.568 0.04599999999999982 0
0 1.512 0.568 0.08999999999999986 0
0 0.615 0.848 0.06000000000000005 0
0 1.0685 0.9095 0 0.04300000000000004
0 1.10275 0.9199999999999999 0 0.06399999999999995
0 0.625 0.928 0.20399999999999996 0
0 0.982 1.152 0 0.44799999999999984
0 0.2405 0.968 0.05500000000000002 0
0 1.161 0.968 0.05400000000000005 0
0 1.2495 0.968 0.06099999999999994 0
0 0.2223125 1.056 0 0.09600000000000009
0 0.6265000000000001 1.008 0.07700000000000007 0
0 0.8445 1.008 0.29300000000000004 0
0 1.2094999999999998 1.008 0.15900000000000003 0
0 1.451 1.008 0.21199999999999997 0
0 1.0939999999999999 1.048 0.1479999999999999 0
0 0.262 1.088 0.318 0
0 0.6205 1.088 0.19299999999999995 0
0 1.1844999999999999 1.088 0.32899999999999996 0
0 0.4395 1.128 0.09499999999999997 0
0 0.661375 1.0995 0 0.07299999999999995
0 1.0325 1.128 0.14100000000000001 0
0 1.2650000000000001 1.128 0.10799999999999987 0
0 1.34475 1.1105 0 0.050999999999999934
0 1.4495 1.128 0.06700000000000017 0
0 0.70975 0.9555 0 0.42499999999999993
0 0.8305 1.168 0.052999999999999936 0
0 1.029 1.168 0.132 0
0 0.70825 1.2925 0 0.16900000000000004
0 1.201 1.208 0.05400000000000005 0
0 0.5545 1.248 0.32499999999999996 0
0 1.003 1.248 0.07999999999999996 0
0 1.385 1.248 0.06400000000000006 0
0 0.397 1.288 0.055999999999999994 0
0 0.6859999999999999 1.288 0.04599999999999993 0
0 1.369 1.288 0.09600000000000009 0
0 0.46275 1.347 0 0.11799999999999988
0 0.62025 1.3545 0 0.052999999999999936
0 0.665 1.3075 0 0.139
0 1.41825 1.3545 0 0.052999999999999936
0 0.687 1.368 0.59 0
0 1.4395 1.368 0.23499999999999988 0
0 0.103 0.773 0 0.6599999999999999
0 0.223 0.952 0 0.041999999999999926
0 0.263 1.0075 0 0.15300000000000002
0 0.303 0.9765 0 0.09099999999999997
0 0.303 1.0775000000000001 0 0.050999999999999934
0 0.343 0.9765 0 0.09099999999999997
0 0.383 1.3065 0 0.04499999999999993
0 0.423 1.1195 0 0.05699999999999994
0 0.423 1.2645 0 0.04899999999999993
0 0.423 1.3715 0 0.06899999999999995
0 0.463 0.9685 0 0.07099999999999995
0 0.463 1.1195 0 0.08699999999999997
0 0.543 0.591 0 0.36400000000000005
0 0.543 0.9650000000000001 0 0.07399999999999995
0 0.543 1.0895000000000001 0 0.09499999999999997
0 0.543 1.3780000000000001 0 0.05599999999999983
0 0.583 0.962 0 0.06799999999999995
0 0.583 1.1059999999999999 0 0.05999999999999983
0 0.583 1.3780000000000001 0 0.05599999999999983
0 0.703 0.3355 0 0.07900000000000001
0 0.823 0.9764999999999999 0 0.041000000000000036
0 0.863 0.9849999999999999 0 0.04399999999999993
0 1.023 0.7995 0 1.103
0 1.063 0.3035 0 0.11099999999999999
0 1.063 0.5175 0 0.13499999999999995
0 1.063 1.1800000000000002 0 0.09800000000000009
0 1.063 1.3235000000000001 0 0.05499999999999994
0 1.103 0.3205 0 0.14500000000000002
0 1.103 1.3235000000000001 0 0.05700000000000016
0 1.143 0.312 0 0.128
0 1.143 0.95 0 0.041999999999999926
0 1.143 1.0695000000000001 0 0.123
0 1.183 0.34299999999999997 0 0.064
0 1.183 0.477 0 0.055999999999999994
0 1.183 1.0405 0 0.12300000000000011
0 1.223 0.5595 0 0.05499999999999994
0 1.223 1.0125 0 0.16499999999999992
0 1.223 1.3235000000000001 0 0.05700000000000016
0 1.263 0.5575 0 0.06699999999999995
0 1.263 1.014 0 0.16599999999999993
0 1.263 1.3014999999999999 0 0.1010000000000002
0 1.303 1.1125 0 0.05699999999999994
0 1.343 0.355 0 0.21400000000000002
0 1.343 0.613 0 0.06800000000000006
0 1.343 0.8865 0 0.11699999999999999
0 1.343 1.31 0 0.1160000000000001
0 1.463 1.1195 0 0.08699999999999997
0 1.503 0.503 0 0.10800000000000004
0 1.543 0.48150000000000004 0 0.063
0 1.543 0.6285000000000001 0 0.07700000000000007
0 1.543 0.7324999999999999 0 0.06900000000000006
1 1.267 0.548 0.04019950248448356 0.05
1 1.2035 0.968 0.031 0.05
1 0.22265625 1.0175 0.03500675158094507 0.05
1 0.6815 1.008 0.033 0.05
1 0.709 1.188 0.04002811511925087 0.05
1 0.442875 1.323 0.039762576626773065 0.05
1 0.303 1.037 0.03 0.05
1 0.543 1.022 0.04 0.05
1 1.143 0.9895 0.037 0.05
1 1.283 1.0905 0.042059481689626185 0.05
1 1.543 0.6825 0.031 0.05
3 0.46649999999999997 0.5375 0.727 0.579
3 1.1935 0.5375 0.727 0.579
3 0.46649999999999997 1.1164999999999998 0.727 0.579
3 1.1935 1.1164999999999998 0.727 0.579