0 0.1945 0.158 0.267 0
0 0.42225 0.1595 0 0.07700000000000001
0 0.45775 0.393 0 0.55
0 0.194 0.198 0.266 0
0 0.342375 0.42800000000000005 0 0.48000000000000004
0 0.42800000000000005 0.198 0.062 0
0 0.2595 0.238 0.397 0
0 0.578125 0.23349999999999999 0 0.047000000000000014
0 0.262 0.278 0.402 0
0 0.2615 0.318 0.401 0
0 0.2615 0.358 0.401 0
0 0.225 0.398 0.328 0
0 0.621875 0.522 0 0.248
0 0.2095 0.438 0.297 0
0 0.487 0.438 0.07800000000000001 0
0 0.5815 0.47350000000000003 0 0.11300000000000004
0 0.2145 0.478 0.307 0
0 0.549 0.478 0.22200000000000003 0
0 0.2015 0.518 0.281 0
0 0.5375 0.518 0.05899999999999994 0
0 0.6205 0.518 0.041000000000000036 0
0 0.262 0.558 0.402 0
0 0.6094999999999999 0.558 0.05300000000000005 0
0 0.701 0.5895 0 0.07299999999999995
0 0.2275 0.598 0.333 0
0 0.6675 0.598 0.06699999999999995 0
0 0.388 0.638 0.6539999999999999 0
0 0.101 0.393 0 0.55
0 0.141 0.393 0 0.55
0 0.181 0.393 0 0.55
0 0.221 0.393 0 0.55
0 0.261 0.393 0 0.55
0 0.301 0.393 0 0.55
0 0.381 0.299 0 0.17400000000000002
0 0.381 0.5820000000000001 0 0.17200000000000004
0 0.421 0.3005 0 0.145
0 0.421 0.532 0 0.040000000000000036
0 0.541 0.482 0 0.09400000000000003
0 0.541 0.6385000000000001 0 0.05900000000000005
0 0.581 0.6335 0 0.06900000000000006
0 0.661 0.48350000000000004 0 0.056999999999999995
0 0.661 0.6135 0 0.10899999999999999
0 0.701 0.48050000000000004 0 0.05499999999999999
1 0.401625 0.205 0.04356102041963664 0.05
1 0.5835 0.518 0.033 0.05
1 0.635 0.578 0.04004996878900158 0.05
3 0.2245 0.2555 0.327 0.275
3 0.5515 0.2555 0.32699999999999996 0.275
3 0.2245 0.5305 0.327 0.275
3 0.5515 0.5305 0.32699999999999996 0.275