0 0.14350000000000002 0.298 0.05500000000000001 0
0 0.08399999999999999 0.378 0.11399999999999999 0
0 0.236 0.378 0.058000000000000024 0
0 0.30725 0.36650000000000005 0 0.04899999999999999
0 0.2695 0.394 0 0.04799999999999999
0 0.3155 0.458 0.14500000000000002 0
0 0.2345 0.498 0.05700000000000002 0
0 0.105 0.49150000000000005 0 0.046999999999999986
0 0.265 0.5065000000000001 0 0.09700000000000003
0 0.345 0.478 0 0.03999999999999998
1 0.288375 0.3805 0.04319794555300055 0.05
1 0.26725 0.438 0.040252329125157464 0.05
3 0.11725 0.36224999999999996 0.1805 0.1285
3 0.29775 0.36224999999999996 0.18050000000000002 0.1285
3 0.11725 0.49075 0.1805 0.12850000000000006
3 0.29775 0.49075 0.18050000000000002 0.12850000000000006