0 0.03 0.1945 0 0.05099999999999999
0 0.18050000000000002 0.209 0.313 0
0 0.204 0.409 0.064 0
0 0.056999999999999995 0.449 0.066 0
0 0.147375 0.46299999999999997 0 0.09600000000000003
0 0.188 0.47350000000000003 0 0.04899999999999999
0 0.17049999999999998 0.489 0.129 0
0 0.3135 0.489 0.09499999999999997 0
0 0.057499999999999996 0.529 0.065 0
0 0.22321875 0.5965 0 0.139
0 0.27449999999999997 0.609 0.04899999999999999 0
0 0.22050000000000003 0.649 0.11900000000000002 0
0 0.0935 0.689 0.139 0
0 0.27349999999999997 0.689 0.044999999999999984 0
0 0.239 0.729 0.124 0
0 0.064 0.39649999999999996 0 0.044999999999999984
0 0.064 0.5445 0 0.181
0 0.104 0.4205 0 0.09300000000000003
0 0.104 0.5755 0 0.06099999999999994
0 0.184 0.393 0 0.03999999999999998
0 0.224 0.4535 0 0.09300000000000003
0 0.264 0.2145 0 0.04899999999999999
0 0.264 0.6285000000000001 0 0.08500000000000008
0 0.344 0.1975 0 0.08499999999999999
1 0.098 0.469 0.04308131845707603 0.05
1 0.1656875 0.442 0.036679566859492765 0.05
1 0.2505 0.489 0.031 0.05
1 0.152 0.669 0.04004996878900158 0.05
3 0.10825 0.2985 0.1685 0.28700000000000003
3 0.27675 0.2985 0.16849999999999998 0.28700000000000003
3 0.10825 0.5855 0.1685 0.287
3 0.27675 0.5855 0.16849999999999998 0.287