0 0.08650000000000001 0.125 0.145 0
0 0.1235 0.165 0.081 0
0 0.0925 0.285 0.08700000000000001 0
0 0.08850000000000001 0.445 0.149 0
0 0.054 0.394 0 0.174
0 0.094 0.15 0 0.08600000000000001
0 0.094 0.427 0 0.10799999999999998
0 0.134 0.14049999999999999 0 0.06899999999999999
0 0.134 0.2815 0 0.05099999999999999
0 0.174 0.13999999999999999 0 0.06799999999999999
0 0.174 0.35 0 0.045999999999999985
0 0.214 0.191 0 0.064
0 0.214 0.347 0 0.03999999999999998
1 0.154 0.317 0.044721359549995794 0.05
1 0.194 0.1665 0.04272001872658766 0.05
3 0.064 0.19974999999999998 0.1 0.1875
3 0.164 0.19974999999999998 0.09999999999999999 0.1875
3 0.064 0.38725 0.1 0.1875
3 0.164 0.38725 0.09999999999999999 0.1875