0 0.098 0.2425 0 0.08299999999999996
0 0.138 0.25 0 0.07199999999999998
0 0.1025 0.361 0.08499999999999999 0
0 0.094 0.401 0.05199999999999999 0
0 0.1364375 0.4435 0 0.11299999999999999
0 0.0565 0.4465 0 0.04899999999999999
0 0.1335 0.521 0.045 0
0 0.13565625 0.5940000000000001 0 0.12
0 0.7949999999999999 0.641 0.061999999999999944 0
0 0.13565625 0.759 0 0.15599999999999992
0 0.256875 0.7885 0 0.05499999999999994
0 0.47950000000000004 0.761 0.04299999999999998 0
0 0.5425 0.801 0.05699999999999994 0
0 0.256875 0.867 0 0.052000000000000046
0 0.094875 0.9065000000000001 0 0.051000000000000045
0 0.436 0.881 0.08599999999999997 0
0 0.7424999999999999 0.921 0.05500000000000005 0
0 0.7495 0.961 0.051000000000000045 0
0 0.093 1.001 0.07600000000000001 0
0 0.6935 1.045 0 0.09800000000000009
0 0.73375 1.0455 0 0.08900000000000019
0 0.772 1.041 0.10799999999999998 0
0 0.1395 1.101 0 0.040000000000000036
0 0.135 0.9279999999999999 0 0.06799999999999995
0 0.175 0.874 0 0.040000000000000036
0 0.495 0.48350000000000004 0 0.04899999999999999
0 0.495 0.892 0 0.04400000000000004
0 0.575 0.749 0 0.1140000000000001
0 0.615 0.6985 0 0.04499999999999993
0 0.695 0.931 0 0.041999999999999926
0 0.735 0.6845 0 0.040999999999999925
0 0.735 0.9105 0 0.08499999999999996
0 0.775 0.9345 0 0.052999999999999936
0 0.775 1.0285 0 0.04700000000000015
1 0.136046875 0.517 0.03400897457381655 0.05
1 0.13565625 0.6675 0.027 0.05
1 0.155328125 0.8455 0.042859429114985886 0.05
1 0.5075 0.781 0.042059481689626185 0.05
1 0.69425 1.002 0.044025560757360034 0.05
1 0.155 0.908 0.04 0.05
1 0.775 0.983 0.044 0.05
3 0.24775 0.43100000000000005 0.3855 0.46
3 0.63325 0.43100000000000005 0.38549999999999995 0.46
3 0.24775 0.891 0.3855 0.45999999999999996
3 0.63325 0.891 0.38549999999999995 0.45999999999999996