0 0.68825 0.1215 0 0.05499999999999999
0 0.4365 0.134 0.07699999999999996 0
0 0.5955 0.134 0.09899999999999998 0
0 0.4285 0.174 0.063 0
0 0.407 0.1965 0 0.065
0 0.692125 0.20800000000000002 0 0.04600000000000001
0 0.530125 0.243 0 0.04000000000000001
0 0.213125 0.313 0 0.43800000000000006
0 0.40800000000000003 0.334 0.045999999999999985 0
0 0.57325 0.359 0 0.04999999999999999
0 0.6085 0.354 0 0.08200000000000002
0 0.7030000000000001 0.334 0.07199999999999995 0
0 0.634 0.374 0.20999999999999996 0
0 0.33475 0.437 0 0.04600000000000004
0 0.372 0.43500000000000005 0 0.064
0 0.411125 0.452 0 0.09799999999999998
0 0.14250000000000002 0.454 0.151 0
0 0.3615 0.454 0.121 0
0 0.57275 0.493 0 0.07800000000000001
0 0.1285 0.483 0 0.09800000000000003
0 0.5025000000000001 0.494 0.09100000000000003 0
0 0.529 0.448 0 0.16800000000000004
0 0.569 0.133 0 0.07799999999999999
0 0.609 0.14250000000000002 0 0.097
0 0.649 0.162 0 0.136
0 0.729 0.357 0 0.04999999999999999
1 0.6901875 0.167 0.03620794974863946 0.05
3 0.23500000000000001 0.20350000000000001 0.336 0.219
3 0.571 0.20350000000000001 0.33599999999999997 0.219
3 0.23500000000000001 0.4225 0.336 0.21900000000000003
3 0.571 0.4225 0.33599999999999997 0.21900000000000003