0 2.245 0.455 0.2120000000000002 0
0 2.238 0.715 0.2679999999999998 0
0 1.576 0.82 0.25 0
0 0.5445 0.83 0.30899999999999994 0
0 1.945 0.965 0.17399999999999993 0
0 1.998 1.265 0.30200000000000005 0
0 1.3969999999999998 1.405 0.252 0
0 1.023 1.41 0.354 0
0 0.26 0.4635 0 0.5569999999999999
0 0.425 0.4885 0 0.5630000000000001
0 0.795 1.083 0 0.2360000000000001
0 1.345 0.298 0 0.11199999999999999
0 1.535 0.44000000000000006 0 0.20600000000000002
0 1.88 0.547 0 0.23200000000000004
0 1.94 0.312 0 0.246
0 2.69 0.6895 0 0.15700000000000003
0 2.695 0.967 0 0.3779999999999999
0 2.73 1.1995 0 0.119
0 2.84 1.2025000000000001 0 0.2769999999999999
0 1.4005 0.341 0.133 0
0 1.745 0.341 0.08200000000000007 0
0 1.8225 0.341 0.07100000000000017 0
0 1.369 0.365 0.07799999999999985 0
0 2.6470000000000002 1.237 0.11400000000000032 0
0 1.895 1.245 0.06800000000000006 0
0 2.251 1.245 0.16999999999999993 0
0 2.623 1.261 0.07799999999999985 0
0 0.47950000000000004 1.301 0.069 0
0 0.78 1.317 0.06000000000000005 0
0 0.46699999999999997 1.325 0.09400000000000003 0
0 1.3315000000000001 1.381 0.061000000000000165 0
0 1.7770000000000001 1.381 0.05599999999999983 0
0 1.0005 1.389 0.08300000000000007 0
0 0.991 1.397 0.062000000000000055 0
0 0.405 0.3315 0 0.24500000000000002
0 0.405 0.482 0 0.05399999999999999
0 0.421 1.1415 0 0.16100000000000003
0 0.437 1.2850000000000001 0 0.07000000000000006
0 0.789 1.0125 0 0.05699999999999994
0 0.949 1.1444999999999999 0 0.07499999999999996
0 0.949 1.2305000000000001 0 0.09499999999999997
0 1.245 0.575 0 0.06399999999999995
0 1.245 0.642 0 0.06800000000000006
0 1.845 0.27849999999999997 0 0.147
0 1.853 1.2805 0 0.05699999999999994
0 1.869 0.974 0 0.20599999999999996
0 1.877 1.3224999999999998 0 0.139
0 2.325 0.7975 0 0.09299999999999997
0 2.325 0.891 0 0.07800000000000007
0 2.325 1.1179999999999999 0 0.09599999999999986
0 2.325 1.21 0 0.062000000000000055
0 2.405 0.4495 0 0.4590000000000001
0 2.701 0.3215 0 0.211
0 2.717 1.2055 0 0.07299999999999995
0 2.725 0.391 0 0.07200000000000001
1 2.1575 1.255 0.026248809496813377 0.05
1 2.7125 1.148 0.038483762809787714 0.05
1 0.429 1.236 0.0322490309931942 0.05
2 1.576 0.82 0.035 0.05
2 0.493 0.83 0.035 0.05
2 0.596 0.83 0.035 0.05
2 1.397 1.405 0.035 0.05
2 0.964 1.41 0.035 0.05
2 1.082 1.41 0.035 0.05
2 1.535 0.44 0.035 0.05
2 1.94 0.312 0.035 0.05
2 2.695 0.904 0.035 0.05
2 2.695 1.03 0.035 0.05
3 0.905 0.49124999999999996 1.29 0.6125
3 2.195 0.49124999999999996 1.2899999999999998 0.6125
3 0.905 1.10375 1.29 0.6124999999999999
3 2.195 1.10375 1.2899999999999998 0.6124999999999999