0 1.834 0.66 0.15400000000000014 0
0 0.4495 0.665 0.293 0
0 0.5695 0.66 0.17500000000000004 0
0 2.4764999999999997 0.66 0.363 0
0 3.0445 0.66 0.2509999999999999 0
0 1.5394999999999999 0.665 0.393 0
0 0.9884999999999999 0.71 0.16899999999999993 0
0 1.0030000000000001 0.845 0.14200000000000002 0
0 1.133 0.85 0.1160000000000001 0
0 1.1385 0.96 0.127 0
0 1.015 1.015 0.136 0
0 1.495 1.13 0.15800000000000014 0
0 1.113 1.435 0.19200000000000017 0
0 2.038 1.525 0.3779999999999999 0
0 1.488 1.85 0.2759999999999998 0
0 1.5154999999999998 1.885 0.32899999999999996 0
0 0.315 1.3319999999999999 0 0.18799999999999994
0 0.545 0.7035 0 0.21700000000000008
0 0.71 0.7795 0 0.371
0 1.125 2.0755 0 0.399
0 1.235 1.6880000000000002 0 0.31200000000000006
0 1.24 1.8015 0 0.125
0 1.625 1.8255 0 0.17299999999999982
0 1.835 2.0185 0 0.12699999999999978
0 1.885 1.5510000000000002 0 0.1279999999999999
2 1.834 0.66 0.035 0.05
2 0.4495 0.665 0.035 0.05
2 0.5695 0.66 0.035 0.05
2 1.488 1.85 0.035 0.05
2 0.71 0.7176666666666667 0.035 0.05
2 0.71 0.8413333333333333 0.035 0.05
2 1.235 1.636 0.035 0.05
2 1.235 1.74 0.035 0.05
2 1.625 1.8255 0.035 0.05
3 1.01975 1.01425 1.4335 0.8405000000000001
3 2.4532499999999997 1.01425 1.4335 0.8405000000000001
3 1.01975 1.8547500000000001 1.4335 0.8404999999999998
3 2.4532499999999997 1.8547500000000001 1.4335 0.8404999999999998