0 0.10375 0.2435 0 0.10699999999999998
0 0.14425 0.273 0 0.086
0 0.2415 0.23 0.10099999999999998 0
0 0.34 0.2635 0 0.06699999999999998
0 0.33199999999999996 0.27 0.538 0
0 0.6859999999999999 0.27 0.05799999999999994 0
0 0.905 0.27 0.10399999999999998 0
0 0.3365 0.31 0.5469999999999999 0
0 0.6915 0.31 0.06899999999999995 0
0 0.356 0.55 0.04999999999999999 0
0 0.14550000000000002 0.63 0.165 0
0 0.4745 0.63 0.257 0
0 0.7415 0.63 0.16899999999999993 0
0 0.14700000000000002 0.67 0.168 0
0 0.38249999999999995 0.67 0.07300000000000001 0
0 0.757 0.67 0.23399999999999999 0
0 0.155 0.71 0.15600000000000003 0
0 0.384 0.71 0.07600000000000001 0
0 0.5525 0.71 0.08099999999999996 0
0 0.7424999999999999 0.71 0.17099999999999993 0
0 0.38049999999999995 0.75 0.069 0
0 0.56 0.75 0.08999999999999997 0
0 0.7364999999999999 0.75 0.15899999999999992 0
0 0.34650000000000003 0.79 0.059 0
0 0.734 0.79 0.15400000000000003 0
0 0.38049999999999995 0.83 0.069 0
0 0.38349999999999995 0.87 0.07500000000000001 0
0 0.5575 0.87 0.09499999999999997 0
0 0.097 0.9470000000000001 0 0.07399999999999995
0 0.3835 0.9095 0 0.09299999999999997
0 0.425 0.8985000000000001 0 0.07500000000000007
0 0.211 0.99 0.296 0
0 0.235 1.03 0.09399999999999997 0
0 0.1615 1.07 0.067 0
0 0.2665 1.0005000000000002 0 0.139
0 0.3365 1.07 0.044999999999999984 0
0 0.103 0.6619999999999999 0 0.08599999999999997
0 0.103 1.0565 0 0.04300000000000015
0 0.143 0.6615 0 0.09099999999999997
0 0.143 1.049 0 0.05800000000000005
0 0.183 0.659 0 0.07999999999999996
0 0.183 0.969 0 0.04200000000000004
0 0.223 0.2555 0 0.091
0 0.223 0.652 0 0.04200000000000004
0 0.223 1.026 0 0.10400000000000009
0 0.263 0.23750000000000002 0 0.07900000000000001
0 0.303 0.27449999999999997 0 0.16899999999999998
0 0.303 0.9590000000000001 0 0.061999999999999944
0 0.343 0.792 0 0.051999999999999935
0 0.343 1.0235 0 0.1090000000000001
0 0.383 0.28600000000000003 0 0.06
0 0.383 0.731 0 0.21999999999999997
0 0.423 0.28600000000000003 0 0.06
0 0.463 0.2875 0 0.056999999999999995
0 0.503 0.27749999999999997 0 0.04299999999999998
0 0.543 0.28300000000000003 0 0.05399999999999999
0 0.543 0.641 0 0.040000000000000036
0 0.543 0.7235 0 0.06500000000000006
0 0.583 0.29800000000000004 0 0.21600000000000003
0 0.583 0.5755 0 0.04899999999999993
0 0.583 0.6845 0 0.06899999999999995
0 0.583 0.8819999999999999 0 0.12
0 0.583 1.012 0 0.052000000000000046
0 0.663 0.6705000000000001 0 0.8150000000000001
0 0.703 0.29200000000000004 0 0.057999999999999996
0 0.703 0.6835 0 0.129
0 0.743 0.6944999999999999 0 0.257
0 0.783 0.6930000000000001 0 0.14800000000000002
0 0.823 0.7184999999999999 0 0.20899999999999996
0 0.903 0.5880000000000001 0 0.09399999999999997
0 0.943 0.7689999999999999 0 0.09799999999999998
1 0.36325 0.9625 0.04253527947480773 0.05
1 0.205 1.05 0.040607881008493905 0.05
1 0.203 0.982 0.04308131845707603 0.05
1 0.543 0.676 0.03 0.05
1 0.583 0.964 0.044 0.05
3 0.2865 0.41200000000000003 0.447 0.444
3 0.7335 0.41200000000000003 0.44699999999999995 0.444
3 0.2865 0.8560000000000001 0.447 0.44400000000000006
3 0.7335 0.8560000000000001 0.44699999999999995 0.44400000000000006