0 1.1030000000000002 0.223 0.04200000000000004 0
0 1.5785 0.223 0.4209999999999998 0
0 0.445 0.263 0.61 0
0 0.921 0.263 0.19800000000000006 0
0 1.9455 0.263 0.32099999999999995 0
0 0.14 0.415 0 0.32999999999999996
0 0.4285 0.278 0 0.04999999999999999
0 0.9789999999999999 0.303 0.051999999999999935 0
0 0.984 0.343 0.06599999999999995 0
0 0.9789999999999999 0.383 0.051999999999999935 0
0 0.998 0.423 0.041999999999999926 0
0 0.698 0.503 0.05599999999999994 0
0 0.998 0.503 0.041999999999999926 0
0 0.648 0.543 0.052000000000000046 0
0 1.38075 0.534 0 0.052000000000000046
0 0.641 0.583 0.08000000000000007 0
0 1.001 0.583 0.04200000000000004 0
0 0.5705 0.623 0.21700000000000003 0
0 1.246 0.623 0.242 0
0 0.5275 0.663 0.13099999999999995 0
0 0.6465000000000001 0.663 0.04300000000000004 0
0 0.1815 0.7015 0 0.052999999999999936
0 0.5165 0.703 0.10899999999999993 0
0 0.998 0.703 0.041999999999999926 0
0 0.246 0.743 0.21199999999999997 0
0 0.5155 0.743 0.10699999999999993 0
0 0.9969999999999999 0.743 0.039999999999999925 0
0 1.111 0.743 0.05799999999999983 0
0 2.06125 0.8009999999999999 0 0.11599999999999999
0 0.5405 0.783 0.15699999999999997 0
0 0.998 0.783 0.041999999999999926 0
0 1.108 0.783 0.051999999999999824 0
0 1.9801875 0.8195 0 0.15100000000000002
0 0.1425 0.9309999999999999 0 0.21599999999999997
0 0.516 0.823 0.178 0
0 0.9969999999999999 0.823 0.039999999999999925 0
0 1.108 0.823 0.051999999999999824 0
0 1.78125 0.8255 0 0.06299999999999994
0 0.4585 0.939 0 0.19999999999999996
0 1.1675 0.863 0.040999999999999925 0
0 1.4995 0.9424999999999999 0 0.19299999999999995
0 1.6635 0.943 0.21300000000000008 0
0 1.9615 0.943 0.10499999999999976 0
0 1.178 0.983 0.04800000000000004 0
0 1.7755 0.983 0.04299999999999993 0
0 0.1645 1.023 0.04899999999999999 0
0 1.6019999999999999 1.023 0.09000000000000008 0
0 0.18 0.275 0 0.043999999999999984
0 0.26 0.27249999999999996 0 0.044999999999999984
0 0.3 0.271 0 0.04199999999999998
0 0.3 0.9495 0 0.04499999999999993
0 0.54 0.274 0 0.04199999999999998
0 0.54 0.796 0 0.07599999999999996
0 0.54 0.9495 0 0.04899999999999993
0 0.58 0.275 0 0.043999999999999984
0 0.58 0.735 0 0.22999999999999998
0 0.62 0.276 0 0.045999999999999985
0 0.62 0.6040000000000001 0 0.11599999999999999
0 0.62 0.7689999999999999 0 0.09799999999999998
0 0.66 0.27449999999999997 0 0.04299999999999998
0 0.66 0.5845 0 0.135
0 0.78 0.276 0 0.04199999999999998
0 0.82 0.26449999999999996 0 0.046999999999999986
0 0.86 0.276 0 0.04199999999999998
0 0.94 0.276 0 0.04199999999999998
0 0.98 0.647 0 0.7839999999999999
0 1.02 0.4615 0 0.41300000000000003
0 1.02 0.7635 0 0.11499999999999999
0 1.14 0.63 0 0.04400000000000004
0 1.14 0.8355 0 0.04899999999999993
0 1.18 0.9424999999999999 0 0.19299999999999995
0 1.22 0.6779999999999999 0 0.039999999999999925
0 1.26 0.6759999999999999 0 0.039999999999999925
0 1.34 0.427 0 0.358
0 1.38 0.2165 0 0.046999999999999986
0 1.38 0.7424999999999999 0 0.049000000000000044
0 1.5 0.3405 0 0.046999999999999986
0 1.74 0.9195 0 0.040999999999999925
0 1.78 0.2245 0 0.04299999999999998
0 1.82 0.264 0 0.04199999999999998
0 1.9 0.345 0 0.04199999999999998
0 1.9 0.8005 0 0.11299999999999999
0 1.94 0.959 0 0.040000000000000036
0 2.1 0.45 0 0.4
1 1.787 0.243 0.04019950248448356 0.05
1 0.674 0.523 0.04019950248448356 0.05
1 0.609 0.663 0.032 0.05
1 1.1405 0.843 0.042059481689626185 0.05
1 1.762 0.963 0.04308131845707603 0.05
1 1.02 0.687 0.038 0.05
1 1.36 0.3995 0.040792156108742275 0.05
3 0.6315 0.40449999999999997 0.983 0.423
3 1.6145 0.40449999999999997 0.9829999999999999 0.423
3 0.6315 0.8274999999999999 0.983 0.42299999999999993
3 1.6145 0.8274999999999999 0.9829999999999999 0.42299999999999993