0 0.22849999999999998 0.305 0.261 0
0 0.36 0.99 0.21000000000000002 0
0 0.495 0.2715 0 0.447
0 0.135 0.261 0.07200000000000001 0
0 0.136 0.285 0.07399999999999998 0
0 0.135 0.309 0.07200000000000001 0
0 0.47550000000000003 0.309 0.08500000000000002 0
0 0.21500000000000002 0.773 0.232 0
0 0.1775 0.973 0.157 0
0 0.483 0.989 0.07 0
0 0.22199999999999998 0.997 0.24599999999999997 0
0 0.325 0.966 0 0.09199999999999997
2 0.2285 0.305 0.035 0.05
3 0.203 0.28900000000000003 0.21 0.48200000000000004
3 0.41300000000000003 0.28900000000000003 0.21000000000000002 0.48200000000000004
3 0.203 0.771 0.21 0.482
3 0.41300000000000003 0.771 0.21000000000000002 0.482