0 0.9655 0.278 0 0.055999999999999994
0 0.20400000000000001 0.29 0.12600000000000003 0
0 0.7384999999999999 0.29 0.20899999999999996 0
0 1.013 0.29 0.11199999999999999 0
0 1.2555 0.45 0.09699999999999998 0
0 0.229 0.49 0.07600000000000001 0
0 0.6225 0.49 0.09900000000000009 0
0 1.0485 0.49 0.07900000000000018 0
0 1.131 0.48350000000000004 0 0.061
0 1.2894999999999999 0.49 0.050999999999999934 0
0 0.229 0.53 0.07600000000000001 0
0 1.0485 0.53 0.07900000000000018 0
0 1.2955 0.53 0.06299999999999994 0
0 0.228 0.57 0.07400000000000001 0
0 0.6095 0.5715 0 0.10099999999999998
0 1.0474999999999999 0.57 0.07700000000000018 0
0 0.228 0.61 0.07400000000000001 0
0 0.617 0.61 0.08800000000000008 0
0 1.0474999999999999 0.61 0.07700000000000018 0
0 0.254 0.65 0.126 0
0 1.076 0.65 0.13400000000000012 0
0 0.229 0.69 0.07600000000000001 0
0 0.6095 0.6930000000000001 0 0.07599999999999996
0 0.7384999999999999 0.69 0.20899999999999996 0
0 1.0485 0.69 0.07900000000000018 0
0 1.12975 0.7945 0 0.30099999999999993
0 1.2705 0.69 0.04499999999999993 0
0 0.632 0.73 0.05400000000000005 0
0 1.171875 0.7284999999999999 0 0.06500000000000006
0 1.308 0.73 0.08800000000000008 0
0 0.6755 0.77 0.20500000000000007 0
0 0.253 0.81 0.04600000000000001 0
0 0.6905 0.81 0.16300000000000003 0
0 1.0815000000000001 0.81 0.06299999999999994 0
0 0.294 0.85 0.12799999999999997 0
0 0.6484375 0.6535 0 0.887
0 0.965 0.878 0 0.05600000000000005
0 1.1115 0.85 0.123 0
0 0.203 0.89 0.128 0
0 1.0695 0.89 0.22499999999999998 0
0 0.374 0.9259999999999999 0 0.051999999999999935
0 0.411375 0.9259999999999999 0 0.051999999999999935
0 0.7030000000000001 0.93 0.138 0
0 0.28975 0.9974999999999999 0 0.06299999999999994
0 0.378 0.995 0 0.050000000000000044
0 0.4135 0.9984999999999999 0 0.05699999999999994
0 0.7110000000000001 0.97 0.15400000000000003 0
0 1.0725 0.97 0.04499999999999993 0
0 0.386 1.01 0.31200000000000006 0
0 0.6455 1.01 0.06300000000000006 0
0 1.201 1.01 0.30200000000000005 0
0 0.6375 1.05 0.04300000000000004 0
0 0.687 1.0615 0 0.05300000000000016
0 0.72625 1.0735000000000001 0 0.04699999999999993
0 0.7384999999999999 1.09 0.20899999999999996 0
0 0.21 0.5894999999999999 0 0.21099999999999997
0 0.25 0.6535 0 0.887
0 0.33 0.7785 0 0.061000000000000054
0 0.57 0.9755 0 0.06900000000000006
0 0.69 0.7885 0 0.05899999999999994
0 0.69 0.9355 0 0.11499999999999999
0 0.73 0.7905 0 0.06299999999999994
0 0.73 0.9265 0 0.04299999999999993
0 1.01 0.5894999999999999 0 0.20099999999999996
0 1.05 0.6515 0 0.883
0 1.29 0.6955 0 0.07299999999999995
0 1.33 0.48550000000000004 0 0.065
0 1.33 0.7110000000000001 0 0.04799999999999993
1 0.6095 0.6385 0.033 0.05
1 0.39375 0.961 0.04340794858087629 0.05
1 0.6885 0.983 0.0421070065428546 0.05
3 0.44225000000000003 0.43174999999999997 0.6065 0.4435
3 1.04875 0.43174999999999997 0.6065 0.4435
3 0.44225000000000003 0.87525 0.6065 0.4435
3 1.04875 0.87525 0.6065 0.4435