0 0.236125 0.39549999999999996 0 0.05099999999999999
0 0.367 0.548 0.055999999999999994 0
0 0.472 0.548 0.057999999999999996 0
0 0.20400000000000001 0.628 0.058000000000000024 0
0 0.234125 0.7989999999999999 0 0.08599999999999997
0 0.3125 0.783 0 0.05400000000000005
0 0.4195 0.828 0.08700000000000002 0
0 0.273 0.7855 0 0.05899999999999994
0 0.393 0.7989999999999999 0 0.08599999999999997
0 0.473 0.5695 0 0.04699999999999993
0 0.473 0.753 0 0.040000000000000036
3 0.2565 0.488 0.16300000000000003 0.236
3 0.4195 0.488 0.16299999999999998 0.236
3 0.2565 0.724 0.16300000000000003 0.236
3 0.4195 0.724 0.16299999999999998 0.236