0 0.09675 0.5405 0 0.675
0 0.41675 0.3105 0 0.21499999999999997
0 0.513 0.283 0.052000000000000046 0
0 0.624 0.283 0.08400000000000007 0
0 0.4495 0.323 0.07300000000000001 0
0 0.6225 0.323 0.05700000000000005 0
0 1.1015000000000001 0.323 0.04299999999999993 0
0 0.626 0.363 0.06800000000000006 0
0 0.57775 0.38 0 0.04600000000000004
0 0.119 0.443 0.04799999999999999 0
0 0.29175 0.47250000000000003 0 0.08300000000000002
0 0.3435 0.474 0 0.062
0 0.74225 0.471 0 0.055999999999999994
0 0.219125 0.48750000000000004 0 0.046999999999999986
0 0.66125 0.5675 0 0.16900000000000004
0 1.29575 0.6895 0 0.389
0 0.572875 0.71 0 0.05399999999999994
0 0.176625 0.7355 0 0.06300000000000006
0 0.542 0.723 0.04599999999999993 0
0 0.3225 0.763 0.05299999999999999 0
0 0.57225 0.7905 0 0.05499999999999994
0 0.30100000000000005 0.803 0.045999999999999985 0
0 0.29600000000000004 0.843 0.07 0
0 0.5725 0.883 0.04299999999999993 0
0 0.65175 0.8105 0 0.14500000000000002
0 0.7270000000000001 0.883 0.08999999999999997 0
0 1.0945 0.883 0.040999999999999925 0
0 0.695 0.9955 0 0.2530000000000001
0 0.6819999999999999 1.003 0.07399999999999995 0
0 0.7335 1.0635 0 0.07899999999999996
0 0.6795 1.123 0.07899999999999996 0
0 0.135 0.471 0 0.08400000000000002
0 0.255 0.608 0 0.05600000000000005
0 0.295 0.81 0 0.05599999999999994
0 0.335 0.766 0 0.06600000000000006
0 0.375 0.748 0 0.040000000000000036
0 0.415 0.855 0 0.06600000000000006
0 0.455 0.7555000000000001 0 0.04700000000000004
0 0.495 0.8385 0 0.08299999999999996
0 0.655 0.36050000000000004 0 0.08100000000000002
0 0.735 0.9195 0 0.08099999999999996
0 0.815 0.46599999999999997 0 0.09600000000000003
0 0.815 0.893 0 0.050000000000000044
0 0.895 0.48750000000000004 0 0.04099999999999998
0 1.095 0.49 0 0.045999999999999985
0 1.095 0.8585 0 0.051000000000000045
0 1.135 0.518 0 0.04600000000000004
0 1.135 0.862 0 0.04800000000000004
1 0.5605 0.283 0.043 0.05
1 0.476 0.303 0.04001249804748511 0.05
1 0.5725625 0.75 0.026007510934343565 0.05
1 0.315 0.7855 0.04346262762420146 0.05
1 0.475 0.788 0.043863424398922615 0.05
1 1.115 0.504 0.043863424398922615 0.05
3 0.39518749999999997 0.43300000000000005 0.600375 0.46
3 0.9955624999999999 0.43300000000000005 0.600375 0.46
3 0.39518749999999997 0.893 0.600375 0.45999999999999996
3 0.9955624999999999 0.893 0.600375 0.45999999999999996