0 0.255 0.147 0.21 0
0 0.30371875 0.244 0 0.134
0 0.261 0.267 0.053999999999999965 0
0 0.32099999999999995 0.347 0.07800000000000001 0
0 0.22625 0.41600000000000004 0 0.057999999999999996
0 0.187125 0.4085 0 0.08900000000000002
0 0.1975 0.467 0.089 0
0 0.3005 0.467 0.05299999999999999 0
0 0.0925 0.507 0.045 0
0 0.22625 0.5105 0 0.07100000000000006
0 0.302625 0.55 0 0.122
0 0.261625 0.556 0 0.04999999999999993
0 0.317 0.587 0.08599999999999997 0
0 0.184 0.223 0 0.07800000000000001
0 0.224 0.131 0 0.041999999999999996
0 0.344 0.1555 0 0.063
1 0.323859375 0.2175 0.04150396488966446 0.05
1 0.22625 0.46 0.03 0.05
1 0.2439375 0.5385 0.03842382886959601 0.05
3 0.14250000000000002 0.23525 0.145 0.2505
3 0.2875 0.23525 0.145 0.2505
3 0.14250000000000002 0.48575 0.145 0.2505
3 0.2875 0.48575 0.145 0.2505