0 0.392375 0.29100000000000004 0 0.07
0 0.71525 0.28049999999999997 0 0.04899999999999999
0 0.75425 0.28200000000000003 0 0.05199999999999999
0 0.993125 0.28200000000000003 0 0.05199999999999999
0 1.47825 0.281 0 0.04999999999999999
0 1.64125 0.27649999999999997 0 0.04099999999999998
0 0.4245 0.296 0.48100000000000004 0
0 0.8895 0.296 0.273 0
0 1.5275 0.296 0.379 0
0 0.39 0.336 0.05199999999999999 0
0 0.4745 0.361 0 0.16999999999999998
0 1.43525 0.36150000000000004 0 0.05099999999999999
0 0.398 0.376 0.05199999999999999 0
0 0.873 0.399 0 0.08000000000000002
0 1.04175 0.47250000000000003 0 0.393
0 0.222 0.416 0.07400000000000001 0
0 0.59575 0.41500000000000004 0 0.04199999999999998
0 0.63375 0.515 0 0.478
0 0.3135 0.528 0 0.06400000000000006
0 0.23 0.536 0.09000000000000002 0
0 0.21050000000000002 0.576 0.093 0
0 0.473921875 0.8174999999999999 0 0.4029999999999999
0 1.234875 0.6425 0 0.10899999999999999
0 1.27525 0.8049999999999999 0 0.378
0 1.687 0.616 0.06000000000000005 0
0 0.16 0.656 0.08999999999999998 0
0 0.27325 0.6565 0 0.07699999999999996
0 0.5915 0.656 0.297 0
0 1.0590000000000002 0.656 0.1100000000000001 0
0 1.2890000000000001 0.656 0.1100000000000001 0
0 0.115 0.685 0 0.09399999999999997
0 0.3525 0.6745 0 0.04299999999999993
0 0.5105 0.6745 0 0.04299999999999993
0 0.5533125 0.7505 0 0.1090000000000001
0 0.6555 0.696 0.09499999999999997 0
0 1.19475 0.698 0 0.04599999999999993
0 1.59340625 0.8780000000000001 0 0.44000000000000006
0 0.43625 0.763 0 0.05400000000000005
0 0.6134999999999999 0.736 0.07100000000000006 0
0 0.46299999999999997 0.776 0.068 0
0 0.874125 0.7935 0 0.08699999999999997
0 1.154 0.776 0.05999999999999983 0
0 1.6760000000000002 0.776 0.08200000000000007 0
0 0.46599999999999997 0.816 0.045999999999999985 0
0 0.5556875 0.8594999999999999 0 0.08700000000000008
0 1.471375 0.833 0 0.05599999999999994
0 0.5956875 0.874 0 0.05800000000000005
0 1.3945 0.8795 0 0.04700000000000004
0 0.542 0.896 0.10599999999999998 0
0 1.2715 0.896 0.04100000000000015 0
0 1.6345 0.896 0.11299999999999999 0
0 0.47750000000000004 0.936 0.069 0
0 0.5548125 0.9795 0 0.08699999999999986
0 0.59496875 0.9795 0 0.08699999999999986
0 1.6345 0.976 0.10899999999999999 0
0 1.3780000000000001 1.016 0.039999999999999813 0
0 0.115 1.0685 0 0.07500000000000018
0 1.47625 1.0785 0 0.04499999999999993
0 1.518125 1.071 0 0.04800000000000004
0 0.252 1.096 0.27 0
0 0.9225 1.096 0.381 0
0 1.4169999999999998 1.096 0.32800000000000007 0
0 1.697 1.096 0.040000000000000036 0
0 0.19175 1.1135 0 0.04499999999999993
0 0.9495 1.1135 0 0.04499999999999993
0 1.036 1.136 0.06400000000000006 0
0 1.6695 1.176 0.051000000000000156 0
0 0.351875 1.213 0 0.08399999999999985
0 0.79575 1.2355 0 0.08899999999999997
0 1.03725 1.2730000000000001 0 0.3640000000000001
0 0.31825 1.2774999999999999 0 0.04299999999999993
0 1.3315000000000001 1.256 0.04100000000000015 0
0 0.2865 1.296 0.199 0
0 0.715375 1.2915 0 0.05700000000000016
0 0.8905 1.336 0.15100000000000002 0
0 0.27375 1.425 0 0.06000000000000005
0 0.39425 1.425 0 0.06000000000000005
0 0.5529999999999999 1.416 0.11399999999999999 0
0 0.194 0.3095 0 0.067
0 0.194 0.47200000000000003 0 0.16600000000000004
0 0.194 0.634 0 0.062000000000000055
0 0.194 1.2765 0 0.127
0 0.234 0.28300000000000003 0 0.05399999999999999
0 0.354 1.1195 0 0.05699999999999994
0 0.354 1.3815 0 0.09099999999999997
0 0.394 0.422 0 0.12
0 0.394 1.2315 0 0.040999999999999925
0 0.514 0.3645 0 0.041000000000000036
0 0.514 0.5465 0 0.07699999999999996
0 0.554 0.28600000000000003 0 0.043999999999999984
0 0.594 0.6305000000000001 0 0.049000000000000044
0 0.594 0.7845 0 0.06899999999999995
0 0.674 0.28300000000000003 0 0.05399999999999999
0 0.674 0.6745 0 0.04299999999999993
0 0.714 1.1360000000000001 0 0.04799999999999982
0 0.794 0.27849999999999997 0 0.044999999999999984
0 0.874 1.119 0 0.05600000000000005
0 0.954 0.2825 0 0.05099999999999999
0 1.114 0.69 0 0.10399999999999998
0 1.114 1.0655000000000001 0 0.09899999999999998
0 1.154 0.8595 0 0.14500000000000002
0 1.154 1.0295 0 0.07499999999999996
0 1.274 1.065 0 0.07200000000000006
0 1.354 0.467 0 0.38
0 1.354 1.2705000000000002 0 0.369
0 1.434 1.0790000000000002 0 0.04600000000000004
0 1.554 1.0779999999999998 0 0.04200000000000004
0 1.674 0.6305000000000001 0 0.049000000000000044
0 1.714 0.312 0 0.06599999999999995
0 1.714 0.692 0 0.06799999999999995
1 0.3931875 0.344 0.03603665668454831 0.05
1 0.613875 0.752 0.03995075093161579 0.05
1 1.274625 1.0115 0.035022314315304746 0.05
1 0.53190625 0.696 0.0428125 0.05
1 0.55525 0.9195 0.033011598340583266 0.05
1 0.57484375 0.8265 0.038429775646625884 0.05
1 0.3350625 1.2555 0.03363986660199472 0.05
1 1.694 0.6565 0.04011234224026316 0.05
3 0.5155000000000001 0.55575 0.801 0.5995
3 1.3165 0.55575 0.801 0.5995
3 0.5155000000000001 1.15525 0.801 0.5995
3 1.3165 1.15525 0.801 0.5995