0 0.46 0.143 0 0.06399999999999999
0 0.49275 0.1485 0 0.075
0 0.533875 0.1495 0 0.077
0 0.6910625 0.183 0 0.14400000000000002
0 0.1795 0.151 0.047000000000000014 0
0 0.10949999999999999 0.191 0.077 0
0 0.534 0.191 0.06999999999999995 0
0 0.103 0.231 0.096 0
0 0.34099999999999997 0.231 0.07800000000000001 0
0 0.605 0.231 0.10599999999999998 0
0 0.729 0.231 0.07800000000000007 0
0 0.23199999999999998 0.271 0.252 0
0 0.321 0.311 0.07999999999999996 0
0 0.1365 0.351 0.05900000000000001 0
0 0.36925 0.279 0 0.202
0 0.5325 0.351 0.06499999999999995 0
0 0.268 0.391 0.324 0
0 0.5355 0.391 0.08299999999999996 0
0 0.134 0.471 0.05600000000000001 0
0 0.53175 0.48650000000000004 0 0.07900000000000001
0 0.642 0.471 0.062000000000000055 0
0 0.134 0.511 0.05600000000000001 0
0 0.486 0.511 0.064 0
0 0.61225 0.48650000000000004 0 0.07900000000000001
0 0.69925 0.479 0 0.064
0 0.16575 0.5275000000000001 0 0.04700000000000004
0 0.138 0.591 0.06400000000000002 0
0 0.37025 0.5535 0 0.15500000000000003
0 0.091 0.2215 0 0.046999999999999986
0 0.131 0.28800000000000003 0 0.04199999999999998
0 0.131 0.379 0 0.05400000000000005
0 0.131 0.492 0 0.08200000000000002
0 0.131 0.604 0 0.05400000000000005
0 0.171 0.182 0 0.064
0 0.171 0.42000000000000004 0 0.07
0 0.251 0.40049999999999997 0 0.046999999999999986
0 0.331 0.262 0 0.16799999999999998
0 0.331 0.562 0 0.08399999999999996
0 0.451 0.5055000000000001 0 0.04500000000000004
0 0.451 0.599 0 0.06400000000000006
0 0.531 0.35750000000000004 0 0.05099999999999999
0 0.571 0.21250000000000002 0 0.087
0 0.571 0.374 0 0.04600000000000004
0 0.571 0.5965 0 0.06899999999999995
0 0.611 0.21200000000000002 0 0.086
0 0.651 0.528 0 0.16199999999999998
1 0.5524375 0.1785 0.04170450365368229 0.05
1 0.137 0.171 0.040792156108742275 0.05
1 0.674 0.231 0.032 0.05
1 0.148375 0.564 0.04340002880183376 0.05
1 0.131 0.3305 0.043 0.05
1 0.151 0.459 0.04019950248448356 0.05
1 0.451 0.5475 0.039 0.05
3 0.23324999999999999 0.241 0.3565 0.26
3 0.58975 0.241 0.35650000000000004 0.26
3 0.23324999999999999 0.501 0.3565 0.26
3 0.58975 0.501 0.35650000000000004 0.26