0 0.08025 0.126 0 0.039999999999999994
0 0.397 0.16449999999999998 0 0.04300000000000001
0 0.07425 0.344 0 0.262
0 0.317375 0.4325 0 0.069
0 0.516125 0.4185 0 0.04899999999999999
0 0.0985 0.466 0.111 0
0 0.39725 0.5195 0 0.11699999999999994
0 0.32 0.5545 0 0.052999999999999936
0 0.516375 0.565 0 0.07799999999999996
0 0.2895 0.586 0.04099999999999998 0
0 0.557 0.159 0 0.043999999999999984
0 0.557 0.475 0 0.07800000000000001
1 0.5365625 0.4395 0.041470056968854044 0.05
1 0.5366875 0.52 0.042360248169716855 0.05
3 0.17149999999999999 0.23049999999999998 0.257 0.249
3 0.4285 0.23049999999999998 0.25700000000000006 0.249
3 0.17149999999999999 0.4795 0.257 0.249
3 0.4285 0.4795 0.25700000000000006 0.249