0 0.212 0.23 0.055999999999999994 0
0 0.4418125 0.387 0 0.31400000000000006
0 0.258 0.27 0.28200000000000003 0
0 0.5835 0.27 0.123 0
0 0.48 0.38549999999999995 0 0.04299999999999998
0 0.242625 0.41900000000000004 0 0.03999999999999998
0 0.117 0.47 0.096 0
0 0.28125 0.4905 0 0.041000000000000036
0 0.0935 0.51 0.04899999999999999 0
0 0.563 0.55 0.07399999999999995 0
0 0.192 0.59 0.07600000000000001 0
0 0.2905 0.59 0.044999999999999984 0
0 0.402 0.6275 0 0.05500000000000005
0 0.094 0.67 0.04999999999999999 0
0 0.1985 0.67 0.08499999999999999 0
0 0.48375 0.696 0 0.07999999999999996
0 0.60925 0.626 0 0.16799999999999993
0 0.0435 0.8035 0 0.10099999999999998
0 0.122 0.8035 0 0.052999999999999936
0 0.46699999999999997 0.83 0.07200000000000001 0
0 0.083 0.502 0 0.704
0 0.123 0.45699999999999996 0 0.07200000000000001
0 0.123 0.558 0 0.06999999999999995
0 0.203 0.2555 0 0.10499999999999998
0 0.243 0.2495 0 0.05300000000000002
0 0.283 0.16999999999999998 0 0.04000000000000001
0 0.283 0.25 0 0.05400000000000002
0 0.403 0.187 0 0.043999999999999984
0 0.523 0.5685 0 0.04899999999999993
0 0.603 0.2315 0 0.07700000000000001
0 0.643 0.262 0 0.14
0 0.643 0.5725 0 0.06099999999999994
0 0.643 0.6865 0 0.09899999999999998
1 0.42240625 0.3545 0.04412947038261393 0.05
1 0.249 0.59 0.038 0.05
1 0.1375 0.67 0.037 0.05
1 0.123 0.508 0.03 0.05
1 0.283 0.2065 0.033 0.05
1 0.643 0.62 0.034 0.05
3 0.193875 0.326 0.30075 0.352
3 0.494625 0.326 0.30075 0.352
3 0.193875 0.6779999999999999 0.30075 0.352
3 0.494625 0.6779999999999999 0.30075 0.352