0 0.34 0.628 0 0.1160000000000001
0 0.37875 0.7195 0 0.29900000000000004
0 0.5469999999999999 0.585 0.07599999999999996 0
0 0.7030000000000001 0.585 0.06799999999999995 0
0 0.3125 0.625 0.04300000000000004 0
0 0.782 0.625 0.11399999999999999 0
0 0.3265 0.665 0.09099999999999997 0
0 0.5455 0.665 0.07299999999999995 0
0 0.3315 0.705 0.08100000000000002 0
0 0.3355 0.745 0.08900000000000002 0
0 0.5415 0.745 0.05899999999999994 0
0 0.32999999999999996 0.785 0.07800000000000001 0
0 0.5006875 0.827 0 0.08399999999999996
0 0.388 0.865 0.21399999999999997 0
0 0.8275 0.865 0.11499999999999999 0
0 0.3115 0.905 0.041000000000000036 0
0 0.436 0.905 0.08599999999999997 0
0 0.8315 0.905 0.10699999999999998 0
0 0.518 0.945 0.07800000000000007 0
0 0.514 0.985 0.07000000000000006 0
0 0.4995 0.9964999999999999 0 0.10300000000000009
0 0.569 1.025 0.05399999999999994 0
0 0.747 1.025 0.09600000000000009 0
0 0.5365 1.1720000000000002 0 0.10799999999999987
0 0.6255 1.145 0.06500000000000006 0
0 0.808 1.145 0.05399999999999994 0
0 0.6645 1.2055 0 0.040999999999999925
0 0.724 1.185 0.04400000000000004 0
0 0.833 1.185 0.10399999999999998 0
0 0.5940000000000001 1.225 0.124 0
0 0.7025 1.2315 0 0.07499999999999996
0 0.8305 1.225 0.10899999999999999 0
0 0.8305 1.265 0.10899999999999999 0
0 0.33399999999999996 1.305 0.08000000000000002 0
0 0.6645 1.3365 0 0.06300000000000017
0 0.8105 1.305 0.06899999999999995 0
0 0.35 1.345 0.118 0
0 0.706 1.345 0.358 0
0 0.337375 1.353 0 0.1299999999999999
0 0.619 1.443 0 0.23399999999999999
0 0.7170000000000001 1.385 0.05999999999999994 0
0 0.779 1.3895 0 0.11299999999999999
0 0.6395 1.505 0.06300000000000006 0
0 0.70075 1.5225 0 0.07499999999999996
0 0.779 1.5390000000000001 0 0.04200000000000004
0 0.5880000000000001 1.785 0.05999999999999994 0
0 0.8315 1.785 0.04699999999999993 0
0 0.377625 1.846 0 0.04200000000000004
0 0.8165 1.905 0.05699999999999994 0
0 0.299 0.8694999999999999 0 0.959
0 0.339 0.7475 0 0.051000000000000045
0 0.339 0.9295 0 0.04499999999999993
0 0.379 1.3225 0 0.06499999999999995
0 0.419 0.8475 0 0.11299999999999999
0 0.459 0.8285 0 0.07499999999999996
0 0.539 0.6579999999999999 0 0.17600000000000005
0 0.539 1.347 0 0.04200000000000004
0 0.579 0.7304999999999999 0 0.08300000000000007
0 0.579 1.347 0 0.04200000000000004
0 0.619 1.2334999999999998 0 0.07499999999999996
0 0.739 1.2095 0 0.07699999999999996
0 0.739 1.3635 0 0.04499999999999993
0 0.739 1.5225 0 0.07499999999999996
0 0.779 0.869 0 0.29800000000000004
0 0.779 1.2515 0 0.11099999999999999
0 0.819 0.884 0 0.06000000000000005
0 0.819 1.2735 0 0.18900000000000006
0 0.819 1.5225 0 0.07499999999999996
0 0.859 1.268 0 0.17399999999999993
0 0.859 1.52 0 0.06999999999999984
0 0.859 1.827 0 0.04400000000000004
1 0.3395 0.704 0.036013886210738214 0.05
1 0.731 0.605 0.0417612260356422 0.05
1 0.479 0.925 0.04 0.05
1 0.5455 1.005 0.040607881008493905 0.05
1 0.7635 1.185 0.035 0.05
1 0.779 1.321 0.026 0.05
3 0.432 0.76875 0.30199999999999994 0.7575
3 0.734 0.76875 0.30200000000000005 0.7575
3 0.432 1.52625 0.30199999999999994 0.7575000000000001
3 0.734 1.52625 0.30200000000000005 0.7575000000000001