0 1.856125 0.511 0 0.29200000000000004
0 2.577875 0.43700000000000006 0 0.19
0 2.6425 0.378 0.04899999999999993 0
0 2.697875 0.3895 0 0.09499999999999997
0 2.7745 0.382 0 0.08799999999999997
0 2.97875 0.41200000000000003 0 0.13999999999999996
0 0.5840000000000001 0.418 0.07999999999999996 0
0 2.0945 0.418 0.057000000000000384 0
0 2.22 0.418 0.05600000000000005 0
0 2.4939999999999998 0.418 0.055999999999999606 0
0 2.6635 0.418 0.10499999999999998 0
0 2.9395 0.418 0.04899999999999993 0
0 0.26475 0.482 0 0.04799999999999999
0 1.113 0.458 0.20199999999999996 0
0 1.6225 0.458 0.07099999999999995 0
0 2.2640000000000002 0.458 0.04400000000000004 0
0 2.5135 0.458 0.15500000000000025 0
0 2.886 0.458 0.05600000000000005 0
0 1.792 0.498 0.052000000000000046 0
0 1.89825 0.47750000000000004 0 0.04099999999999998
0 1.9805000000000001 0.498 0.07899999999999996 0
0 2.515 0.498 0.1280000000000001 0
0 2.5090000000000003 0.538 0.14000000000000012 0
0 2.9455 0.538 0.137 0
0 1.111 0.578 0.08999999999999986 0
0 1.7974999999999999 0.578 0.07099999999999995 0
0 1.9765000000000001 0.578 0.04100000000000015 0
0 2.4755000000000003 0.578 0.07900000000000018 0
0 2.9675000000000002 0.578 0.15900000000000025 0
0 1.37575 0.6154999999999999 0 0.04500000000000004
0 1.9535 0.618 0.05500000000000016 0
0 2.1455 0.618 0.07499999999999973 0
0 2.513 0.618 0.14800000000000013 0
0 2.7565 0.618 0.054999999999999716 0
0 3.018 0.618 0.06199999999999983 0
0 0.4965 0.667 0 0.14
0 2.1705 0.658 0.2469999999999999 0
0 2.785 0.658 0.9199999999999999 0
0 0.41525 0.7110000000000001 0 0.08199999999999996
0 0.578375 0.6839999999999999 0 0.09799999999999998
0 2.7355 0.6970000000000001 0 0.16200000000000003
0 2.975875 0.6765 0 0.08899999999999997
0 0.45799999999999996 0.738 0.04799999999999999 0
0 1.843 0.738 0.06400000000000006 0
0 2.6155 0.77 0 0.124
0 2.85375 0.7295 0 0.04300000000000004
0 2.8971875 0.7585 0 0.10100000000000009
0 2.940125 0.745 0 0.07400000000000007
0 0.45799999999999996 0.778 0.04799999999999999 0
0 0.778875 0.785 0 0.04800000000000004
0 1.3010000000000002 0.778 0.09800000000000009 0
0 1.4969999999999999 0.778 0.09400000000000008 0
0 3.2245 0.778 0.040999999999999925 0
0 0.2585 0.818 0.052999999999999964 0
0 0.36950000000000005 0.818 0.061 0
0 0.45599999999999996 0.818 0.05199999999999999 0
0 0.7304999999999999 0.818 0.07500000000000007 0
0 0.8634999999999999 0.818 0.04500000000000004 0
0 1.0594999999999999 0.818 0.04100000000000015 0
0 1.1920000000000002 0.818 0.07800000000000007 0
0 1.733875 0.821 0 0.05999999999999994
0 2.0525 0.818 0.07900000000000018 0
0 2.1955 0.818 0.11299999999999999 0
0 0.3135 0.858 0.09499999999999997 0
0 0.595 0.858 0.09399999999999997 0
0 1.452875 0.923 0 0.13
0 2.3515 0.858 0.04499999999999993 0
0 2.4675 0.858 0.10899999999999999 0
0 3.0645 0.858 0.23100000000000032 0
0 0.3685 0.898 0.20499999999999996 0
0 0.5905 0.898 0.09299999999999997 0
0 1.25575 0.9275 0 0.08299999999999996
0 1.296375 0.937 0 0.10199999999999998
0 1.7465 0.898 0.04499999999999993 0
0 2.056125 1.025 0 0.2539999999999999
0 2.351 0.898 0.05999999999999961 0
0 2.551 0.898 0.040000000000000036 0
0 0.458 0.9139999999999999 0 0.04799999999999993
0 1.77525 0.9485 0 0.040999999999999925
0 1.9860000000000002 0.938 0.09000000000000008 0
0 2.38075 0.8835 0 0.10899999999999999
0 2.513 0.938 0.07200000000000006 0
0 3.1465 0.938 0.04499999999999993 0
0 1.733875 0.9815 0 0.05300000000000005
0 2.414 0.978 0.06400000000000006 0
0 2.572 0.978 0.08199999999999985 0
0 3.2 0.978 0.0900000000000003 0
0 1.6305 1.018 0.040999999999999925 0
0 1.7445 1.018 0.040999999999999925 0
0 2.159 1.018 0.08599999999999985 0
0 2.455 1.0185 0 0.06700000000000006
0 2.582 1.018 0.10199999999999987 0
0 0.775 1.124 0 0.1319999999999999
0 1.44975 1.08 0 0.04400000000000004
0 2.115 1.058 0.07400000000000029 0
0 2.431 1.058 0.052000000000000046 0
0 2.551 1.058 0.040000000000000036 0
0 0.4805 1.098 0.497 0
0 1.1844999999999999 1.098 0.06299999999999994 0
0 1.2995 1.098 0.09499999999999997 0
0 1.4954999999999998 1.098 0.09099999999999997 0
0 1.77625 1.116 0 0.06399999999999983
0 2.553 1.098 0.04400000000000004 0
0 0.2585 1.138 0.052999999999999964 0
0 1.1735 1.138 0.040999999999999925 0
0 1.2185 1.149 0 0.04600000000000004
0 1.2974999999999999 1.138 0.09099999999999997 0
0 1.4954999999999998 1.138 0.09099999999999997 0
0 2.319 1.138 0.07200000000000006 0
0 1.44975 1.156 0 0.04400000000000004
0 2.667 1.178 0.06000000000000005 0
0 1.1335 1.218 0.18900000000000006 0
0 2.00975 1.189 0 0.05800000000000005
0 2.154 1.218 0.09799999999999986 0
0 2.317 1.218 0.04400000000000004 0
0 2.5095 1.218 0.07899999999999974 0
0 3.221 1.218 0.04800000000000004 0
0 0.8805000000000001 1.258 0.05700000000000005 0
0 1.255875 1.295 0 0.09400000000000008
0 1.540125 1.2665 0 0.04499999999999993
0 2.0675 1.258 0.040999999999999925 0
0 2.4525 1.258 0.2469999999999999 0
0 1.236 1.298 0.09799999999999986 0
0 1.37575 1.297 0 0.052000000000000046
0 1.825 1.298 0.07200000000000006 0
0 2.1705 1.298 0.11699999999999999 0
0 2.3120000000000003 1.298 0.04200000000000026 0
0 2.5324999999999998 1.298 0.040999999999999925 0
0 1.1545 1.338 0.977 0
0 1.775 1.338 0.17800000000000016 0
0 2.032 1.338 0.17400000000000015 0
0 2.323 1.338 0.041999999999999815 0
0 2.5305 1.338 0.04499999999999993 0
0 2.7584999999999997 1.338 0.15100000000000025 0
0 2.9185 1.338 0.07500000000000018 0
0 0.26249999999999996 1.378 0.044999999999999984 0
0 0.504 1.378 0.06400000000000006 0
0 1.9770625 1.4375 0 0.24299999999999988
0 2.416 1.378 0.21999999999999975 0
0 3.1565000000000003 1.378 0.040999999999999925 0
0 0.818375 1.424 0 0.05600000000000005
0 1.01775 1.426 0 0.052000000000000046
0 1.057375 1.424 0 0.05600000000000005
0 1.25575 1.424 0 0.05600000000000005
0 1.493875 1.422 0 0.06000000000000005
0 2.4845 1.418 0.04499999999999993 0
0 3.1565000000000003 1.418 0.040999999999999925 0
0 1.30425 1.427 0 0.062000000000000055
0 1.754 1.458 0.08199999999999985 0
0 2.2815000000000003 1.458 0.040999999999999925 0
0 2.4979375 1.483 0 0.1359999999999999
0 3.175375 1.4545 0 0.17699999999999982
0 1.208 1.498 0.04800000000000004 0
0 1.66125 1.5285 0 0.06099999999999994
0 1.7 1.502 0 0.07399999999999984
0 2.30175 1.5265 0 0.05699999999999994
0 2.46375 1.5265 0 0.05699999999999994
0 0.46199999999999997 1.538 0.22399999999999998 0
0 0.871 1.538 0.23399999999999999 0
0 1.221 1.538 0.22799999999999998 0
0 1.37575 1.546 0 0.040000000000000036
0 1.5575 1.538 0.2230000000000001 0
0 2.1245 1.538 0.11699999999999999 0
0 2.3155 1.538 0.11699999999999999 0
0 2.54 1.538 0.2240000000000002 0
0 2.7845 1.573 0 0.09400000000000008
0 2.9125 1.538 0.08699999999999974 0
0 3.0915 1.538 0.08699999999999974 0
0 0.393 1.578 0.07800000000000001 0
0 0.515 1.578 0.040000000000000036 0
0 0.8345 1.578 0.041000000000000036 0
0 0.9259999999999999 1.578 0.039999999999999925 0
0 1.171 1.578 0.052000000000000046 0
0 1.2610000000000001 1.578 0.04799999999999982 0
0 1.5150000000000001 1.578 0.05400000000000005 0
0 1.5975000000000001 1.578 0.04299999999999993 0
0 3.135875 1.6965 0 0.34099999999999997
0 1.41175 1.6905000000000001 0 0.04100000000000015
0 2.926 1.698 0.1200000000000001 0
0 3.0815 1.698 0.10499999999999998 0
0 3.2095000000000002 1.738 0.07100000000000017 0
0 0.8160000000000001 1.778 0.07199999999999995 0
0 1.97475 1.8475000000000001 0 0.139
0 2.222 1.778 0.07599999999999962 0
0 2.9125 1.858 0.08699999999999974 0
0 3.09 1.858 0.08999999999999986 0
0 2.9035 1.8735 0 0.04899999999999993
0 3.09475 1.881 0 0.07200000000000006
0 0.256 1.1179999999999999 0 0.051999999999999824
0 0.296 1.1315 0 0.855
0 0.336 0.7565 0 0.1050000000000001
0 0.336 0.878 0 0.04400000000000004
0 0.336 1.1125 0 0.040999999999999925
0 0.376 0.6194999999999999 0 0.04500000000000004
0 0.376 0.7295 0 0.051000000000000045
0 0.376 1.1125 0 0.040999999999999925
0 0.376 1.55 0 0.04800000000000004
0 0.416 1.5675 0 0.08299999999999996
0 0.456 0.7455 0 0.08300000000000007
0 0.496 1.556 0 0.06000000000000005
0 0.536 0.6575 0 0.121
0 0.536 1.5554999999999999 0 0.05899999999999994
0 0.576 0.8835 0 0.05500000000000005
0 0.576 1.1145 0 0.04499999999999993
0 0.616 0.8935 0 0.07500000000000007
0 0.696 0.6194999999999999 0 0.04500000000000004
0 0.696 0.7695 0 0.131
0 0.696 0.9430000000000001 0 0.08999999999999997
0 0.696 1.1044999999999998 0 0.08699999999999997
0 0.696 1.2585000000000002 0 0.08299999999999996
0 0.696 1.419 0 0.07600000000000007
0 0.736 0.6194999999999999 0 0.04500000000000004
0 0.736 0.7735 0 0.139
0 0.736 1.1255 0 0.11299999999999999
0 0.736 1.533 0 0.052000000000000046
0 0.776 1.5405 0 0.04499999999999993
0 0.816 0.6975 0 0.05499999999999994
0 0.816 1.1155 0 0.07099999999999995
0 0.816 1.548 0 0.06000000000000005
0 0.856 0.661 0 0.136
0 0.856 1.5379999999999998 0 0.07000000000000006
0 0.896 0.6174999999999999 0 0.049000000000000044
0 0.896 1.5055 0 0.07499999999999996
0 0.936 0.7010000000000001 0 0.04799999999999993
0 0.936 1.552 0 0.052000000000000046
0 1.016 0.4525 0 0.044999999999999984
0 1.016 0.6174999999999999 0 0.049000000000000044
0 1.056 0.6174999999999999 0 0.049000000000000044
0 1.096 1.533 0 0.052000000000000046
0 1.136 1.194 0 0.04400000000000004
0 1.136 1.5575 0 0.06299999999999994
0 1.176 0.6174999999999999 0 0.049000000000000044
0 1.176 0.7030000000000001 0 0.051999999999999935
0 1.176 1.1165 0 0.11699999999999999
0 1.176 1.552 0 0.052000000000000046
0 1.216 0.46199999999999997 0 0.04199999999999998
0 1.216 0.6194999999999999 0 0.04500000000000004
0 1.216 0.9984999999999999 0 0.040999999999999925
0 1.216 1.508 0 0.10199999999999987
0 1.256 0.6975 0 0.040999999999999925
0 1.256 0.7905 0 0.04499999999999993
0 1.256 1.0815000000000001 0 0.04100000000000015
0 1.256 1.1545 0 0.04100000000000015
0 1.256 1.5455 0 0.06299999999999994
0 1.296 1.116 0 0.1100000000000001
0 1.296 1.3025 0 0.10899999999999999
0 1.296 1.5495 0 0.06299999999999994
0 1.336 0.7885 0 0.041000000000000036
0 1.336 0.911 0 0.05599999999999994
0 1.336 1.1084999999999998 0 0.09499999999999997
0 1.336 1.375 0 0.08599999999999985
0 1.336 1.531 0 0.05600000000000005
0 1.336 1.7115 0 0.06700000000000017
0 1.376 1.6985000000000001 0 0.15500000000000003
0 1.416 0.6174999999999999 0 0.049000000000000044
0 1.416 1.5034999999999998 0 0.07099999999999995
0 1.456 0.7885 0 0.041000000000000036
0 1.496 0.6575 0 0.129
0 1.496 1.538 0 0.04800000000000004
0 1.496 1.698 0 0.06400000000000006
0 1.536 0.7030000000000001 0 0.051999999999999935
0 1.536 0.7885 0 0.041000000000000036
0 1.536 0.911 0 0.05599999999999994
0 1.536 1.1065 0 0.09099999999999997
0 1.536 1.5455 0 0.06299999999999994
0 1.536 1.6905000000000001 0 0.04100000000000015
0 1.576 0.6154999999999999 0 0.04500000000000004
0 1.576 0.6975 0 0.05499999999999994
0 1.576 1.5379999999999998 0 0.062000000000000055
0 1.576 1.698 0 0.06400000000000006
0 1.616 0.45599999999999996 0 0.06
0 1.616 0.6935 0 0.04699999999999993
0 1.616 0.8365 0 0.09099999999999997
0 1.616 0.9984999999999999 0 0.08700000000000008
0 1.616 1.554 0 0.05600000000000005
0 1.656 1.698 0 0.06400000000000006
0 1.696 1.704 0 0.06000000000000005
0 1.736 1.6925 0 0.04500000000000015
0 1.776 0.5375 0 0.11699999999999999
0 1.776 0.859 0 0.052000000000000046
0 1.776 1.337 0 0.06400000000000006
0 1.816 0.5335 0 0.10899999999999999
0 1.816 1.316 0 0.052000000000000046
0 1.856 0.7244999999999999 0 0.041000000000000036
0 1.856 1.31 0 0.040000000000000036
0 1.936 1.1444999999999999 0 0.07499999999999996
0 1.976 1.2530000000000001 0 0.06399999999999983
0 2.016 0.48050000000000004 0 0.046999999999999986
0 2.096 0.4595 0 0.11299999999999999
0 2.096 1.0305 0 0.07500000000000007
0 2.136 0.6145 0 0.08700000000000008
0 2.176 0.6045 0 0.04500000000000004
0 2.216 0.4315 0 0.056999999999999995
0 2.216 1.2755 0 0.11699999999999999
0 2.216 1.7285 0 0.06299999999999994
0 2.256 1.225 0 0.06799999999999984
0 2.296 0.637 0 0.04200000000000004
0 2.296 1.1735 0 0.08700000000000019
0 2.336 1.0875 0 0.5849999999999999
0 2.416 0.9889999999999999 0 0.05999999999999994
0 2.456 0.5365 0 0.267
0 2.456 1.272 0 0.04800000000000004
0 2.496 0.509 0 0.21199999999999997
0 2.496 1.2245 0 0.05899999999999994
0 2.536 0.4905 0 0.17499999999999993
0 2.536 1.044 0 0.6719999999999999
0 2.576 0.7025 0 0.17300000000000004
0 2.576 0.867 0 0.07600000000000007
0 2.576 0.9784999999999999 0 0.06300000000000006
0 2.616 1.0035 0 0.1130000000000001
0 2.656 0.402 0 0.04999999999999999
0 2.696 0.7775000000000001 0 0.06300000000000006
0 2.776 0.6375 0 0.049000000000000044
0 2.776 0.7295 0 0.04300000000000004
0 2.776 1.7365 0 0.14700000000000002
0 2.816 1.019 0 0.05999999999999994
0 2.816 1.177 0 0.10200000000000009
0 2.856 1.015 0 0.051999999999999935
0 2.856 1.177 0 0.10200000000000009
0 2.856 1.521 0 0.04399999999999982
0 2.896 0.4655 0 0.125
0 2.936 0.4105 0 0.05299999999999999
0 2.936 0.5249999999999999 0 0.10599999999999998
0 2.936 1.177 0 0.10200000000000009
0 2.976 0.5529999999999999 0 0.07199999999999995
0 2.976 1.177 0 0.10200000000000009
0 3.016 0.637 0 0.04200000000000004
0 3.016 1.177 0 0.10200000000000009
0 3.016 1.881 0 0.07200000000000006
0 3.056 0.6355 0 0.04500000000000004
0 3.056 1.177 0 0.10200000000000009
0 3.096 1.177 0 0.10200000000000009
0 3.136 0.4445 0 0.08299999999999996
0 3.136 1.4375 0 0.121
0 3.176 0.9575 0 0.05899999999999994
0 3.176 1.177 0 0.10200000000000009
0 3.176 1.7115 0 0.17499999999999982
0 3.216 0.728 0 0.14
0 3.216 0.9635 0 0.07099999999999995
0 3.216 1.173 0 0.09400000000000008
0 3.216 1.6585 0 0.2649999999999999
1 2.957375 0.477 0.043904014622810975 0.05
1 2.245 0.438 0.04044749683231337 0.05
1 2.576 0.438 0.044721359549995794 0.05
1 2.3095 0.658 0.031 0.05
1 2.958 0.7145 0.038040274709838784 0.05
1 2.9759375 0.619 0.04300018168566268 0.05
1 2.59575 0.8305 0.03961376023555452 0.05
1 0.2755 0.838 0.04428317965096906 0.05
1 0.415 0.818 0.03 0.05
1 2.3935 0.858 0.039 0.05
1 2.5265 0.878 0.041 0.05
1 1.235875 0.9735 0.040756134507580574 0.05
1 1.7545625 0.962 0.04367940733343345 0.05
1 1.775625 0.901 0.043006540200299766 0.05
1 2.398375 0.9485 0.04103123809976979 0.05
1 3.162 0.958 0.04237924020083418 0.05
1 1.44975 1.118 0.032 0.05
1 1.234 1.098 0.036 0.05
1 1.992875 1.2195 0.03388307099422955 0.05
1 2.125 1.238 0.04346262762420146 0.05
1 2.334 1.238 0.04123105625617661 0.05
1 2.4335 1.278 0.04019950248448356 0.05
1 1.355875 1.3275 0.040756134507580574 0.05
1 2.087 1.318 0.040607881008493905 0.05
1 1.6645 1.338 0.043 0.05
1 2.4295 1.358 0.043863424398922615 0.05
1 1.97653125 1.39 0.031018202821085555 0.05
1 1.235875 1.4545 0.040063231272577104 0.05
1 1.300125 1.353 0.03986304679775493 0.05
1 3.155625 1.5345 0.043002906878489046 0.05
1 1.395875 1.517 0.042297310789221575 0.05
1 2.78025 1.6415 0.04383206588788623 0.05
1 1.217 1.578 0.04 0.05
1 1.559 1.578 0.034 0.05
1 3.1359375 1.622 0.028000279016466963 0.05
1 3.0075 1.698 0.043 0.05
1 0.916 1.5345 0.04346262762420146 0.05
1 1.156 1.137 0.04011234224026316 0.05
1 1.176 0.6595 0.035 0.05
1 1.536 0.7485 0.039 0.05
1 1.576 0.654 0.032 0.05
3 0.98525 0.73275 1.5065 0.7894999999999999
3 2.49175 0.73275 1.5065000000000002 0.7894999999999999
3 0.98525 1.52225 1.5065 0.7895000000000001
3 2.49175 1.52225 1.5065000000000002 0.7895000000000001