0 3.3505000000000003 0.352 0.379 0
0 2.271875 0.79 0 0.86
0 2.592625 0.38849999999999996 0 0.061
0 3.50825 0.569 0 0.354
0 1.7635 0.432 1.0409999999999997 0
0 2.55425 0.42000000000000004 0 0.04199999999999998
0 2.7205 0.432 0.12699999999999978 0
0 2.834 0.4215 0 0.044999999999999984
0 3.8715 0.432 0.42300000000000004 0
0 1.8175 0.472 0.18700000000000006 0
0 2.0744999999999996 0.472 0.10499999999999998 0
0 3.2275 0.472 0.18700000000000028 0
0 1.6905 0.512 0.125 0
0 1.873875 0.5195000000000001 0 0.07300000000000006
0 2.715875 0.522 0 0.040000000000000036
0 3.2715 0.47750000000000004 0 0.069
0 3.453 0.512 0.08800000000000008 0
0 4.0575 0.512 0.051000000000000156 0
0 1.7265 0.552 1.1069999999999998 0
0 2.75 0.552 0.07000000000000028 0
0 3.8609999999999998 0.552 0.3999999999999999 0
0 1.2305 0.592 0.11299999999999999 0
0 1.5365 0.592 0.040999999999999925 0
0 1.615 0.592 0.052000000000000046 0
0 1.709375 0.5545 0 0.11699999999999999
0 1.8765 0.592 0.2669999999999997 0
0 2.98 0.592 0.16999999999999993 0
0 3.43975 0.603 0 0.08999999999999997
0 3.83175 0.5935 0 0.07299999999999995
0 3.912 0.5795 0 0.04499999999999993
0 1.23225 0.63 0 0.20199999999999996
0 1.432 0.6375 0 0.049000000000000044
0 1.4738125 0.673 0 0.11199999999999999
0 1.553375 0.6499999999999999 0 0.118
0 1.885 0.632 0.11799999999999988 0
0 2.231 0.632 0.06000000000000005 0
0 3.239 0.632 0.1080000000000001 0
0 3.391 0.632 0.06200000000000028 0
0 3.791375 0.6459999999999999 0 0.10599999999999998
0 3.95225 0.601 0 0.20999999999999996
0 1.4540000000000002 0.672 0.04600000000000004 0
0 1.5514999999999999 0.672 0.04299999999999993 0
0 1.7115 0.694 0 0.04399999999999993
0 1.8325 0.648 0 0.050000000000000044
0 1.9060000000000001 0.672 0.06799999999999984 0
0 2.6479999999999997 0.672 0.262 0
0 2.935 0.672 0.10200000000000031 0
0 1.2585 0.712 0.16900000000000004 0
0 1.4104999999999999 0.712 0.05300000000000016 0
0 1.65 0.712 0.08399999999999985 0
0 2.2264999999999997 0.712 0.07900000000000018 0
0 2.973 0.712 0.26000000000000023 0
0 3.4338125 0.7255 0 0.09299999999999997
0 4.0535 0.712 0.05900000000000016 0
0 1.1965 0.752 0.04299999999999993 0
0 1.2345 0.7875 0 0.07099999999999995
0 2.19175 0.763 0 0.236
0 2.2545 0.752 0.06099999999999994 0
0 2.47175 0.7975 0 0.09099999999999997
0 2.676 0.752 0.20199999999999996 0
0 2.87675 0.7364999999999999 0 0.05500000000000005
0 3.0865 0.752 0.04900000000000038 0
0 3.4850000000000003 0.752 0.04400000000000004 0
0 3.99475 0.777 0 0.050000000000000044
0 1.2005 0.792 0.050999999999999934 0
0 2.2535 0.792 0.04499999999999993 0
0 2.437 0.792 0.040000000000000036 0
0 2.7615 0.792 0.042999999999999705 0
0 2.83246875 0.855 0 0.16799999999999993
0 2.872234375 0.869 0 0.15399999999999991
0 3.129 0.792 0.0940000000000003 0
0 3.350125 0.7925 0 0.050999999999999934
0 3.521 0.792 0.09200000000000008 0
0 1.7525 0.8534999999999999 0 0.04300000000000004
0 2.3525 0.832 0.17300000000000004 0
0 2.833 0.832 0.19199999999999973 0
0 3.1420000000000003 0.832 0.04599999999999982 0
0 3.8723125 0.9085 0 0.15300000000000002
0 1.72 0.872 0.06999999999999984 0
0 2.312 0.8939999999999999 0 0.13
0 2.3485 0.8505 0 0.04300000000000004
0 2.558 0.872 0.1419999999999999 0
0 2.794 0.872 0.1379999999999999 0
0 3.1304999999999996 0.872 0.09699999999999998 0
0 3.4695 0.872 0.129 0
0 1.234125 0.9470000000000001 0 0.06999999999999995
0 1.6124999999999998 0.912 0.07899999999999996 0
0 2.251 0.912 0.05600000000000005 0
0 2.55075 0.9045 0 0.06899999999999995
0 2.5911875 0.964 0 0.19799999999999995
0 2.832 0.912 0.07400000000000029 0
0 2.9945 0.912 0.04699999999999971 0
0 3.07325 0.9105 0 0.06699999999999995
0 3.914125 0.9145 0 0.04699999999999993
0 4.054 0.912 0.05799999999999983 0
0 1.2015 0.952 0.04899999999999993 0
0 1.5430000000000001 0.952 0.050000000000000044 0
0 2.18925 0.976 0 0.04800000000000004
0 2.239 0.952 0.04400000000000004 0
0 2.8175 0.952 0.399 0
0 3.193 0.952 0.11399999999999988 0
0 3.3175 0.952 0.04499999999999993 0
0 3.3970000000000002 0.952 0.052000000000000046 0
0 3.4814999999999996 0.952 0.05699999999999994 0
0 3.54725 0.9724999999999999 0 0.041000000000000036
0 3.6710000000000003 0.952 0.06199999999999983 0
0 4 0.952 0.05400000000000027 0
0 1.1975 0.992 0.040999999999999925 0
0 1.27025 1.089 0 0.278
0 2.1125 1.038 0 0.09200000000000008
0 2.6375 0.992 0.4410000000000003 0
0 2.99175 0.9675 0 0.049000000000000044
0 3.519 0.992 0.06599999999999984 0
0 3.879 0.992 0.07000000000000028 0
0 1.7525 1.0365 0 0.04700000000000015
0 1.87575 1.0390000000000001 0 0.04600000000000004
0 2.5220000000000002 1.032 0.21399999999999997 0
0 2.724 1.032 0.053999999999999826 0
0 2.8449999999999998 1.032 0.1259999999999999 0
0 2.95125 1.0745 0 0.08499999999999996
0 3.0885 1.032 0.07299999999999995 0
0 3.156 1.0605 0 0.05699999999999994
0 3.23225 1.0535 0 0.04500000000000015
0 1.927 1.072 0.05400000000000005 0
0 2.436 1.072 0.041999999999999815 0
0 2.518 1.072 0.052000000000000046 0
0 2.6355 1.072 0.12300000000000022 0
0 2.806 1.072 0.041999999999999815 0
0 2.87121875 1.097 0 0.10999999999999988
0 2.9375 1.072 0.09100000000000019 0
0 2.0795 1.1335000000000002 0 0.04299999999999993
0 2.487 1.112 0.14400000000000013 0
0 2.795 1.112 0.2400000000000002 0
0 3.0055 1.112 0.11899999999999977 0
0 3.1174999999999997 1.112 0.040999999999999925 0
0 1.8675 1.1885 0 0.07300000000000018
0 1.9144999999999999 1.152 0.050999999999999934 0
0 2.257 1.152 0.04800000000000004 0
0 2.4365 1.152 0.04300000000000015 0
0 2.5715000000000003 1.152 0.1469999999999998 0
0 2.6736875 1.1835 0 0.123
0 3.1116875 1.186 0 0.09000000000000008
0 1.2885 1.192 0.04700000000000015 0
0 1.8860000000000001 1.192 0.09000000000000008 0
0 2.2495000000000003 1.192 0.05500000000000016 0
0 2.5460000000000003 1.192 0.04400000000000004 0
0 2.7750000000000004 1.192 0.07799999999999985 0
0 2.87175 1.2095 0 0.04899999999999993
0 3.2755 1.192 0.040999999999999925 0
0 3.31725 1.2125 0 0.04100000000000015
0 3.39 1.2025000000000001 0 0.06299999999999994
0 1.2574999999999998 1.232 0.15500000000000003 0
0 1.9465 1.232 0.2670000000000001 0
0 2.109875 1.234 0 0.04999999999999982
0 2.1985 1.232 0.14100000000000001 0
0 2.7184999999999997 1.232 0.6069999999999998 0
0 3.2865 1.232 0.46899999999999986 0
0 3.8725 1.232 0.42100000000000026 0
0 2.59225 1.254 0 0.1339999999999999
0 2.9625000000000004 1.312 0.05500000000000016 0
0 2.2555 1.352 0.07899999999999974 0
0 3.0995 1.352 0.10899999999999999 0
0 3.02575 1.4135 0 0.04300000000000015
0 2.8145 1.432 0.08299999999999974 0
0 2.9705000000000004 1.432 0.129 0
0 3.1420000000000003 1.432 0.04599999999999982 0
0 1.192 0.8275 0 0.7889999999999999
0 1.232 1.236 0 0.05799999999999983
0 1.272 0.552 0 0.039999999999999925
0 1.272 0.6925 0 0.04299999999999993
0 1.312 0.648 0 0.24
0 1.312 1.2115 0 0.04700000000000015
0 1.352 1.2045 0 0.05300000000000016
0 1.432 0.5489999999999999 0 0.039999999999999925
0 1.432 0.965 0 0.040000000000000036
0 1.472 0.5565 0 0.05899999999999994
0 1.512 0.5735 0 0.08899999999999997
0 1.552 1.0795000000000001 0 0.31900000000000006
0 1.592 0.556 0 0.05599999999999994
0 1.592 0.923 0 0.07999999999999996
0 1.632 0.5545 0 0.08299999999999996
0 1.672 0.528 0 0.10799999999999998
0 1.752 0.5205 0 0.185
0 1.792 0.4555 0 0.05499999999999999
0 1.792 0.5740000000000001 0 0.09799999999999998
0 1.832 0.4635 0 0.07100000000000001
0 1.832 0.5609999999999999 0 0.06399999999999995
0 1.832 1.213 0 0.05800000000000005
0 1.872 0.6585 0 0.135
0 1.912 0.584 0 0.316
0 1.912 1.22 0 0.1459999999999999
0 1.952 0.4485 0 0.044999999999999984
0 1.952 0.7035 0 0.11099999999999999
0 1.952 1.087 0 0.06000000000000005
0 1.952 1.2065000000000001 0 0.08100000000000018
0 1.992 1.21 0 0.05800000000000005
0 2.072 0.571 0 0.08599999999999997
0 2.112 0.546 0 0.04799999999999993
0 2.112 0.685 0 0.05799999999999994
0 2.152 0.5489999999999999 0 0.04399999999999993
0 2.232 0.776 0 0.040000000000000036
0 2.232 1.1825 0 0.11300000000000021
0 2.432 0.6234999999999999 0 0.44699999999999995
0 2.432 1.0775000000000001 0 0.28700000000000003
0 2.472 1.08 0 0.29599999999999993
0 2.512 0.8494999999999999 0 0.07100000000000006
0 2.512 1.1125 0 0.2570000000000001
0 2.552 1.097 0 0.25
0 2.632 0.8445 0 0.061000000000000054
0 2.632 0.982 0 0.07200000000000006
0 2.632 1.084 0 0.06400000000000006
0 2.632 1.2035 0 0.04499999999999993
0 2.672 0.99 0 0.08599999999999997
0 2.712 0.9924999999999999 0 0.11299999999999988
0 2.752 0.644 0 0.04200000000000004
0 2.752 0.759 0 0.04400000000000004
0 2.752 0.834 0 0.040000000000000036
0 2.752 0.9524999999999999 0 0.1289999999999999
0 2.752 1.1560000000000001 0 0.1279999999999999
0 2.792 0.8109999999999999 0 0.07199999999999995
0 2.792 0.9215 0 0.05499999999999994
0 2.792 1.0215 0 0.08299999999999996
0 2.792 1.228 0 0.16999999999999993
0 2.792 1.3935 0 0.09299999999999997
0 2.832 1.0815 0 0.11699999999999999
0 2.832 1.2075 0 0.06899999999999995
0 2.872 1.421 0 0.040000000000000036
0 2.912 0.731 0 0.07000000000000006
0 2.912 1.0190000000000001 0 0.08600000000000008
0 2.912 1.1869999999999998 0 0.17599999999999993
0 2.992 0.6965 0 0.04899999999999993
0 2.992 1.1695000000000002 0 0.119
0 2.992 1.311 0 0.04600000000000004
0 3.032 1.2005 0 0.07099999999999995
0 3.072 1.1075 0 0.22899999999999998
0 3.112 0.7629999999999999 0 0.11599999999999999
0 3.112 1.03 0 0.17600000000000016
0 3.152 0.462 0 0.126
0 3.152 0.7755000000000001 0 0.20899999999999996
0 3.152 0.967 0 0.04400000000000004
0 3.152 1.312 0 0.23399999999999999
0 3.192 0.436 0 0.07399999999999995
0 3.192 0.6895 0 0.04299999999999993
0 3.192 0.8089999999999999 0 0.11599999999999999
0 3.192 1.177 0 0.08600000000000008
0 3.232 0.436 0 0.07399999999999995
0 3.232 1.204 0 0.05600000000000005
0 3.272 1.196 0 0.040000000000000036
0 3.312 0.42900000000000005 0 0.064
0 3.472 0.42600000000000005 0 0.05399999999999999
0 3.472 0.7895000000000001 0 0.041000000000000036
0 3.512 0.806 0 0.04999999999999993
0 3.512 1.0625 0 0.3450000000000001
0 3.672 0.6154999999999999 0 0.41899999999999993
0 3.672 1.0475 0 0.3790000000000001
0 3.832 0.9395 0 0.08299999999999996
0 3.992 0.9809999999999999 0 0.07599999999999996
0 4.032 0.9125 0 0.06299999999999994
0 4.032 1.016 0 0.06000000000000005
0 4.072 0.5860000000000001 0 0.07399999999999995
0 4.072 0.6855 0 0.040999999999999925
0 4.072 0.899 0 0.07600000000000007
0 4.072 1.1125 0 0.06899999999999995
1 2.5734375 0.409 0.04327401789757914 0.05
1 3.490125 0.7575 0.04293090378736511 0.05
1 1.8529375 0.492 0.044827621228434596 0.05
1 1.8729375 0.5735 0.03505018723202488 0.05
1 3.29175 0.4545 0.044319860108082476 0.05
1 1.573 0.592 0.032 0.05
1 3.43678125 0.6635 0.031563490083480944 0.05
1 1.432 0.5955 0.044 0.05
1 1.4305 0.692 0.04044749683231337 0.05
1 1.81225 0.599 0.0405 0.05
1 1.3635 0.712 0.041 0.05
1 2.854609375 0.7675 0.04483111755870581 0.05
1 2.271 0.812 0.04123105625617661 0.05
1 1.585 0.932 0.04031128874149274 0.05
1 2.531375 0.8765 0.041551925346486655 0.05
1 2.551375 0.9555 0.03302366575654496 0.05
1 2.61159375 0.9385 0.042019759116991615 0.05
1 2.61159375 1.0575 0.04226890294590102 0.05
1 3.092625 0.943 0.038801578576135275 0.05
1 4.028 0.932 0.04004996878900158 0.05
1 3.3555 0.952 0.031 0.05
1 3.438 0.952 0.03 0.05
1 1.251125 1.2175 0.04363556462336657 0.05
1 2.096 1.098 0.0432781700167648 0.05
1 2.7665 1.032 0.031 0.05
1 2.6625 1.052 0.04 0.05
1 2.9 1.052 0.04308131845707603 0.05
1 2.931625 1.108 0.04318058012579266 0.05
1 3.154 1.017 0.04318564576337837 0.05
1 2.4745 1.072 0.035 0.05
1 2.559 1.072 0.03 0.05
1 2.871484375 1.1685 0.033004275883020066 0.05
1 3.081 1.112 0.032 0.05
1 2.478 1.152 0.04 0.05
1 2.65284375 1.1485 0.042117070841287144 0.05
1 3.037 1.232 0.03 0.05
1 1.792 0.504 0.042 0.05
1 2.752 0.7975 0.033 0.05
1 2.752 0.871 0.034 0.05
1 2.792 0.9645 0.031 0.05
1 2.792 1.33 0.034 0.05
1 3.192 0.731 0.04 0.05
1 3.672 0.8415 0.033 0.05
1 4.072 0.644 0.042 0.05
3 1.9005 0.62425 1.455 0.5445
3 3.3555 0.62425 1.455 0.5445
3 1.9005 1.16875 1.455 0.5445000000000001
3 3.3555 1.16875 1.455 0.5445000000000001