0 0.139 0.164 0.126 0
0 0.2200625 0.1975 0 0.087
0 0.2845 0.164 0.04099999999999998 0
0 0.522 0.164 0.36599999999999994 0
0 0.825 0.164 0.128 0
0 0.10250000000000001 0.204 0.053000000000000005 0
0 0.142375 0.182 0 0.055999999999999994
0 0.17925 0.179 0 0.04999999999999999
0 0.30000000000000004 0.204 0.07600000000000001 0
0 0.4505 0.204 0.063 0
0 0.536125 0.2435 0 0.07899999999999999
0 0.6435 0.204 0.16100000000000003 0
0 0.82 0.183 0 0.055999999999999994
0 0.1393125 0.4145 0 0.34099999999999997
0 0.463 0.244 0.384 0
0 0.738375 0.2865 0 0.157
0 0.7799375 0.3045 0 0.121
0 0.8634999999999999 0.244 0.051000000000000045 0
0 0.299625 0.33899999999999997 0 0.11000000000000004
0 0.3389921875 0.3755 0 0.20899999999999996
0 0.45921875 0.322 0 0.13
0 0.4988125 0.345 0 0.14199999999999996
0 0.576875 0.29500000000000004 0 0.04199999999999998
0 0.61875 0.263 0 0.04199999999999998
0 0.669 0.284 0.041999999999999926 0
0 0.831 0.284 0.11599999999999999 0
0 0.539375 0.358 0 0.068
0 0.57975 0.364 0 0.08000000000000002
0 0.6995 0.309 0 0.05400000000000005
0 0.7995 0.324 0.04899999999999993 0
0 0.8565 0.33799999999999997 0 0.043999999999999984
0 0.156 0.364 0.04199999999999998 0
0 0.259 0.35850000000000004 0 0.063
0 0.739 0.364 0.062000000000000055 0
0 0.2985 0.4375 0 0.06699999999999995
0 0.45199999999999996 0.404 0.055999999999999994 0
0 0.5805 0.404 0.050999999999999934 0
0 0.4605 0.46950000000000003 0 0.065
0 0.497875 0.47750000000000004 0 0.056999999999999995
0 0.4193125 0.5529999999999999 0 0.10999999999999999
0 0.458875 0.5720000000000001 0 0.09599999999999997
0 0.4975 0.55 0 0.051999999999999935
0 0.620125 0.563 0 0.15600000000000003
0 0.216625 0.575 0 0.05799999999999994
0 0.78175 0.604 0 0.08000000000000007
0 0.2 0.604 0.05200000000000002 0
0 0.4225 0.604 0.07100000000000001 0
0 0.70225 0.6385000000000001 0 0.04700000000000004
0 0.81975 0.6585 0 0.08699999999999997
0 0.299 0.1625 0 0.07700000000000001
0 0.339 0.186 0 0.124
0 0.379 0.1535 0 0.059
0 0.419 0.1615 0 0.07500000000000001
0 0.459 0.193 0 0.07600000000000001
0 0.499 0.155 0 0.04799999999999999
0 0.579 0.2165 0 0.063
0 0.619 0.1665 0 0.07300000000000001
0 0.659 0.183 0 0.055999999999999994
0 0.659 0.31 0 0.08999999999999997
0 0.699 0.20600000000000002 0 0.10400000000000001
0 0.739 0.152 0 0.05399999999999999
0 0.739 0.4325 0 0.061
0 0.819 0.2845 0 0.061
1 0.322 0.164 0.034 0.05
1 0.4835 0.184 0.04001249804748511 0.05
1 0.14084375 0.227 0.03413764646618159 0.05
1 0.51746875 0.2785 0.03838258271990044 0.05
1 0.8195 0.2325 0.04301162633521314 0.05
1 0.6515 0.264 0.040607881008493905 0.05
1 0.7386875 0.245 0.029006734131921848 0.05
1 0.7386875 0.3835 0.037005278339717965 0.05
1 0.459109375 0.271 0.026000920206071556 0.05
1 0.47965625 0.4265 0.04369036113663974 0.05
1 0.83775 0.307 0.03751333096380539 0.05
1 0.27875 0.397 0.04190763653560053 0.05
1 0.43990625 0.5 0.041381277846992595 0.05
3 0.27925 0.26849999999999996 0.4065 0.289
3 0.68575 0.26849999999999996 0.40650000000000003 0.289
3 0.27925 0.5575 0.4065 0.289
3 0.68575 0.5575 0.40650000000000003 0.289