0 0.14250000000000002 0.25 0.04500000000000001 0
0 0.14700000000000002 0.33 0.04600000000000001 0
0 0.5725 0.37 0.07699999999999996 0
0 0.14450000000000002 0.45 0.04100000000000001 0
0 0.5665 0.45 0.06499999999999995 0
0 0.3365 0.49 0.42500000000000004 0
0 0.7889999999999999 0.49 0.07599999999999996 0
0 0.14450000000000002 0.53 0.04100000000000001 0
0 0.7889999999999999 0.53 0.07599999999999996 0
0 0.773875 0.5705 0 0.040999999999999925
0 1.3215 0.57 0.05700000000000016 0
0 0.14650000000000002 0.61 0.04500000000000001 0
0 0.5565 0.61 0.04499999999999993 0
0 0.6125 0.489 0 0.242
0 0.14450000000000002 0.65 0.04100000000000001 0
0 0.5700000000000001 0.65 0.08799999999999997 0
0 0.7949999999999999 0.65 0.07999999999999996 0
0 0.14650000000000002 0.69 0.04500000000000001 0
0 0.61125 0.69 0 0.08799999999999997
0 0.14650000000000002 0.73 0.04500000000000001 0
0 0.5780000000000001 0.73 0.08799999999999997 0
0 0.857 0.73 0.34399999999999986 0
0 1.2770000000000001 0.73 0.08399999999999985 0
0 0.14650000000000002 0.77 0.04500000000000001 0
0 0.8455 0.77 0.08899999999999997 0
0 0.93325 0.739 0 0.062000000000000055
0 0.14650000000000002 0.81 0.04500000000000001 0
0 0.5565 0.81 0.04499999999999993 0
0 0.8049999999999999 0.81 0.132 0
0 0.14650000000000002 0.85 0.04500000000000001 0
0 0.5680000000000001 0.85 0.06799999999999995 0
0 0.8414999999999999 0.85 0.049000000000000044 0
0 0.89775 0.9125 0 0.125
0 1.0195 0.85 0.06500000000000006 0
0 0.14650000000000002 0.89 0.04500000000000001 0
0 0.5720000000000001 0.89 0.07599999999999996 0
0 0.7275 0.89 0.06900000000000006 0
0 1.1065 0.89 0.06899999999999995 0
0 1.3235000000000001 0.89 0.05300000000000016 0
0 0.14650000000000002 0.93 0.04500000000000001 0
0 0.6575 0.93 0.04500000000000004 0
0 0.93525 0.95 0 0.039999999999999925
0 1.041 0.93 0.10799999999999998 0
0 0.14450000000000002 0.97 0.04100000000000001 0
0 0.605 0.97 0.134 0
0 0.9395 0.97 0.09099999999999997 0
0 1.062 0.97 0.08000000000000007 0
0 1.13175 1.0034999999999998 0 0.119
0 0.14650000000000002 1.01 0.04500000000000001 0
0 0.772 1.01 0.18199999999999994 0
0 0.14450000000000002 1.05 0.04100000000000001 0
0 0.7275 1.05 0.20899999999999996 0
0 0.9530000000000001 1.05 0.07199999999999995 0
0 1.2015 1.05 0.23499999999999988 0
0 0.14450000000000002 1.09 0.04100000000000001 0
0 0.5449999999999999 1.09 0.051999999999999935 0
0 0.629 1.09 0.050000000000000044 0
0 0.76975 1.0655000000000001 0 0.049000000000000155
0 1.298 1.09 0.04200000000000004 0
0 0.14450000000000002 1.13 0.04100000000000001 0
0 0.491 1.13 0.10800000000000004 0
0 1.2015 1.13 0.23499999999999988 0
0 0.4775 1.17 0.699 0
0 0.921 1.17 0.10799999999999998 0
0 1.1045 1.17 0.05699999999999994 0
0 1.3135 1.17 0.07300000000000018 0
0 0.13 0.7 0 0.98
0 0.53 1.1085 0 0.040999999999999925
0 0.57 0.6245 0 0.08100000000000007
0 0.61 0.905 0 0.04600000000000004
0 0.65 1.0755 0 0.061000000000000165
0 0.69 1.029 0 0.06799999999999995
0 0.69 1.154 0 0.07199999999999984
0 0.73 1.052 0 0.10000000000000009
0 0.77 0.47750000000000004 0 0.08100000000000002
0 0.77 0.731 0 0.04600000000000004
0 0.77 0.8125 0 0.04499999999999993
0 0.77 0.9804999999999999 0 0.040999999999999925
0 0.81 0.7655 0 0.131
0 0.85 0.76 0 0.10400000000000009
0 0.89 0.729 0 0.04200000000000004
0 0.97 1.041 0 0.04600000000000004
0 1.01 0.7324999999999999 0 0.049000000000000044
0 1.01 0.9305 0 0.07299999999999995
0 1.05 0.9055 0 0.10899999999999999
0 1.09 0.7595000000000001 0 0.10300000000000009
0 1.09 0.9319999999999999 0 0.07599999999999996
0 1.09 1.108 0 0.16399999999999992
0 1.13 0.8725 0 0.049000000000000044
0 1.29 1.1175 0 0.14500000000000002
1 0.3615 0.47 0.04272001872658766 0.05
1 0.7719375 0.514 0.03223376529355514 0.05
1 0.611875 0.628 0.036021694851852824 0.05
1 1.062 0.87 0.044721359549995794 0.05
1 0.6985 0.91 0.042059481689626185 0.05
1 0.9945 0.95 0.04004996878900158 0.05
1 0.6765 0.99 0.041 0.05
1 0.5875 1.09 0.033 0.05
1 0.769875 1.025 0.040000781242370755 0.05
1 0.847 1.17 0.04 0.05
1 0.67 1.0505 0.043863424398922615 0.05
1 0.67 1.112 0.0417612260356422 0.05
1 0.77 0.772 0.036 0.05
3 0.4275 0.45499999999999996 0.615 0.49
3 1.0425 0.45499999999999996 0.6150000000000001 0.49
3 0.4275 0.945 0.615 0.49
3 1.0425 0.945 0.6150000000000001 0.49