0 0.6465 0.47400000000000003 0 0.39
0 0.6015 0.479 0.14700000000000002 0
0 0.514 0.519 0.32200000000000006 0
0 0.10500000000000001 0.639 0.12000000000000001 0
0 0.36550000000000005 0.639 0.199 0
0 0.562125 0.629 0 0.04200000000000004
0 0.2585 0.679 0.427 0
0 0.632 0.679 0.08600000000000008 0
0 0.4035 0.704 0 0.07399999999999995
0 0.614 0.719 0.07600000000000007 0
0 0.6335 0.799 0.08300000000000007 0
0 0.60075 0.886 0 0.43799999999999994
0 0.20450000000000002 0.879 0.05500000000000002 0
0 0.29600000000000004 0.879 0.068 0
0 0.472 0.879 0.066 0
0 0.48750000000000004 1.119 0.065 0
0 0.36000000000000004 1.159 0.63 0
0 0.48 1.2655 0 0.052999999999999936
0 0.5385 1.279 0.131 0
0 0.16475 1.3915000000000002 0 0.21100000000000008
0 0.085 0.6415 0 0.07300000000000006
0 0.125 0.6435 0 0.07700000000000007
0 0.125 1.1520000000000001 0 0.07400000000000007
0 0.165 0.6415 0 0.07300000000000006
0 0.165 0.917 0 0.05799999999999994
0 0.285 0.6415 0 0.08100000000000007
0 0.325 0.6325000000000001 0 0.05900000000000005
0 0.365 0.47950000000000004 0 0.401
0 0.405 0.5265 0 0.04300000000000004
0 0.445 0.491 0 0.04799999999999999
0 0.445 0.6890000000000001 0 0.10399999999999998
0 0.485 0.8734999999999999 0 0.04500000000000004
0 0.525 1.272 0 0.040000000000000036
0 0.565 0.48050000000000004 0 0.069
0 0.565 1.1555 0 0.04899999999999993
0 0.565 1.2765 0 0.04499999999999993
0 0.605 0.48550000000000004 0 0.07900000000000001
0 0.605 1.1775 0 0.04700000000000015
0 0.645 0.7464999999999999 0 0.06900000000000006
1 0.64575 0.6905 0.04302615483633182 0.05
1 0.5814375 0.6585 0.042200599818012066 0.05
1 0.38425 0.51 0.04063557554655772 0.05
1 0.582875 1.118 0.04420477915339019 0.05
1 0.247 0.879 0.03 0.05
3 0.20249999999999999 0.5835 0.315 0.609
3 0.5175000000000001 0.5835 0.31500000000000006 0.609
3 0.20249999999999999 1.1925000000000001 0.315 0.6090000000000001
3 0.5175000000000001 1.1925000000000001 0.31500000000000006 0.6090000000000001