0 0.78 0.234 0.04200000000000004 0
0 0.873 0.274 0.10200000000000009 0
0 0.139 0.314 0.07799999999999999 0
0 0.267 0.306 0 0.040000000000000036
0 0.9279999999999999 0.314 0.07599999999999996 0
0 0.10350000000000001 0.354 0.07300000000000001 0
0 0.9804999999999999 0.354 0.05699999999999994 0
0 0.6275 0.674 0.06500000000000006 0
0 0.33899999999999997 0.794 0.09600000000000003 0
0 0.3 0.834 0.158 0
0 0.29600000000000004 0.874 0.066 0
0 0.70175 0.8534999999999999 0 0.041000000000000036
0 0.7635 0.914 0.10699999999999998 0
0 0.9504999999999999 0.914 0.11699999999999988 0
0 0.344 0.954 0.03999999999999998 0
0 0.273 0.901 0 0.18599999999999994
0 0.4325 1.063 0 0.07600000000000007
0 0.744 1.074 0.04600000000000004 0
0 0.107 0.35550000000000004 0 0.09300000000000003
0 0.147 0.3425 0 0.11300000000000004
0 0.187 0.33999999999999997 0 0.043999999999999984
0 0.227 0.5325 0 0.04700000000000004
0 0.267 0.601 0 0.04600000000000004
0 0.307 0.8405 0 0.11299999999999999
0 0.347 0.7829999999999999 0 0.122
0 0.347 0.9470000000000001 0 0.061999999999999944
0 0.427 0.8140000000000001 0 0.04399999999999993
0 0.627 0.6895 0 0.06499999999999995
0 0.627 1.0385 0 0.07500000000000018
0 0.747 1.0394999999999999 0 0.07700000000000018
0 0.827 0.2535 0 0.093
0 0.867 0.2575 0 0.05099999999999996
0 0.907 0.29100000000000004 0 0.068
0 0.947 0.307 0 0.050000000000000044
0 0.987 0.3295 0 0.05099999999999999
1 0.959 0.334 0.04237924020083418 0.05
1 0.327 0.9065 0.04428317965096906 0.05
3 0.3025 0.4305 0.47100000000000003 0.44700000000000006
3 0.7735 0.4305 0.47099999999999986 0.44700000000000006
3 0.3025 0.8775 0.47100000000000003 0.44699999999999995
3 0.7735 0.8775 0.47099999999999986 0.44699999999999995