0 0.10450000000000001 0.206 0.06300000000000001 0
0 0.38549999999999995 0.206 0.056999999999999995 0
0 0.323 0.246 0.566 0
0 0.099 0.286 0.118 0
0 0.391 0.286 0.10599999999999998 0
0 0.5405 0.286 0.131 0
0 0.04175 0.295 0 0.12999999999999998
0 0.243 0.326 0.05400000000000002 0
0 0.42700000000000005 0.326 0.043999999999999984 0
0 0.5665 0.326 0.07899999999999996 0
0 0.42600000000000005 0.366 0.043999999999999984 0
0 0.10200000000000001 0.406 0.11800000000000001 0
0 0.2475 0.406 0.05300000000000002 0
0 0.39049999999999996 0.406 0.08900000000000002 0
0 0.10350000000000001 0.446 0.12100000000000001 0
0 0.4255 0.446 0.16499999999999998 0
0 0.10600000000000001 0.486 0.11800000000000001 0
0 0.244 0.486 0.04000000000000001 0
0 0.45 0.486 0.09199999999999997 0
0 0.581 0.486 0.04999999999999993 0
0 0.10450000000000001 0.526 0.129 0
0 0.277 0.5495 0 0.10099999999999998
0 0.0715 0.566 0.063 0
0 0.5765 0.566 0.05899999999999994 0
0 0.071 0.606 0.06199999999999999 0
0 0.063 0.646 0.044000000000000004 0
0 0.235 0.646 0.12 0
0 0.149 0.686 0.218 0
0 0.1175 0.726 0.08900000000000001 0
0 0.23375 0.6839999999999999 0 0.08399999999999996
0 0.445 0.726 0.07999999999999996 0
0 0.5265 0.7515000000000001 0 0.051000000000000045
0 0.1185 0.766 0.08700000000000001 0
0 0.42500000000000004 0.766 0.21600000000000003 0
0 0.042125 0.815 0 0.06599999999999995
0 0.1335 0.806 0.12300000000000001 0
0 0.3195 0.806 0.17300000000000001 0
0 0.0785 0.846 0.07700000000000001 0
0 0.443 0.846 0.32599999999999996 0
0 0.11599999999999999 0.886 0.082 0
0 0.423 0.886 0.09599999999999997 0
0 0.5469999999999999 0.886 0.07399999999999995 0
0 0.323 0.926 0.566 0
0 0.08 0.5545 0 0.7769999999999999
0 0.12 0.23399999999999999 0 0.13199999999999998
0 0.12 0.438 0 0.17200000000000004
0 0.12 0.725 0 0.17599999999999993
0 0.12 0.8985 0 0.08899999999999997
0 0.16 0.268 0 0.07799999999999999
0 0.16 0.7915 0 0.30299999999999994
0 0.2 0.269 0 0.07999999999999999
0 0.2 0.6275 0 0.07500000000000007
0 0.24 0.2525 0 0.04500000000000001
0 0.28 0.2515 0 0.04300000000000001
0 0.28 0.33999999999999997 0 0.07
0 0.28 0.8685 0 0.1489999999999999
0 0.32 0.2505 0 0.04300000000000001
0 0.32 0.82 0 0.246
0 0.36 0.2405 0 0.11499999999999999
0 0.36 0.4195 0 0.04899999999999999
0 0.36 0.8235 0 0.11099999999999999
0 0.4 0.245 0 0.128
0 0.44 0.3645 0 0.257
0 0.44 0.8939999999999999 0 0.09799999999999998
0 0.48 0.26149999999999995 0 0.05299999999999999
0 0.48 0.5155 0 0.15299999999999997
0 0.48 0.8899999999999999 0 0.10599999999999998
0 0.52 0.8925 0 0.10099999999999998
0 0.56 0.25949999999999995 0 0.04899999999999999
0 0.56 0.5695 0 0.04499999999999993
0 0.56 0.8755 0 0.1349999999999999
0 0.6 0.259 0 0.04799999999999999
1 0.4595 0.286 0.031 0.05
1 0.216875 0.658 0.04084192086569876 0.05
1 0.214 0.806 0.038 0.05
1 0.4905 0.886 0.039 0.05
1 0.12 0.8335 0.041 0.05
1 0.28 0.289 0.032 0.05
3 0.1815 0.36025 0.28300000000000003 0.38849999999999996
3 0.4645 0.36025 0.283 0.38849999999999996
3 0.1815 0.74875 0.28300000000000003 0.38849999999999996
3 0.4645 0.74875 0.283 0.38849999999999996