0 0.84025 0.223 0 0.045999999999999985
0 0.48850000000000005 0.28 0.07100000000000001 0
0 0.8075 0.28 0.04299999999999993 0
0 0.9690000000000001 0.28 0.06599999999999995 0
0 0.48350000000000004 0.32 0.09700000000000003 0
0 0.879125 0.2925 0 0.11099999999999999
0 0.603 0.36 0.132 0
0 0.7755000000000001 0.36 0.06300000000000006 0
0 0.49250000000000005 0.4 0.07900000000000001 0
0 0.5604375 0.4395 0 0.08499999999999996
0 0.7565 0.4 0.06900000000000006 0
0 0.956875 0.43300000000000005 0 0.066
0 1.0016875 0.4545 0 0.15500000000000003
0 0.49450000000000005 0.44 0.08300000000000002 0
0 0.5045000000000001 0.48 0.07500000000000001 0
0 1.043875 0.47850000000000004 0 0.067
0 0.167 0.52 0.05399999999999999 0
0 0.48050000000000004 0.52 0.10700000000000004 0
0 0.999 0.52 0.12200000000000011 0
0 0.1945 0.704 0 0.546
0 0.17099999999999999 0.64 0.058000000000000024 0
0 0.7505 0.64 0.18899999999999995 0
0 0.9135 0.64 0.05899999999999994 0
0 0.5135000000000001 0.76 0.06900000000000006 0
0 0.62 0.76 0.050000000000000044 0
0 0.8125 0.76 0.18900000000000006 0
0 0.7601875 0.7985 0 0.09699999999999998
0 0.837875 0.7805 0 0.061000000000000054
0 0.91825 0.773 0 0.05400000000000005
0 0.7525 0.84 0.125 0
0 0.7095 0.88 0.04300000000000004 0
0 0.7655 0.96 0.15100000000000002 0
0 0.48150000000000004 1.08 0.14900000000000008 0
0 0.16499999999999998 1.12 0.04200000000000001 0
0 0.4575 1.12 0.08900000000000002 0
0 0.577 1.12 0.06399999999999995 0
0 0.16 0.5145 0 0.11899999999999994
0 0.2 1.0514999999999999 0 0.05899999999999994
0 0.44 0.3065 0 0.07100000000000001
0 0.44 0.48650000000000004 0 0.07100000000000001
0 0.44 1.081 0 0.04600000000000004
0 0.48 0.361 0 0.322
0 0.52 0.239 0 0.058000000000000024
0 0.52 0.4515 0 0.133
0 0.52 1.0835 0 0.05499999999999994
0 0.6 0.4525 0 0.04299999999999998
0 0.64 0.4535 0 0.044999999999999984
0 0.72 0.7635000000000001 0 0.05500000000000005
0 0.72 1.0245 0 0.06499999999999995
0 0.76 0.2365 0 0.04100000000000001
0 0.76 1.0074999999999998 0 0.09899999999999998
0 0.8 0.30200000000000005 0 0.20400000000000001
0 0.8 0.7715000000000001 0 0.04300000000000004
0 0.84 0.9854999999999999 0 0.05499999999999994
0 0.88 0.7464999999999999 0 0.05700000000000005
0 0.88 1.0065 0 0.10099999999999998
0 0.92 0.271 0 0.14200000000000002
0 0.92 1.0385 0 0.040999999999999925
0 1.12 0.9675 0 0.04300000000000004
1 0.8596875 0.2415 0.039903203192225054 0.05
1 0.5345 0.34 0.04031128874149274 0.05
1 0.8645 0.64 0.039 0.05
1 0.5505 1.1 0.041484937025383084 0.05
3 0.385 0.43000000000000005 0.49 0.46
3 0.875 0.43000000000000005 0.4900000000000001 0.46
3 0.385 0.8900000000000001 0.49 0.4600000000000001
3 0.875 0.8900000000000001 0.4900000000000001 0.4600000000000001