0 0.32999999999999996 0.26 0.05199999999999999 0
0 0.4175 0.26 0.056999999999999995 0
0 0.6859999999999999 0.26 0.06399999999999995 0
0 1.389 0.26 0.052000000000000046 0
0 0.2915 0.3 0.191 0
0 0.46499999999999997 0.3 0.05199999999999999 0
0 0.6074999999999999 0.3 0.16099999999999992 0
0 1.314 0.3 0.20999999999999996 0
0 0.25740625 0.36 0 0.126
0 0.6120000000000001 0.34 0.13 0
0 0.7735 0.34 0.10699999999999998 0
0 1.05575 0.39449999999999996 0 0.14899999999999997
0 1.2145 0.37 0 0.06
0 0.344 0.38 0.11000000000000004 0
0 0.419875 0.39 0 0.08000000000000002
0 1.072 0.38 0.04200000000000004 0
0 1.25575 0.39049999999999996 0 0.04899999999999999
0 0.6580625 0.4615 0 0.08300000000000002
0 0.2245 0.46 0.056999999999999995 0
0 1.37425 0.4655 0 0.061
0 0.3766875 0.5115000000000001 0 0.09900000000000003
0 0.4184375 0.5115000000000001 0 0.09900000000000003
0 0.6345 0.5 0.36099999999999993 0
0 1.1195 0.5 0.052999999999999936 0
0 0.5365 0.54 0.05699999999999994 0
0 0.33399999999999996 0.58 0.27599999999999997 0
0 0.6885 0.58 0.15300000000000002 0
0 0.50425 0.6735 0 0.10699999999999998
0 0.6905 0.62 0.17300000000000004 0
0 1.26 0.62 0.3340000000000001 0
0 0.398 0.66 0.40399999999999997 0
0 0.77525 0.6579999999999999 0 0.07599999999999996
0 1.055375 0.654 0 0.06000000000000005
0 1.340375 0.652 0 0.06400000000000006
0 0.376375 0.727 0 0.05400000000000005
0 0.6925 0.7 0.15300000000000002 0
0 1.137 0.7 0.08800000000000008 0
0 0.346 0.74 0.3 0
0 0.6905 0.74 0.14900000000000002 0
0 1.037 0.78 0.20999999999999985 0
0 1.316 0.78 0.22999999999999998 0
0 0.331 0.82 0.32999999999999996 0
0 0.97725 0.8045 0 0.06099999999999994
0 1.05575 0.8065 0 0.06499999999999995
0 1.260125 0.904 0 0.252
0 0.2225 0.86 0.05299999999999999 0
0 0.3383125 0.887 0 0.08000000000000007
0 0.7869999999999999 0.86 0.07199999999999995 0
0 1.366 0.86 0.1140000000000001 0
0 0.2225 0.9 0.05299999999999999 0
0 1.3386875 0.9239999999999999 0 0.17600000000000005
0 0.2225 0.94 0.05299999999999999 0
0 1.1755 0.94 0.16500000000000004 0
0 1.366 0.94 0.1140000000000001 0
0 0.2225 0.98 0.05299999999999999 0
0 0.901 0.98 0.04600000000000004 0
0 1.071 0.98 0.10999999999999988 0
0 1.2965 0.98 0.2370000000000001 0
0 0.253 1.02 0.11399999999999999 0
0 0.9545 1.02 1.0010000000000001 0
0 0.8565 1.06 0.07300000000000006 0
0 0.47850000000000004 1.1 0.565 0
0 1.418625 1.1855 0 0.129
0 1.0755 1.18 0.08100000000000018 0
0 1.266 1.18 0.07600000000000007 0
0 1.0405 1.22 0.19499999999999995 0
0 0.217 0.38649999999999995 0 0.07300000000000001
0 0.217 0.5405 0 0.041000000000000036
0 0.217 0.6910000000000001 0 0.07199999999999995
0 0.217 0.899 0 0.04200000000000004
0 0.257 0.5405 0 0.041000000000000036
0 0.257 0.6910000000000001 0 0.07199999999999995
0 0.257 0.843 0 0.15400000000000003
0 0.297 0.40049999999999997 0 0.05299999999999999
0 0.297 0.5405 0 0.041000000000000036
0 0.297 0.735 0 0.04600000000000004
0 0.297 0.899 0 0.04200000000000004
0 0.337 0.3175 0 0.16500000000000004
0 0.337 0.5805 0 0.06699999999999995
0 0.337 0.7335 0 0.049000000000000044
0 0.377 0.3715 0 0.10299999999999998
0 0.417 0.2425 0 0.04500000000000001
0 0.417 0.7085 0 0.10699999999999998
0 0.417 0.897 0 0.09999999999999998
0 0.417 1.018 0 0.06400000000000006
0 0.457 0.7 0 0.7000000000000001
0 0.497 0.2885 0 0.13699999999999998
0 0.537 0.46699999999999997 0 0.22599999999999998
0 0.577 0.32699999999999996 0 0.068
0 0.617 0.317 0 0.04800000000000004
0 0.617 0.4615 0 0.044999999999999984
0 0.617 0.5985 0 0.049000000000000044
0 0.617 0.723 0 0.06800000000000006
0 0.617 1.018 0 0.06400000000000006
0 0.657 0.2905 0 0.141
0 0.657 0.583 0 0.05599999999999994
0 0.657 0.723 0 0.06800000000000006
0 0.657 1.008 0 0.052000000000000046
0 0.697 0.275 0 0.11000000000000001
0 0.697 1.018 0 0.06400000000000006
0 0.777 0.785 0 0.04600000000000004
0 0.777 0.9984999999999999 0 0.06300000000000006
0 0.817 0.8875 0 0.08900000000000008
0 0.857 1.039 0 0.04400000000000004
0 0.897 1.0394999999999999 0 0.04500000000000015
0 0.937 0.40900000000000003 0 0.04799999999999999
0 0.937 0.8085 0 0.06899999999999995
0 0.937 0.9505 0 0.052999999999999936
0 1.017 0.8005 0 0.052999999999999936
0 1.017 0.903 0 0.04200000000000004
0 1.017 0.9984999999999999 0 0.06300000000000006
0 1.057 1.2085 0 0.08299999999999996
0 1.097 0.625 0 0.81
0 1.097 1.2105000000000001 0 0.07899999999999996
0 1.137 0.8 0 0.07599999999999996
0 1.137 1.012 0 0.07600000000000007
0 1.177 0.6950000000000001 0 0.041999999999999926
0 1.177 0.8125 0 0.123
0 1.177 1.018 0 0.05600000000000005
0 1.217 0.646 0 0.052000000000000046
0 1.217 0.8160000000000001 0 0.07599999999999996
0 1.217 1 0 0.06000000000000005
0 1.297 0.479 0 0.064
0 1.297 0.604 0 0.06800000000000006
0 1.297 0.708 0 0.05999999999999994
0 1.297 0.9964999999999999 0 0.09100000000000008
0 1.377 0.891 0 0.242
0 1.417 0.658 0 0.8760000000000001
1 0.3725 0.26 0.033 0.05
1 0.321 0.28 0.04004996878900158 0.05
1 0.4425 0.28 0.040607881008493905 0.05
1 0.509 0.3 0.036 0.05
1 0.6985 0.34 0.043 0.05
1 0.41915625 0.446 0.0320322713251808 0.05
1 0.35684375 0.554 0.042084411083559196 0.05
1 0.4865 0.64 0.04019950248448356 0.05
1 0.608 0.68 0.04308131845707603 0.05
1 1.3186875 0.681 0.043788019194752344 0.05
1 1.4178125 0.735 0.025052756834328633 0.05
1 0.257 0.7465 0.039 0.05
1 0.277 0.816 0.040792156108742275 0.05
1 0.417 0.9665 0.039 0.05
1 0.517 0.3555 0.04011234224026316 0.05
1 0.557 0.4365 0.040607881008493905 0.05
1 1.017 0.9455 0.043 0.05
1 1.177 0.7335 0.035 0.05
1 1.197 0.668 0.04004996878900158 0.05
3 0.48825 0.4775 0.6445 0.515
3 1.1327500000000001 0.4775 0.6445000000000001 0.515
3 0.48825 0.9924999999999999 0.6445 0.515
3 1.1327500000000001 0.9924999999999999 0.6445000000000001 0.515